*---------------------------------------------------------------------------*
* Station name: Potsdam Saekularstation
* Year: 2011
* Author: Pedro Alencar                                   -999.000: NIL VALUE
* Source: DWD
* Comments: Gaps filled with interpolation and storical means
* Longitude: 13.0622, latitude: 52.3812, altitude: 82.0 m.
*
    * Column  Daily value
    * 1       station number
    * 2       year
    * 3       day
    * 4       irradiation                   (kJ m-2 d-1)
    * 5       minimum temperature           (degrees Celsius
    * 6       maximum temperature           (degrees Celsius)
    * 7       early morning vapour pressure (kPa)
    * 8       mean wind speed (height: 2 m) (m s-1)
    * 9       precipitation                 (mm d-1)
    *
** WCCDESCRIPTION=Potsdam, Germany
** WCCFORMAT=2
** WCCYEARNR=2011
*---------------------------------------------------------------------------*
   13.0622 52.3812 82.0 -0.18 -0.55
3987 2011 1 1350.00 0.70 3.20 0.60 7.80 0.10
3987 2011 2 1470.00 -2.80 1.30 0.52 5.00 0.00
3987 2011 3 1670.00 -4.60 -0.40 0.47 3.50 0.90
3987 2011 4 1810.00 -6.50 -0.20 0.47 3.40 0.00
3987 2011 5 3880.00 -9.20 -3.20 0.31 4.70 0.00
3987 2011 6 1050.00 -7.20 3.80 0.55 6.00 5.70
3987 2011 7 1800.00 2.20 6.40 0.73 4.70 1.00
3987 2011 8 2380.00 3.80 8.40 0.87 5.50 0.10
3987 2011 9 700.00 1.00 7.90 0.78 5.10 1.20
3987 2011 10 4270.00 -3.00 4.40 0.55 3.80 0.00
3987 2011 11 1240.00 -4.00 3.00 0.57 4.10 0.60
3987 2011 12 2790.00 2.50 4.50 0.64 5.60 3.90
3987 2011 13 830.00 2.70 8.80 0.85 3.50 7.20
3987 2011 14 630.00 8.40 10.00 1.13 5.70 5.70
3987 2011 15 2790.00 6.60 9.20 0.93 5.80 1.00
3987 2011 16 2360.00 4.70 9.80 0.86 4.80 0.00
3987 2011 17 4770.00 1.60 9.40 0.74 3.80 0.00
3987 2011 18 1030.00 2.60 6.90 0.76 3.40 1.60
3987 2011 19 2210.00 1.20 4.70 0.69 3.00 0.70
3987 2011 20 970.00 -1.00 1.70 0.57 2.90 0.00
3987 2011 21 590.00 -1.20 -0.60 0.50 3.40 0.20
3987 2011 22 4920.00 -3.90 1.50 0.48 3.00 0.00
3987 2011 23 900.00 -0.20 1.00 0.58 3.30 2.10
3987 2011 24 1460.00 -0.40 2.50 0.62 2.90 0.90
3987 2011 25 1520.00 0.40 3.70 0.66 5.10 2.40
3987 2011 26 810.00 -2.10 1.30 0.59 3.60 1.00
3987 2011 27 2410.00 -3.60 -0.10 0.44 3.00 0.00
3987 2011 28 4280.00 -4.90 1.40 0.43 3.30 0.00
3987 2011 29 6310.00 -6.50 1.20 0.41 2.90 0.00
3987 2011 30 2420.00 -6.30 -0.70 0.44 1.80 0.10
3987 2011 31 1430.00 -8.20 -4.50 0.36 1.90 0.00
3987 2011 32 1430.00 -6.90 -3.80 0.39 3.00 0.30
3987 2011 33 1845.12 -3.80 0.70 0.55 4.80 0.00
3987 2011 34 1030.00 -1.10 3.40 0.61 5.40 0.60
3987 2011 35 1740.00 0.00 8.40 0.70 8.10 1.30
3987 2011 36 920.00 7.90 10.20 0.93 10.00 7.90
3987 2011 37 990.00 7.70 10.00 0.99 8.10 1.40
3987 2011 38 3690.00 5.20 8.50 0.72 6.70 0.00
3987 2011 39 6250.00 1.00 8.30 0.60 7.70 0.00
3987 2011 40 5830.00 -1.30 3.50 0.56 3.40 0.00
3987 2011 41 4070.00 -2.00 6.00 0.60 4.40 4.40
3987 2011 42 3170.00 0.20 6.10 0.74 5.40 2.50
3987 2011 43 7450.00 -2.40 1.50 0.37 3.40 0.00
3987 2011 44 1550.00 -1.20 0.60 0.41 5.10 0.00
3987 2011 45 4420.00 -1.80 0.80 0.34 6.30 0.00
3987 2011 46 5630.00 -3.70 1.50 0.31 6.10 0.00
3987 2011 47 4760.00 -2.50 3.20 0.36 4.80 0.00
3987 2011 48 2010.00 -3.00 -0.50 0.39 4.30 0.00
3987 2011 49 1730.00 -2.70 -1.10 0.40 2.40 0.00
3987 2011 50 2560.00 -3.60 -2.10 0.36 3.50 0.00
3987 2011 51 8260.00 -8.10 -1.90 0.28 4.20 0.00
3987 2011 52 8390.00 -10.00 -3.30 0.25 4.30 0.00
3987 2011 53 10120.00 -12.30 -3.40 0.21 3.60 0.00
3987 2011 54 10250.00 -13.50 -4.40 0.20 2.90 0.00
3987 2011 55 7670.00 -11.10 1.10 0.22 4.70 0.00
3987 2011 56 10410.00 -10.80 2.10 0.25 4.40 0.00
3987 2011 57 11150.00 -9.40 5.80 0.32 5.20 0.00
3987 2011 58 8210.00 -5.60 5.20 0.42 4.50 0.00
3987 2011 59 11130.00 -1.70 10.30 0.55 3.60 0.00
3987 2011 60 11540.00 -3.90 7.20 0.42 4.00 0.00
3987 2011 61 11760.00 -4.90 7.30 0.35 4.10 0.00
3987 2011 62 12080.00 -4.40 7.70 0.29 3.80 0.00
3987 2011 63 12030.00 -5.90 6.50 0.38 2.50 0.00
3987 2011 64 3520.00 -3.80 4.60 0.51 4.60 0.00
3987 2011 65 13450.00 -4.30 6.90 0.35 3.70 0.00
3987 2011 66 13700.00 -5.90 5.50 0.30 2.90 0.00
3987 2011 67 14010.00 -6.00 9.90 0.24 4.30 0.00
3987 2011 68 9670.00 -0.20 14.20 0.57 6.30 0.00
3987 2011 69 8820.00 2.70 11.50 0.64 5.90 0.80
3987 2011 70 7320.00 2.20 10.40 0.67 6.20 0.00
3987 2011 71 11250.00 1.40 13.20 0.67 4.00 0.00
3987 2011 72 10730.00 2.50 16.80 0.72 3.00 1.00
3987 2011 73 4060.00 6.90 11.00 1.03 1.80 1.70
3987 2011 74 6480.00 5.50 12.10 0.93 4.70 0.00
3987 2011 75 2440.00 2.80 6.60 0.72 7.10 1.40
3987 2011 76 1290.00 3.00 5.40 0.77 5.00 10.60
3987 2011 77 1720.00 1.60 4.50 0.72 5.00 0.00
3987 2011 78 15620.00 2.20 9.80 0.59 4.00 0.00
3987 2011 79 10440.00 -0.70 7.20 0.62 2.80 0.00
3987 2011 80 16080.00 0.30 12.80 0.56 3.60 0.00
3987 2011 81 15720.00 2.70 15.30 0.72 4.40 0.00
3987 2011 82 16030.00 3.30 13.20 0.68 4.20 0.00
3987 2011 83 15230.00 1.80 16.70 0.73 5.70 0.00
3987 2011 84 3950.00 5.00 10.60 0.75 5.10 0.20
3987 2011 85 11130.00 -0.80 8.80 0.57 4.20 0.80
3987 2011 86 11240.00 -1.80 8.70 0.51 2.60 0.00
3987 2011 87 15900.00 -1.80 11.40 0.50 4.90 0.00
3987 2011 88 18960.00 -1.60 14.60 0.54 3.30 0.00
3987 2011 89 16040.00 1.80 16.90 0.64 2.30 0.10
3987 2011 90 7320.00 7.20 15.80 1.00 5.00 0.80
3987 2011 91 13430.00 10.30 18.70 1.06 5.90 0.00
3987 2011 92 14100.00 11.10 21.90 1.22 3.20 0.00
3987 2011 93 16170.00 8.90 24.70 1.21 3.70 6.80
3987 2011 94 9320.00 7.50 15.40 1.06 4.10 5.40
3987 2011 95 14290.00 4.70 15.10 0.86 4.40 0.00
3987 2011 96 4320.00 10.00 14.50 1.12 5.30 0.00
3987 2011 97 11100.00 6.30 21.20 1.07 8.40 0.10
3987 2011 98 10250.00 5.00 16.20 0.78 9.60 0.00
3987 2011 99 20190.00 4.90 15.30 0.63 6.10 0.00
3987 2011 100 20580.00 2.70 18.70 0.65 3.70 0.00
3987 2011 101 15850.00 7.90 21.20 0.79 3.80 0.00
3987 2011 102 9430.00 5.50 12.50 0.78 8.30 2.00
3987 2011 103 2820.00 4.60 6.30 0.81 7.60 9.90
3987 2011 104 5150.00 5.10 9.60 0.88 3.30 0.40
3987 2011 105 11750.00 5.00 14.30 0.82 2.30 0.00
3987 2011 106 19550.00 3.70 17.20 0.65 2.30 0.00
3987 2011 107 15240.00 8.90 18.00 0.73 2.70 0.00
3987 2011 108 19510.00 5.90 20.30 0.85 1.80 0.00
3987 2011 109 21780.00 7.80 21.90 0.88 3.50 0.00
3987 2011 110 21840.00 7.20 22.50 0.77 3.50 0.00
3987 2011 111 22360.00 9.20 23.60 0.68 3.60 0.00
3987 2011 112 22320.00 9.60 24.90 0.79 4.30 0.00
3987 2011 113 22220.00 11.30 24.50 0.78 5.20 0.00
3987 2011 114 23420.00 8.80 22.60 0.79 4.20 0.00
3987 2011 115 13030.00 7.10 19.10 0.94 3.10 0.00
3987 2011 116 13900.00 7.40 21.20 1.16 2.70 12.10
3987 2011 117 14330.00 10.60 19.70 1.34 2.20 0.30
3987 2011 118 14740.00 10.90 23.70 1.07 3.70 0.00
3987 2011 119 20210.00 10.60 24.10 0.98 5.00 0.90
3987 2011 120 25580.00 7.10 19.70 0.70 5.60 0.00
3987 2011 121 26230.00 5.00 16.80 0.64 4.40 0.00
3987 2011 122 9730.00 4.00 11.50 0.69 4.40 0.00
3987 2011 123 23270.00 2.60 12.90 0.50 3.60 0.00
3987 2011 124 18090.00 2.60 13.60 0.58 3.90 0.00
3987 2011 125 26210.00 0.80 16.10 0.52 2.30 0.00
3987 2011 126 26060.00 2.80 21.60 0.64 3.50 0.00
3987 2011 127 26140.00 7.30 23.70 0.71 4.50 0.00
3987 2011 128 26070.00 7.30 23.30 0.88 4.70 0.00
3987 2011 129 27110.00 8.40 25.20 0.86 4.20 0.00
3987 2011 130 25960.00 10.10 27.80 0.86 3.50 0.00
3987 2011 131 18360.00 12.60 27.60 1.23 2.60 4.70
3987 2011 132 14870.00 10.10 22.80 1.34 2.60 3.00
3987 2011 133 18910.00 7.90 19.00 1.03 4.70 0.00
3987 2011 134 14520.00 9.80 21.50 1.02 3.60 0.40
3987 2011 135 19230.00 7.30 16.60 0.95 4.50 0.00
3987 2011 136 9450.00 7.00 14.90 1.11 5.20 1.40
3987 2011 137 9570.00 11.30 17.70 1.33 5.60 0.20
3987 2011 138 22410.00 9.70 24.20 1.16 3.10 0.00
3987 2011 139 18440.00 12.60 26.50 1.32 2.60 0.20
3987 2011 140 19760.00 12.60 25.40 1.50 2.10 0.90
3987 2011 141 24200.00 12.50 24.40 1.28 2.50 0.00
3987 2011 142 20610.00 12.10 28.70 1.32 4.90 1.20
3987 2011 143 26370.00 10.20 22.30 1.04 4.20 0.00
3987 2011 144 24074.19 9.30 23.40 0.97 5.40 0.00
3987 2011 145 25590.00 6.20 20.40 0.76 4.20 0.00
3987 2011 146 25430.00 7.80 28.10 0.95 5.00 0.00
3987 2011 147 20090.00 10.90 20.70 1.01 5.20 0.00
3987 2011 148 22660.00 8.60 20.00 0.91 4.00 0.10
3987 2011 149 20140.00 11.80 22.90 1.11 4.00 0.00
3987 2011 150 28660.00 14.10 31.20 1.15 4.10 0.00
3987 2011 151 20030.00 13.40 33.20 1.53 3.80 5.40
3987 2011 152 13610.00 10.20 19.70 1.10 4.80 0.00
3987 2011 153 30000.00 8.50 24.20 0.91 3.50 0.00
3987 2011 154 29580.00 10.90 27.50 1.26 3.40 0.00
3987 2011 155 29150.00 12.80 30.40 1.31 3.00 0.00
3987 2011 156 26860.00 17.70 33.30 1.51 4.30 0.00
3987 2011 157 19630.00 17.80 31.10 1.82 3.20 3.50
3987 2011 158 19140.00 16.20 26.00 1.87 2.80 1.40
3987 2011 159 13220.00 13.60 25.70 1.85 5.00 10.20
3987 2011 160 25510.00 12.60 21.40 1.12 5.70 0.00
3987 2011 161 25210.00 10.90 22.30 1.07 2.80 0.00
3987 2011 162 16580.00 12.60 24.60 1.24 2.90 6.60
3987 2011 163 23170.00 11.20 23.10 1.14 2.00 0.00
3987 2011 164 21250.00 12.90 25.80 1.21 4.00 0.00
3987 2011 165 16270.00 14.50 23.40 1.54 3.50 1.40
3987 2011 166 23350.00 13.70 24.30 1.34 1.90 0.10
3987 2011 167 18840.00 15.70 28.40 1.47 3.50 0.30
3987 2011 168 28300.00 13.50 23.50 1.08 5.30 0.80
3987 2011 169 15030.00 11.60 22.80 1.41 4.90 1.60
3987 2011 170 16340.00 10.90 19.20 1.21 6.90 5.30
3987 2011 171 17790.00 11.60 20.50 1.26 5.50 1.30
3987 2011 172 17980.00 9.70 23.60 1.47 3.10 0.10
3987 2011 173 19520.00 13.40 27.10 1.66 4.20 8.90
3987 2011 174 21480.00 12.20 23.20 1.39 5.10 0.50
3987 2011 175 19480.00 11.00 18.80 1.29 5.10 4.90
3987 2011 176 20290.00 10.00 19.10 1.14 5.00 0.10
3987 2011 177 14110.00 12.40 23.10 1.54 2.30 0.00
3987 2011 178 29050.00 12.90 28.00 1.47 2.70 0.00
3987 2011 179 30190.00 14.20 28.70 1.18 3.80 0.00
3987 2011 180 30150.00 15.00 30.90 1.19 3.20 0.00
3987 2011 181 3910.00 11.40 19.30 1.51 6.00 0.50
3987 2011 182 21710.00 9.60 20.60 1.09 5.10 0.00
3987 2011 183 4180.00 11.10 12.90 1.26 7.70 20.30
3987 2011 184 3590.00 12.90 16.60 1.68 6.80 2.10
3987 2011 185 3700.00 14.30 16.40 1.72 4.90 18.30
3987 2011 186 24100.00 15.20 25.10 1.60 1.90 0.00
3987 2011 187 27700.00 14.30 28.80 1.60 3.00 4.60
3987 2011 188 21280.00 15.80 27.40 1.76 2.90 2.20
3987 2011 189 17610.00 16.20 24.80 1.64 3.70 0.00
3987 2011 190 20750.00 14.90 29.60 1.59 3.90 0.00
3987 2011 191 26420.00 16.60 26.30 1.58 3.20 13.50
3987 2011 192 18610.00 13.80 23.20 1.62 2.50 0.30
3987 2011 193 26230.00 14.70 27.80 1.49 2.20 0.10
3987 2011 194 13430.00 17.00 26.00 1.86 4.10 7.50
3987 2011 195 14340.00 14.30 21.40 1.48 5.60 0.00
3987 2011 196 6030.00 12.70 17.10 1.30 6.40 0.00
3987 2011 197 25840.00 10.70 25.30 1.20 3.60 0.00
3987 2011 198 12390.00 14.10 25.40 1.56 5.00 14.30
3987 2011 199 24330.00 12.30 23.30 1.41 4.90 0.00
3987 2011 200 24660.00 11.50 24.60 1.27 3.10 0.00
3987 2011 201 12110.00 16.00 22.60 1.47 4.90 0.00
3987 2011 202 5400.00 14.80 19.00 1.55 5.90 17.90
3987 2011 203 4780.00 12.10 14.80 1.42 8.90 9.60
3987 2011 204 14610.00 11.70 18.80 1.20 6.70 0.00
3987 2011 205 16300.00 9.80 18.20 1.11 5.60 0.00
3987 2011 206 9630.00 10.30 18.00 1.32 3.00 0.00
3987 2011 207 21150.00 13.20 24.10 1.35 1.80 0.00
3987 2011 208 22770.00 14.20 25.40 1.51 2.70 0.00
3987 2011 209 11690.00 14.40 22.00 1.62 2.90 2.60
3987 2011 210 2560.00 13.30 16.50 1.56 5.60 57.30
3987 2011 211 2710.00 13.00 17.10 1.69 7.30 21.20
3987 2011 212 4460.00 13.80 16.50 1.69 4.80 1.10
3987 2011 213 10520.00 15.30 22.20 1.90 3.20 0.20
3987 2011 214 25640.00 13.60 26.00 1.59 2.30 0.00
3987 2011 215 22580.00 14.30 27.10 1.77 4.10 0.00
3987 2011 216 9240.00 16.50 22.60 1.96 2.90 15.50
3987 2011 217 13850.00 16.10 24.00 2.05 3.00 1.80
3987 2011 218 21870.00 17.30 28.30 2.08 2.90 0.40
3987 2011 219 9150.00 14.70 21.70 1.83 4.20 0.30
3987 2011 220 18870.00 12.90 21.30 1.44 5.50 4.70
3987 2011 221 15550.00 12.90 19.50 1.32 7.20 0.90
3987 2011 222 14060.00 12.50 18.20 1.20 6.30 0.10
3987 2011 223 11710.00 14.40 23.90 1.42 5.60 1.30
3987 2011 224 10930.00 14.90 21.90 1.69 4.20 2.10
3987 2011 225 18810.00 15.10 23.20 1.55 2.80 0.00
3987 2011 226 12360.00 15.50 25.20 1.92 3.60 9.60
3987 2011 227 12330.00 14.70 21.60 1.62 3.50 0.60
3987 2011 228 15430.00 11.90 20.80 1.43 1.80 0.00
3987 2011 229 15140.00 13.90 25.30 1.50 2.90 0.00
3987 2011 230 20710.00 15.30 28.50 1.70 2.50 1.10
3987 2011 231 12530.00 13.50 23.50 1.74 5.60 0.00
3987 2011 232 23090.00 11.30 22.80 1.24 4.20 0.00
3987 2011 233 13470.00 12.70 24.70 1.65 3.60 0.00
3987 2011 234 20690.00 16.00 26.10 1.74 4.20 0.00
3987 2011 235 9490.00 14.80 22.80 1.73 4.30 2.00
3987 2011 236 14550.00 16.50 28.90 2.07 3.40 21.30
3987 2011 237 17210.00 16.70 26.40 2.06 3.10 0.00
3987 2011 238 20700.00 18.10 31.10 2.31 5.00 0.00
3987 2011 239 3370.00 12.30 22.70 1.75 5.60 5.10
3987 2011 240 13830.00 11.00 19.80 1.33 4.50 0.00
3987 2011 241 11300.00 11.40 19.20 1.23 5.50 0.30
3987 2011 242 11060.00 10.80 17.10 1.17 5.50 0.20
3987 2011 243 18030.00 8.30 19.90 1.22 3.40 0.00
3987 2011 244 13130.00 12.00 19.00 1.30 2.20 0.00
3987 2011 245 16160.00 12.30 22.40 1.32 2.50 0.00
3987 2011 246 18940.00 12.00 28.70 1.58 3.50 0.00
3987 2011 247 13450.00 15.50 28.20 1.88 3.90 5.20
3987 2011 248 4900.00 12.70 20.70 1.91 4.10 0.80
3987 2011 249 17520.00 11.00 21.10 1.30 5.30 3.80
3987 2011 250 9120.00 13.60 18.10 1.34 6.70 1.10
3987 2011 251 5780.00 11.60 15.50 1.36 6.10 13.70
3987 2011 252 4940.00 11.10 17.10 1.52 2.80 7.60
3987 2011 253 7910.00 14.50 23.70 1.93 2.90 0.00
3987 2011 254 14860.00 16.30 27.80 2.04 4.10 12.50
3987 2011 255 14400.00 14.60 21.20 1.60 5.60 0.00
3987 2011 256 14530.00 13.40 22.40 1.48 5.70 0.00
3987 2011 257 13430.00 12.70 18.40 1.14 6.60 0.00
3987 2011 258 11730.00 9.90 17.60 1.17 5.90 0.00
3987 2011 259 15420.00 8.20 16.90 1.01 2.90 0.00
3987 2011 260 11500.00 9.20 22.50 1.41 4.00 2.80
3987 2011 261 3050.00 11.30 17.20 1.65 3.30 8.70
3987 2011 262 13820.00 9.30 17.70 1.26 3.40 0.00
3987 2011 263 15300.00 8.80 19.40 1.26 3.70 0.00
3987 2011 264 15040.00 9.00 20.80 1.28 3.50 0.00
3987 2011 265 10120.00 10.00 19.00 1.26 5.30 0.00
3987 2011 266 14720.00 8.30 17.80 1.06 3.90 0.00
3987 2011 267 14980.86 7.90 20.30 1.16 2.30 0.00
3987 2011 268 14920.00 8.40 22.40 1.28 3.50 0.00
3987 2011 269 13580.00 11.90 24.80 1.51 3.70 0.00
3987 2011 270 7350.00 11.50 19.60 1.62 2.70 3.10
3987 2011 271 13820.00 10.30 21.30 1.33 1.80 0.00
3987 2011 272 14050.00 11.60 24.10 1.33 2.20 0.00
3987 2011 273 13990.00 12.70 26.30 1.42 2.90 0.00
3987 2011 274 13780.00 12.20 26.10 1.52 2.60 0.00
3987 2011 275 13580.00 12.30 25.80 1.55 3.00 0.00
3987 2011 276 11220.00 12.40 23.50 1.53 4.00 0.00
3987 2011 277 10670.00 14.30 23.50 1.50 5.70 0.00
3987 2011 278 5450.00 13.80 18.60 1.45 5.20 0.10
3987 2011 279 6980.00 9.00 20.00 1.32 6.10 6.80
3987 2011 280 7240.00 6.90 11.90 1.00 5.50 0.90
3987 2011 281 9560.00 5.70 12.20 0.93 7.00 0.90
3987 2011 282 11150.00 4.50 13.70 0.88 4.40 5.10
3987 2011 283 1690.00 7.40 15.50 1.41 6.40 8.10
3987 2011 284 1750.00 9.60 15.30 1.39 5.80 15.40
3987 2011 285 9440.00 6.30 13.40 1.04 5.60 0.00
3987 2011 286 10810.00 3.70 13.40 0.90 3.60 0.00
3987 2011 287 8800.00 1.30 11.50 0.76 2.30 0.00
3987 2011 288 11370.00 1.60 11.40 0.72 3.00 0.00
3987 2011 289 10900.00 0.80 12.60 0.77 3.80 0.00
3987 2011 290 10140.00 2.40 14.60 0.86 3.90 0.00
3987 2011 291 6370.00 4.40 16.40 0.98 5.70 1.40
3987 2011 292 7590.00 5.40 11.70 0.91 5.50 0.00
3987 2011 293 4190.00 3.00 8.80 0.79 5.30 0.00
3987 2011 294 8550.00 1.50 10.50 0.78 4.10 0.00
3987 2011 295 9570.00 -0.30 10.50 0.68 3.50 0.00
3987 2011 296 9280.00 -0.40 11.10 0.70 4.40 0.00
3987 2011 297 3060.00 2.80 9.40 0.87 6.10 0.00
3987 2011 298 5110.00 7.40 11.50 0.95 5.70 0.20
3987 2011 299 2080.00 7.60 11.90 1.16 3.40 0.40
3987 2011 300 2550.00 6.40 12.50 1.16 3.00 0.00
3987 2011 301 5940.00 8.40 14.20 1.13 3.20 0.00
3987 2011 302 7640.00 6.10 16.00 1.14 2.40 0.00
3987 2011 303 4910.00 8.20 15.90 1.20 3.50 0.00
3987 2011 304 3490.00 8.50 14.80 1.25 2.60 0.00
3987 2011 305 6840.00 5.80 14.30 1.08 3.60 0.00
3987 2011 306 5620.00 4.10 13.00 0.98 3.00 0.00
3987 2011 307 6480.00 3.50 12.60 0.89 3.70 0.00
3987 2011 308 5370.00 3.90 11.50 0.90 3.70 0.00
3987 2011 309 5570.00 3.50 11.90 0.92 4.30 0.00
3987 2011 310 5690.00 5.10 14.10 1.03 4.10 0.00
3987 2011 311 5910.00 4.90 15.00 0.93 4.30 0.00
3987 2011 312 5910.00 3.60 12.10 0.89 4.00 0.00
3987 2011 313 3100.00 2.70 7.00 0.84 3.20 0.00
3987 2011 314 870.00 0.30 5.20 0.75 4.40 0.00
3987 2011 315 4580.00 -2.10 4.20 0.55 5.30 0.00
3987 2011 316 6020.00 -3.20 5.80 0.56 4.20 0.00
3987 2011 317 5940.00 -2.10 7.70 0.61 3.70 0.00
3987 2011 318 5260.00 -2.10 5.50 0.60 2.70 0.00
3987 2011 319 820.00 0.30 1.50 0.64 3.00 0.00
3987 2011 320 3930.00 -0.80 5.80 0.62 3.50 0.00
3987 2011 321 780.00 -2.90 0.30 0.56 2.90 0.00
3987 2011 322 1610.00 -1.20 3.40 0.66 1.90 0.00
3987 2011 323 2120.00 3.30 8.50 0.88 2.20 0.00
3987 2011 324 1390.00 1.60 6.90 0.82 2.60 0.00
3987 2011 325 4570.00 -1.20 7.10 0.64 4.30 0.00
3987 2011 326 2480.00 -0.10 4.30 0.64 3.80 0.00
3987 2011 327 1470.00 -0.50 1.30 0.62 1.80 0.00
3987 2011 328 3150.00 -0.20 9.30 0.81 3.80 0.00
3987 2011 329 4540.00 1.50 9.40 0.75 5.40 0.10
3987 2011 330 2980.00 3.80 8.50 0.80 6.70 0.00
3987 2011 331 860.00 6.90 10.00 0.85 8.00 1.70
3987 2011 332 4410.00 1.30 8.60 0.75 5.70 0.00
3987 2011 333 4720.00 -1.80 7.30 0.62 4.90 0.00
3987 2011 334 3750.00 1.30 9.40 0.76 5.40 0.00
3987 2011 335 1670.00 0.50 9.80 0.75 5.70 0.70
3987 2011 336 1090.00 2.70 12.40 0.91 6.00 0.80
3987 2011 337 1420.00 0.90 7.00 0.75 7.00 3.50
3987 2011 338 1750.00 3.40 8.30 0.79 6.20 1.30
3987 2011 339 1720.00 1.20 6.50 0.68 6.70 2.90
3987 2011 340 1610.00 1.20 5.10 0.63 6.20 0.20
3987 2011 341 1210.00 0.30 5.10 0.68 7.30 9.50
3987 2011 342 2170.00 3.10 6.10 0.73 7.40 1.80
3987 2011 343 2588.40 3.10 8.40 0.67 7.80 0.20
3987 2011 344 2440.00 0.90 4.60 0.60 6.20 0.00
3987 2011 345 3440.00 -1.10 4.00 0.55 5.10 0.00
3987 2011 346 1510.00 -1.60 6.70 0.69 5.70 1.00
3987 2011 347 630.00 1.30 7.50 0.71 6.80 3.10
3987 2011 348 1390.00 3.30 9.90 0.79 6.20 7.80
3987 2011 349 2060.00 2.60 6.00 0.68 6.00 0.40
3987 2011 350 420.00 0.20 6.50 0.68 7.00 20.50
3987 2011 351 620.00 1.00 4.20 0.67 8.80 0.50
3987 2011 352 900.00 1.00 3.70 0.65 7.20 0.20
3987 2011 353 1390.00 0.80 3.00 0.60 5.10 0.10
3987 2011 354 1660.00 -0.70 2.00 0.52 4.80 2.20
3987 2011 355 1350.00 0.70 4.20 0.70 5.10 0.40
3987 2011 356 1540.00 0.50 4.90 0.73 3.00 1.50
3987 2011 357 330.00 4.80 8.40 1.01 4.20 1.20
3987 2011 358 730.00 2.00 7.40 0.83 5.80 3.40
3987 2011 359 810.00 1.70 7.40 0.78 5.80 0.70
3987 2011 360 780.00 7.50 9.70 1.05 5.90 0.20
3987 2011 361 570.00 5.90 9.70 0.97 5.30 0.00
3987 2011 362 2390.00 3.70 7.30 0.80 4.40 0.00
3987 2011 363 1680.00 3.10 6.30 0.67 7.20 2.10
3987 2011 364 1280.00 1.40 4.00 0.70 6.50 4.30
3987 2011 365 3270.00 0.40 5.00 0.65 4.10 0.50
