*---------------------------------------------------------------------------*
* Station name: Potsdam Saekularstation
* Year: 2008
* Author: Pedro Alencar                                   -999.000: NIL VALUE
* Source: DWD
* Comments: Gaps filled with interpolation and storical means
* Longitude: 13.0622, latitude: 52.3812, altitude: 82.0 m.
*
    * Column  Daily value
    * 1       station number
    * 2       year
    * 3       day
    * 4       irradiation                   (kJ m-2 d-1)
    * 5       minimum temperature           (degrees Celsius
    * 6       maximum temperature           (degrees Celsius)
    * 7       early morning vapour pressure (kPa)
    * 8       mean wind speed (height: 2 m) (m s-1)
    * 9       precipitation                 (mm d-1)
    *
** WCCDESCRIPTION=Potsdam, Germany
** WCCFORMAT=2
** WCCYEARNR=2008
*---------------------------------------------------------------------------*
   13.0622 52.3812 82.0 -0.18 -0.55
3987 2008 1 1010.00 -0.30 0.50 0.60 3.00 2.10
3987 2008 2 1080.00 -3.90 0.30 0.54 3.90 0.00
3987 2008 3 620.00 -5.50 -3.30 0.37 7.10 0.00
3987 2008 4 2820.00 -8.20 -5.00 0.29 6.00 0.00
3987 2008 5 1260.00 -5.00 0.60 0.45 4.10 0.40
3987 2008 6 670.00 -1.10 2.30 0.63 3.00 3.00
3987 2008 7 1500.00 -0.90 4.00 0.67 4.10 5.50
3987 2008 8 3220.00 0.80 6.70 0.70 4.80 0.00
3987 2008 9 2720.00 0.00 5.40 0.64 4.10 0.50
3987 2008 10 3690.00 0.80 6.20 0.70 5.10 0.00
3987 2008 11 2290.00 2.30 9.70 0.76 5.90 0.00
3987 2008 12 1490.00 0.90 7.10 0.65 5.30 0.00
3987 2008 13 4600.00 -1.30 7.50 0.59 4.70 0.00
3987 2008 14 3810.00 -1.60 7.00 0.63 5.40 0.00
3987 2008 15 3970.00 2.50 8.50 0.69 6.40 0.00
3987 2008 16 1610.00 3.30 9.00 0.76 5.80 0.50
3987 2008 17 3330.00 2.50 9.80 0.75 4.50 1.70
3987 2008 18 1890.00 3.90 7.90 0.87 5.80 6.70
3987 2008 19 720.00 4.40 11.00 1.12 6.50 11.60
3987 2008 20 610.00 4.40 11.00 1.08 5.30 10.30
3987 2008 21 530.00 6.70 10.40 1.13 7.20 18.30
3987 2008 22 1530.00 -1.60 7.60 0.67 6.50 0.00
3987 2008 23 4780.00 -1.60 6.90 0.66 4.40 1.20
3987 2008 24 1160.00 4.20 8.50 0.87 6.10 1.50
3987 2008 25 5620.00 1.50 7.70 0.63 8.20 0.00
3987 2008 26 1410.00 5.50 9.20 0.82 9.90 5.20
3987 2008 27 730.00 3.00 7.90 0.87 7.10 6.00
3987 2008 28 1800.00 2.30 8.10 0.90 3.20 1.80
3987 2008 29 1810.00 4.40 7.20 0.87 3.50 0.00
3987 2008 30 2290.00 2.20 5.20 0.73 3.80 1.20
3987 2008 31 4360.00 -0.30 4.00 0.59 6.70 0.30
3987 2008 32 2930.00 2.80 7.50 0.66 7.60 0.00
3987 2008 33 3280.00 -1.30 5.70 0.60 5.80 1.40
3987 2008 34 6220.00 -1.90 5.10 0.49 5.00 0.00
3987 2008 35 6750.00 -2.40 7.80 0.61 4.70 0.00
3987 2008 36 4900.00 1.40 8.20 0.71 5.10 0.60
3987 2008 37 3862.61 4.70 10.70 0.92 6.90 2.50
3987 2008 38 4720.00 1.90 8.20 0.68 7.40 0.00
3987 2008 39 3100.00 2.50 9.00 0.73 3.10 0.00
3987 2008 40 5550.00 3.70 12.30 0.77 2.50 0.00
3987 2008 41 7440.00 2.50 12.70 0.75 2.90 0.00
3987 2008 42 6260.00 1.60 9.50 0.77 2.90 0.00
3987 2008 43 1750.00 3.70 6.10 0.75 1.80 0.00
3987 2008 44 5110.00 1.30 6.90 0.63 2.20 0.00
3987 2008 45 1190.00 -1.90 3.60 0.66 2.20 0.00
3987 2008 46 7880.00 -5.20 3.70 0.37 3.50 0.00
3987 2008 47 7690.00 -6.70 2.50 0.35 2.40 0.00
3987 2008 48 6440.00 -6.40 3.40 0.36 5.70 0.00
3987 2008 49 920.00 1.90 4.70 0.71 7.50 0.40
3987 2008 50 1590.00 3.20 5.00 0.81 4.30 1.90
3987 2008 51 8900.00 1.20 9.50 0.72 2.90 0.00
3987 2008 52 5830.00 2.20 9.80 0.77 5.30 0.60
3987 2008 53 1670.00 6.80 10.60 0.97 8.50 0.80
3987 2008 54 8310.00 4.90 10.60 0.72 8.20 0.00
3987 2008 55 8770.00 5.20 13.50 0.86 4.20 0.30
3987 2008 56 7220.00 2.90 10.40 0.78 5.50 1.70
3987 2008 57 4120.00 3.80 14.00 0.96 6.90 0.90
3987 2008 58 4630.00 3.30 9.10 0.74 8.00 0.90
3987 2008 59 8680.00 2.80 10.20 0.69 5.50 0.00
3987 2008 60 7010.00 1.80 11.20 0.73 3.70 6.20
3987 2008 61 2120.00 3.50 8.30 0.85 11.10 5.20
3987 2008 62 4420.00 3.70 9.50 0.84 10.20 4.70
3987 2008 63 6000.00 1.90 10.00 0.73 6.40 0.20
3987 2008 64 5830.00 0.30 8.30 0.61 5.90 2.80
3987 2008 65 12240.00 -2.40 5.50 0.44 6.00 0.40
3987 2008 66 5100.00 0.00 8.60 0.60 7.00 0.00
3987 2008 67 4930.00 5.20 10.90 0.92 3.30 0.20
3987 2008 68 5120.00 4.20 9.70 0.89 2.50 0.20
3987 2008 69 10600.00 2.20 12.30 0.75 5.30 0.00
3987 2008 70 13790.00 4.00 15.20 0.73 5.80 0.00
3987 2008 71 8310.00 5.50 12.90 0.78 6.00 1.20
3987 2008 72 7110.00 5.00 10.60 0.81 8.80 2.20
3987 2008 73 6935.76 3.20 9.80 0.71 9.70 3.00
3987 2008 74 6020.00 0.90 9.50 0.73 6.80 1.00
3987 2008 75 11900.00 1.60 11.10 0.70 3.90 0.00
3987 2008 76 2440.00 1.90 6.30 0.77 3.20 5.80
3987 2008 77 9530.00 -0.20 8.40 0.65 6.50 1.30
3987 2008 78 11620.00 -1.50 6.90 0.51 6.60 0.00
3987 2008 79 8760.00 -1.80 6.90 0.55 4.60 1.50
3987 2008 80 12840.00 -2.80 6.50 0.59 4.60 4.50
3987 2008 81 6200.00 0.40 6.80 0.73 5.00 7.00
3987 2008 82 3810.00 -0.10 4.50 0.68 4.40 1.40
3987 2008 83 10310.00 -3.90 3.10 0.45 2.90 0.10
3987 2008 84 17150.00 -5.00 6.70 0.40 3.40 0.00
3987 2008 85 9970.00 -1.50 5.10 0.54 4.70 1.70
3987 2008 86 11270.00 -1.40 7.30 0.54 5.90 0.70
3987 2008 87 13600.00 -2.10 8.40 0.55 2.60 0.00
3987 2008 88 14980.00 -0.90 12.60 0.65 4.60 2.40
3987 2008 89 8230.00 3.60 11.10 0.76 5.50 0.20
3987 2008 90 11380.00 1.80 16.70 0.65 5.80 0.00
3987 2008 91 15230.00 5.00 16.70 0.84 4.20 0.00
3987 2008 92 15910.00 6.00 16.80 0.89 3.20 1.00
3987 2008 93 7970.00 4.90 11.80 0.95 4.90 4.20
3987 2008 94 8730.00 5.30 12.50 0.92 2.80 1.40
3987 2008 95 8240.00 3.40 11.30 0.84 3.10 0.00
3987 2008 96 4720.00 1.30 11.40 0.87 3.50 6.20
3987 2008 97 7000.00 1.20 7.90 0.71 3.60 0.10
3987 2008 98 7810.00 -1.00 8.20 0.70 3.10 2.20
3987 2008 99 15950.00 2.10 11.00 0.68 4.10 0.10
3987 2008 100 3340.00 2.20 5.60 0.74 3.30 8.20
3987 2008 101 2800.00 2.70 5.30 0.76 3.20 0.00
3987 2008 102 3530.00 3.50 7.70 0.90 3.90 15.10
3987 2008 103 15790.00 4.50 14.50 0.83 4.50 0.00
3987 2008 104 14740.00 5.40 16.20 0.85 3.40 0.10
3987 2008 105 13290.00 6.10 14.90 1.01 2.60 2.40
3987 2008 106 10579.36 4.80 8.70 0.99 3.10 9.30
3987 2008 107 14100.00 3.10 11.50 0.77 4.00 0.40
3987 2008 108 2910.00 3.70 6.00 0.84 3.20 9.50
3987 2008 109 6700.00 4.10 8.70 0.84 3.50 0.00
3987 2008 110 14550.00 2.60 10.70 0.73 5.40 0.00
3987 2008 111 16000.00 2.90 13.90 0.77 3.10 0.00
3987 2008 112 22300.00 4.30 16.80 0.84 7.10 0.00
3987 2008 113 21250.00 6.40 17.90 0.76 7.40 0.00
3987 2008 114 22590.00 4.40 18.30 0.72 2.50 0.00
3987 2008 115 22680.00 5.50 20.20 0.70 3.20 2.60
3987 2008 116 12500.00 7.70 14.20 1.02 4.30 0.00
3987 2008 117 25020.00 5.50 19.00 0.89 2.40 0.00
3987 2008 118 22840.00 6.50 21.20 0.85 3.40 0.00
3987 2008 119 24040.00 8.10 23.30 0.82 5.30 1.80
3987 2008 120 8900.00 9.50 18.00 1.17 2.80 0.10
3987 2008 121 14940.00 8.20 18.50 1.19 2.90 0.00
3987 2008 122 14060.00 8.50 18.30 1.07 3.40 2.20
3987 2008 123 17260.00 6.50 17.80 0.99 2.90 0.00
3987 2008 124 21400.00 6.60 19.20 0.95 3.00 0.40
3987 2008 125 23300.00 5.90 19.70 0.93 2.90 0.00
3987 2008 126 18710.00 8.60 22.20 1.17 3.00 0.00
3987 2008 127 25800.00 7.20 22.30 0.95 2.70 0.00
3987 2008 128 26170.00 9.60 23.40 0.95 2.60 0.00
3987 2008 129 25849.72 9.10 23.80 1.03 2.50 0.00
3987 2008 130 27240.00 9.10 24.20 0.93 4.00 0.00
3987 2008 131 24750.00 11.10 25.00 0.97 3.50 0.00
3987 2008 132 24190.00 11.60 26.00 1.02 2.60 0.00
3987 2008 133 27540.00 10.00 26.10 1.03 2.60 0.00
3987 2008 134 23130.00 8.80 21.30 1.14 3.80 0.00
3987 2008 135 24220.00 6.60 22.60 0.93 2.60 0.00
3987 2008 136 21250.00 10.70 23.30 1.10 2.40 0.00
3987 2008 137 13540.00 11.00 21.70 1.47 2.30 0.30
3987 2008 138 14320.00 9.90 21.70 1.52 2.30 3.20
3987 2008 139 15390.00 7.70 16.90 1.07 3.10 0.00
3987 2008 140 17930.00 6.20 16.10 0.88 2.20 0.00
3987 2008 141 23340.00 6.10 19.50 0.82 3.00 0.00
3987 2008 142 18970.00 5.60 19.10 0.84 3.20 0.00
3987 2008 143 23610.00 4.80 20.90 0.94 2.70 0.40
3987 2008 144 17000.00 10.80 21.20 1.06 2.70 0.00
3987 2008 145 24280.00 9.40 22.90 0.97 3.50 0.00
3987 2008 146 25910.00 8.80 23.10 1.01 4.50 0.00
3987 2008 147 12300.00 11.30 20.50 1.33 3.80 0.00
3987 2008 148 17924.22 11.20 19.70 1.24 4.70 0.00
3987 2008 149 25220.00 11.70 24.60 0.94 7.70 0.00
3987 2008 150 25070.00 13.60 26.40 0.91 6.10 0.00
3987 2008 151 26240.00 15.10 30.90 1.29 5.70 0.00
3987 2008 152 26980.00 17.30 31.40 1.35 5.10 0.00
3987 2008 153 25590.00 16.20 30.60 1.25 4.30 0.00
3987 2008 154 29180.00 16.60 31.60 1.16 4.60 0.00
3987 2008 155 22230.00 16.90 31.50 1.44 4.20 0.00
3987 2008 156 28340.00 15.60 28.90 1.15 5.00 0.00
3987 2008 157 27960.00 13.50 25.90 1.02 5.30 0.00
3987 2008 158 22150.00 12.40 25.50 1.10 4.60 0.00
3987 2008 159 21450.00 16.30 28.40 1.09 4.20 0.00
3987 2008 160 27040.00 13.10 29.70 1.13 3.30 0.00
3987 2008 161 30620.00 13.20 29.70 1.09 2.50 0.00
3987 2008 162 29500.00 13.70 28.70 1.27 4.40 0.00
3987 2008 163 17790.00 11.70 20.00 1.05 5.50 0.00
3987 2008 164 19830.00 9.40 19.20 0.96 4.60 7.50
3987 2008 165 12530.00 8.80 16.70 1.23 4.00 6.40
3987 2008 166 18850.00 7.90 18.00 1.05 4.20 0.00
3987 2008 167 18620.00 8.40 19.30 1.15 3.00 1.30
3987 2008 168 18310.00 8.80 19.00 1.07 2.40 0.20
3987 2008 169 29710.00 7.80 22.20 0.96 2.40 0.00
3987 2008 170 20940.00 10.60 25.10 1.01 2.60 0.00
3987 2008 171 19590.00 13.30 26.70 1.28 4.70 7.20
3987 2008 172 23830.00 13.90 22.80 1.29 4.50 0.40
3987 2008 173 21760.00 13.30 23.40 1.27 3.60 0.20
3987 2008 174 25880.00 12.90 32.50 1.59 4.60 6.70
3987 2008 175 29860.00 11.90 23.30 1.38 6.50 0.00
3987 2008 176 30540.00 9.00 22.00 0.99 3.20 0.00
3987 2008 177 16110.00 11.40 25.60 1.44 4.00 0.10
3987 2008 178 28940.00 15.50 25.70 1.29 4.90 0.00
3987 2008 179 11570.00 11.90 20.60 1.23 5.70 0.30
3987 2008 180 10090.00 10.40 20.90 1.60 4.50 6.40
3987 2008 181 25760.00 14.20 26.40 1.48 3.50 0.00
3987 2008 182 26570.00 13.80 25.00 1.23 4.50 0.00
3987 2008 183 25640.00 12.10 27.80 1.17 3.00 0.00
3987 2008 184 29300.00 14.10 32.00 1.20 5.10 0.00
3987 2008 185 27750.00 17.70 34.50 1.43 4.80 1.30
3987 2008 186 1870.00 14.60 20.40 1.79 6.80 20.00
3987 2008 187 22700.00 13.70 24.00 1.48 3.40 0.00
3987 2008 188 20140.00 13.00 27.10 1.47 2.80 0.50
3987 2008 189 18550.00 12.30 23.40 1.48 3.70 0.00
3987 2008 190 19450.00 11.90 22.70 1.34 5.30 0.10
3987 2008 191 19740.00 11.60 21.60 1.26 5.20 0.20
3987 2008 192 7240.00 10.70 18.70 1.75 3.10 3.40
3987 2008 193 15720.00 16.30 27.10 1.98 3.70 3.10
3987 2008 194 20840.00 13.90 24.90 1.58 4.60 0.00
3987 2008 195 7100.00 12.50 18.10 1.57 1.90 1.20
3987 2008 196 16560.00 10.70 21.20 1.42 3.90 0.00
3987 2008 197 13500.00 13.80 23.20 1.51 4.70 0.00
3987 2008 198 9870.00 13.40 22.80 1.70 4.30 6.70
3987 2008 199 18310.00 10.90 20.50 1.32 3.90 0.30
3987 2008 200 9430.00 12.90 19.90 1.47 2.90 1.80
3987 2008 201 15750.00 13.00 22.80 1.66 4.10 4.20
3987 2008 202 17920.00 12.30 21.00 1.44 4.80 0.20
3987 2008 203 9990.00 11.00 16.50 1.20 5.50 0.10
3987 2008 204 14900.00 11.50 21.20 1.36 2.30 0.00
3987 2008 205 21036.56 11.50 23.70 1.44 2.80 0.00
3987 2008 206 22310.00 11.50 27.80 1.53 3.60 0.00
3987 2008 207 22370.00 17.40 31.60 1.97 3.60 6.60
3987 2008 208 20680.00 17.60 32.30 2.05 3.30 0.00
3987 2008 209 27070.00 17.50 32.40 1.59 4.00 0.00
3987 2008 210 26690.00 18.40 33.00 1.53 4.20 0.00
3987 2008 211 26670.00 17.40 33.00 1.29 4.50 0.00
3987 2008 212 8540.00 17.90 25.00 1.53 3.00 0.00
3987 2008 213 25700.00 16.10 31.60 1.35 4.30 0.00
3987 2008 214 20210.00 17.40 34.60 1.63 4.10 7.80
3987 2008 215 11240.00 16.20 22.70 1.88 2.70 0.00
3987 2008 216 15238.54 17.90 26.10 1.65 4.80 0.30
3987 2008 217 16360.00 14.90 23.40 1.52 7.90 1.60
3987 2008 218 17560.00 12.80 23.40 1.34 7.60 0.00
3987 2008 219 16880.00 11.60 25.60 1.40 2.60 0.00
3987 2008 220 24370.00 15.70 33.30 1.46 4.70 0.20
3987 2008 221 15850.00 15.30 26.10 1.66 4.50 0.60
3987 2008 222 19900.00 11.30 22.50 1.22 5.50 0.00
3987 2008 223 8280.00 11.00 20.10 1.58 4.20 3.00
3987 2008 224 19890.00 14.20 26.60 1.60 3.60 3.90
3987 2008 225 9540.00 16.50 23.00 1.94 4.10 0.20
3987 2008 226 19320.00 16.60 25.10 1.36 6.00 0.00
3987 2008 227 21880.00 14.90 25.30 1.13 5.10 0.00
3987 2008 228 3690.00 12.00 15.90 1.48 2.40 7.80
3987 2008 229 14560.00 10.60 22.10 1.45 3.10 0.10
3987 2008 230 20870.00 13.20 24.70 1.29 3.40 0.00
3987 2008 231 11700.00 12.30 23.10 1.44 3.80 0.20
3987 2008 232 14820.00 16.70 27.70 1.64 4.90 0.00
3987 2008 233 14250.00 15.00 23.30 1.54 4.80 0.30
3987 2008 234 19170.00 14.10 25.00 1.31 4.40 0.00
3987 2008 235 10660.00 12.70 24.40 1.53 2.80 4.80
3987 2008 236 12960.00 9.70 20.00 1.39 5.60 12.20
3987 2008 237 2940.00 9.70 16.40 1.50 5.80 3.20
3987 2008 238 9560.00 11.50 19.40 1.52 2.90 2.30
3987 2008 239 14280.00 13.40 22.50 1.64 3.40 0.00
3987 2008 240 14910.00 15.50 24.10 1.68 3.60 0.00
3987 2008 241 7690.00 15.30 19.20 1.77 4.30 1.90
3987 2008 242 8140.00 12.90 21.30 1.67 5.30 0.00
3987 2008 243 16880.00 11.40 22.80 1.35 1.90 0.00
3987 2008 244 20700.00 10.00 25.30 1.17 4.40 0.00
3987 2008 245 13260.00 11.90 24.70 1.54 4.20 4.00
3987 2008 246 17780.00 12.00 23.50 1.57 3.30 0.00
3987 2008 247 10770.00 11.10 22.20 1.58 4.30 9.60
3987 2008 248 14110.00 8.90 18.60 1.41 3.90 0.40
3987 2008 249 11470.00 9.80 20.30 1.54 3.70 0.20
3987 2008 250 6130.00 16.70 23.10 1.96 3.50 18.60
3987 2008 251 8800.00 13.80 19.60 1.73 3.40 0.00
3987 2008 252 12180.00 11.70 20.50 1.49 3.70 0.10
3987 2008 253 16220.00 10.40 23.20 1.37 3.20 0.10
3987 2008 254 12030.00 12.40 24.20 1.64 3.20 0.00
3987 2008 255 12570.00 13.90 23.80 1.63 2.70 0.00
3987 2008 256 10050.00 9.00 18.60 1.28 5.60 0.00
3987 2008 257 15090.00 5.20 16.70 0.86 5.10 0.00
3987 2008 258 5000.00 7.10 13.00 0.99 3.30 0.00
3987 2008 259 7850.00 8.70 15.90 0.98 3.40 0.00
3987 2008 260 8810.00 5.40 11.60 0.80 3.00 0.00
3987 2008 261 11550.00 7.50 15.30 0.86 1.30 0.00
3987 2008 262 9220.00 8.10 15.20 1.05 1.50 0.00
3987 2008 263 6980.00 6.20 14.50 1.01 2.30 0.00
3987 2008 264 7730.00 9.20 16.60 1.06 2.30 0.10
3987 2008 265 9340.00 9.50 17.50 1.21 2.90 0.80
3987 2008 266 7270.00 7.80 15.50 1.23 2.30 1.90
3987 2008 267 7348.19 10.70 12.50 1.36 2.70 9.00
3987 2008 268 11520.00 9.40 18.00 1.23 3.50 0.00
3987 2008 269 11360.00 7.60 18.10 1.09 3.70 0.00
3987 2008 270 12960.00 7.10 17.80 1.13 2.20 0.00
3987 2008 271 14170.00 7.30 17.00 1.17 2.40 0.00
3987 2008 272 13720.00 7.20 18.50 1.12 4.00 0.10
3987 2008 273 8602.27 8.80 15.90 1.13 3.40 2.50
3987 2008 274 5360.00 7.80 12.70 1.16 5.90 10.00
3987 2008 275 4020.00 8.70 14.80 1.25 7.30 10.10
3987 2008 276 9810.00 7.10 14.40 0.92 6.50 0.00
3987 2008 277 8320.00 3.70 13.40 0.88 4.90 0.00
3987 2008 278 7950.00 1.70 11.70 0.83 4.80 0.00
3987 2008 279 4370.00 3.70 11.30 0.99 6.10 7.80
3987 2008 280 2980.00 9.40 12.70 1.28 1.60 0.30
3987 2008 281 8830.00 8.20 16.90 1.26 3.00 0.00
3987 2008 282 6041.66 7.50 16.00 1.25 4.10 0.00
3987 2008 283 2710.00 8.40 13.80 1.32 3.20 0.00
3987 2008 284 9740.00 6.30 16.20 1.14 3.00 0.00
3987 2008 285 11400.00 7.50 19.40 1.27 3.90 0.00
3987 2008 286 5630.00 8.30 15.70 1.27 3.50 0.00
3987 2008 287 10680.00 6.60 20.20 1.32 3.80 0.50
3987 2008 288 4910.00 10.80 17.10 1.44 4.10 0.00
3987 2008 289 4870.00 9.40 16.20 1.26 3.30 3.70
3987 2008 290 5900.00 6.10 14.20 1.20 5.80 5.70
3987 2008 291 4430.00 6.00 11.00 0.97 7.50 0.00
3987 2008 292 8260.00 4.90 13.80 0.93 4.00 0.00
3987 2008 293 5890.00 6.60 14.30 1.02 4.90 0.00
3987 2008 294 10160.00 6.30 16.50 0.98 4.90 0.00
3987 2008 295 7430.00 9.30 20.50 1.28 5.60 1.60
3987 2008 296 2860.00 6.50 10.70 1.10 2.60 0.10
3987 2008 297 8450.00 3.80 12.50 0.88 3.90 0.00
3987 2008 298 9330.00 1.60 12.20 0.74 4.20 0.00
3987 2008 299 2400.00 6.00 11.40 1.04 2.80 0.00
3987 2008 300 5280.00 4.90 13.90 0.96 5.70 4.60
3987 2008 301 1270.00 5.70 12.40 1.14 3.90 5.80
3987 2008 302 4700.00 3.90 9.20 0.88 3.10 1.70
3987 2008 303 1780.00 4.70 7.00 0.88 1.30 12.90
3987 2008 304 1120.00 2.40 5.30 0.77 4.20 15.80
3987 2008 305 5990.00 2.40 8.40 0.76 2.70 0.00
3987 2008 306 4990.00 2.80 10.10 0.81 4.00 0.00
3987 2008 307 3240.00 2.10 7.60 0.86 3.00 0.00
3987 2008 308 1310.00 6.00 8.10 1.01 5.30 0.00
3987 2008 309 1100.00 8.10 9.70 1.14 1.40 0.00
3987 2008 310 760.00 8.80 10.60 1.20 4.90 0.70
3987 2008 311 850.00 10.50 11.50 1.30 3.00 1.00
3987 2008 312 1680.00 9.50 11.40 1.26 3.40 0.00
3987 2008 313 3390.00 6.40 10.80 1.08 2.50 0.00
3987 2008 314 3580.00 5.70 12.60 1.06 5.40 1.60
3987 2008 315 2380.00 8.40 15.50 1.14 6.90 0.00
3987 2008 316 1750.00 6.10 15.00 0.98 6.70 0.00
3987 2008 317 3750.00 3.30 10.00 0.83 4.80 0.00
3987 2008 318 5390.00 2.00 10.20 0.81 3.50 0.00
3987 2008 319 2160.00 0.90 9.10 0.79 5.20 0.00
3987 2008 320 750.00 8.10 10.70 1.10 5.60 0.50
3987 2008 321 3740.00 4.60 10.80 0.93 7.50 0.60
3987 2008 322 5660.00 -0.30 7.40 0.65 4.70 0.00
3987 2008 323 2450.00 -0.50 6.30 0.67 5.90 4.60
3987 2008 324 1200.00 4.80 9.30 0.86 8.20 1.20
3987 2008 325 1090.00 3.30 9.40 0.93 9.40 17.10
3987 2008 326 840.00 -0.50 4.00 0.66 5.90 4.10
3987 2008 327 2420.00 -2.00 1.10 0.53 7.10 3.60
3987 2008 328 3660.00 -2.20 2.20 0.57 6.30 0.20
3987 2008 329 2340.00 -3.60 1.20 0.52 2.80 0.50
3987 2008 330 1550.00 -1.80 1.60 0.57 4.50 0.00
3987 2008 331 2550.00 -1.70 5.20 0.68 5.80 0.80
3987 2008 332 2685.65 3.10 7.50 0.80 4.60 0.50
3987 2008 333 2710.00 -1.50 4.90 0.59 3.90 0.00
3987 2008 334 1450.00 -1.30 2.20 0.59 3.50 0.20
3987 2008 335 1340.00 -2.00 1.50 0.59 4.00 0.00
3987 2008 336 1000.00 -2.00 4.50 0.69 4.50 12.20
3987 2008 337 1090.00 2.00 5.20 0.73 6.70 0.00
3987 2008 338 800.00 -0.60 2.30 0.60 5.20 5.20
3987 2008 339 1470.00 -1.80 4.50 0.63 4.90 0.80
3987 2008 340 2010.00 2.10 6.00 0.78 4.40 0.20
3987 2008 341 2150.00 1.10 5.20 0.75 3.20 0.80
3987 2008 342 930.00 2.10 4.60 0.77 4.30 1.00
3987 2008 343 1751.03 -1.20 5.00 0.72 4.60 0.00
3987 2008 344 2950.00 -1.80 2.10 0.57 3.80 0.00
3987 2008 345 600.00 0.30 1.90 0.64 2.00 0.30
3987 2008 346 530.00 0.20 1.60 0.66 1.70 6.30
3987 2008 347 810.00 0.00 0.70 0.62 2.70 0.00
3987 2008 348 720.00 0.30 2.60 0.66 4.80 0.00
3987 2008 349 850.00 1.70 4.10 0.68 5.30 0.00
3987 2008 350 660.00 1.90 3.00 0.67 5.20 0.00
3987 2008 351 460.00 2.20 3.30 0.71 1.70 0.00
3987 2008 352 460.00 1.50 3.40 0.73 2.30 0.10
3987 2008 353 1000.00 0.30 3.00 0.67 2.40 0.00
3987 2008 354 760.00 -0.80 5.90 0.73 5.30 1.40
3987 2008 355 980.00 1.50 6.70 0.76 7.00 1.30
3987 2008 356 1830.00 3.20 8.20 0.80 6.80 0.40
3987 2008 357 1860.00 5.70 8.70 0.88 8.90 1.10
3987 2008 358 1960.00 0.10 5.80 0.71 5.20 1.30
3987 2008 359 510.00 2.10 5.90 0.86 5.10 4.50
3987 2008 360 2750.00 -2.60 4.90 0.55 3.70 0.00
3987 2008 361 2850.00 -5.40 0.20 0.43 3.00 0.00
3987 2008 362 2080.00 -3.00 1.10 0.50 1.40 0.00
3987 2008 363 3540.00 -5.60 -1.40 0.43 3.20 0.00
3987 2008 364 1610.00 -6.00 -3.40 0.39 5.40 0.00
3987 2008 365 3670.00 -6.90 -0.30 0.39 4.20 0.00
3987 2008 366 3730.00 -8.00 -1.00 0.35 3.60 0.00
