*---------------------------------------------------------------------------*
* Station name: Potsdam Saekularstation
* Year: 2019
* Author: Pedro Alencar                                   -999.000: NIL VALUE
* Source: DWD
* Comments: Gaps filled with interpolation and storical means
* Longitude: 13.0622, latitude: 52.3812, altitude: 82.0 m.
*
    * Column  Daily value
    * 1       station number
    * 2       year
    * 3       day
    * 4       irradiation                   (kJ m-2 d-1)
    * 5       minimum temperature           (degrees Celsius
    * 6       maximum temperature           (degrees Celsius)
    * 7       early morning vapour pressure (kPa)
    * 8       mean wind speed (height: 2 m) (m s-1)
    * 9       precipitation                 (mm d-1)
    *
** WCCDESCRIPTION=Potsdam, Germany
** WCCFORMAT=2
** WCCYEARNR=2019
*---------------------------------------------------------------------------*
   13.0622 52.3812 82.0 -0.18 -0.55
3987 2019 1 2010.00 2.70 8.20 0.78 9.30 1.90
3987 2019 2 2020.00 -2.60 3.50 0.44 6.90 0.20
3987 2019 3 1340.00 -2.50 1.20 0.47 4.40 0.20
3987 2019 4 470.00 -1.20 4.60 0.65 5.60 2.70
3987 2019 5 1490.00 1.20 7.70 0.86 5.10 0.70
3987 2019 6 2480.00 0.30 3.30 0.60 2.40 1.30
3987 2019 7 870.00 0.60 5.60 0.76 3.80 6.00
3987 2019 8 650.00 1.90 5.70 0.78 8.00 6.40
3987 2019 9 700.00 0.80 2.50 0.63 6.60 2.50
3987 2019 10 1890.00 -0.40 1.90 0.54 3.80 0.00
3987 2019 11 560.00 -0.40 5.20 0.68 5.20 1.90
3987 2019 12 1220.00 3.80 5.70 0.77 6.40 3.70
3987 2019 13 740.00 4.80 7.70 0.86 7.80 6.20
3987 2019 14 3400.00 -0.20 5.40 0.48 9.50 0.00
3987 2019 15 700.00 0.90 6.20 0.69 8.70 1.70
3987 2019 16 760.00 2.30 6.80 0.76 6.20 0.00
3987 2019 17 2510.00 0.80 6.80 0.65 5.60 5.00
3987 2019 18 4910.00 -1.80 1.50 0.49 5.10 0.00
3987 2019 19 4150.00 -3.60 2.80 0.50 2.50 0.00
3987 2019 20 4711.63 -5.60 1.30 0.43 2.50 0.00
3987 2019 21 3450.00 -5.40 -1.90 0.42 2.40 0.00
3987 2019 22 5170.00 -6.60 -0.30 0.37 3.00 0.00
3987 2019 23 3150.00 -7.20 -3.60 0.33 5.10 0.00
3987 2019 24 990.00 -4.60 -3.50 0.34 3.00 0.00
3987 2019 25 2790.00 -6.00 -3.00 0.37 2.10 1.20
3987 2019 26 960.00 -3.30 3.80 0.63 3.90 5.50
3987 2019 27 2390.00 2.00 6.00 0.73 4.90 2.50
3987 2019 28 4400.00 0.30 5.00 0.66 3.90 2.00
3987 2019 29 2220.00 -1.60 2.50 0.59 4.50 0.00
3987 2019 30 4359.50 -3.40 2.30 0.48 4.80 0.00
3987 2019 31 4420.00 -2.90 4.30 0.49 3.40 0.00
3987 2019 32 1910.00 -4.10 1.80 0.49 4.40 1.90
3987 2019 33 690.00 0.10 0.60 0.60 3.00 0.60
3987 2019 34 520.00 -1.30 1.20 0.61 4.00 0.00
3987 2019 35 3827.83 -2.60 5.20 0.52 4.30 0.00
3987 2019 36 1230.00 -0.40 3.50 0.56 4.40 0.00
3987 2019 37 5930.00 -0.30 6.40 0.57 4.10 0.00
3987 2019 38 3180.00 -1.30 4.80 0.51 4.80 0.10
3987 2019 39 5280.00 1.40 8.60 0.66 6.20 0.00
3987 2019 40 5340.00 3.80 10.80 0.68 7.10 1.50
3987 2019 41 1180.00 3.80 8.20 0.82 6.20 13.20
3987 2019 42 2750.00 0.40 5.80 0.64 8.10 0.70
3987 2019 43 6030.00 0.10 6.20 0.54 6.00 0.00
3987 2019 44 1750.00 3.00 8.10 0.83 5.90 0.40
3987 2019 45 7670.00 2.90 10.90 0.75 4.00 0.00
3987 2019 46 9160.00 1.00 13.80 0.56 3.70 0.00
3987 2019 47 9430.00 2.20 16.00 0.57 4.70 0.00
3987 2019 48 8330.00 2.60 14.20 0.65 3.30 0.00
3987 2019 49 9380.00 1.90 15.70 0.63 3.80 0.00
3987 2019 50 3950.00 2.90 10.00 0.69 5.90 2.00
3987 2019 51 6120.00 5.20 10.80 0.74 5.10 0.10
3987 2019 52 3580.00 5.10 11.10 0.86 5.10 2.90
3987 2019 53 8590.00 -2.90 8.50 0.57 4.50 0.00
3987 2019 54 9290.00 -4.30 5.10 0.33 3.10 0.00
3987 2019 55 9640.00 -2.70 11.50 0.33 3.00 0.00
3987 2019 56 10760.00 1.30 13.20 0.51 4.10 0.00
3987 2019 57 6580.00 1.20 12.60 0.72 3.60 0.00
3987 2019 58 11510.00 2.40 16.40 0.56 3.70 0.00
3987 2019 59 8810.00 4.20 12.10 0.71 5.70 0.10
3987 2019 60 1310.00 1.10 5.40 0.71 2.50 0.10
3987 2019 61 2990.00 1.30 5.70 0.60 3.40 0.20
3987 2019 62 2910.00 4.80 11.40 0.94 6.50 1.00
3987 2019 63 5360.00 5.30 15.90 0.83 7.70 2.90
3987 2019 64 7120.00 1.90 9.80 0.67 7.40 1.40
3987 2019 65 9990.00 0.60 12.40 0.68 5.20 1.10
3987 2019 66 6080.00 7.20 16.60 0.80 6.40 0.50
3987 2019 67 6730.00 3.40 10.40 0.69 7.80 1.90
3987 2019 68 6250.00 3.70 13.10 0.74 7.90 5.50
3987 2019 69 4670.00 0.20 7.90 0.69 5.00 15.90
3987 2019 70 5380.00 0.90 5.50 0.65 6.50 0.50
3987 2019 71 8940.00 1.80 9.40 0.61 5.50 0.40
3987 2019 72 7320.00 3.40 10.00 0.63 7.50 1.40
3987 2019 73 4280.00 3.80 8.50 0.78 6.80 8.80
3987 2019 74 4920.00 5.10 10.10 0.77 8.30 0.40
3987 2019 75 5210.00 4.70 8.80 0.78 6.60 5.80
3987 2019 76 5660.00 3.10 12.70 0.80 6.50 1.00
3987 2019 77 7680.00 1.90 9.60 0.64 7.10 2.00
3987 2019 78 9800.00 1.20 9.10 0.59 5.00 0.10
3987 2019 79 14370.00 -0.20 13.30 0.66 4.10 0.00
3987 2019 80 4310.00 6.70 12.70 0.97 3.40 0.00
3987 2019 81 7230.00 5.90 13.30 0.98 2.50 0.00
3987 2019 82 15370.00 3.20 17.20 0.95 4.00 0.00
3987 2019 83 14000.00 1.80 12.50 0.63 2.70 0.10
3987 2019 84 9260.00 0.90 9.00 0.66 4.90 2.10
3987 2019 85 7650.00 0.50 9.00 0.70 5.90 1.70
3987 2019 86 5460.00 4.10 10.30 0.86 4.80 3.80
3987 2019 87 2740.00 7.60 9.80 1.05 3.80 1.30
3987 2019 88 5290.00 6.00 12.50 1.01 2.60 0.00
3987 2019 89 18240.00 2.90 19.10 0.84 4.10 0.00
3987 2019 90 11860.00 1.60 13.60 0.67 4.10 0.00
3987 2019 91 20120.00 -1.10 12.70 0.43 4.30 0.00
3987 2019 92 17800.00 0.50 16.00 0.54 5.20 0.00
3987 2019 93 14010.00 7.30 19.20 0.82 3.70 0.00
3987 2019 94 17330.00 7.00 21.80 0.82 4.00 0.00
3987 2019 95 8230.00 5.80 14.20 0.94 2.70 0.00
3987 2019 96 18180.00 6.50 23.10 0.85 4.70 0.00
3987 2019 97 19720.00 7.10 20.80 0.71 4.10 0.00
3987 2019 98 19540.00 4.90 21.10 0.70 3.00 0.00
3987 2019 99 19850.00 2.60 13.50 0.58 3.80 0.00
3987 2019 100 17840.00 0.40 11.70 0.47 3.50 0.00
3987 2019 101 11680.00 2.10 7.80 0.46 4.00 0.00
3987 2019 102 4110.00 2.10 5.20 0.50 3.50 0.10
3987 2019 103 9580.00 1.90 7.70 0.49 3.60 0.20
3987 2019 104 6370.00 2.50 10.60 0.69 3.90 1.90
3987 2019 105 22250.00 0.80 14.60 0.51 3.80 0.00
3987 2019 106 22360.00 1.30 16.80 0.50 4.40 0.00
3987 2019 107 22560.00 2.90 19.20 0.61 4.20 0.00
3987 2019 108 22390.00 6.50 22.20 0.64 4.50 0.00
3987 2019 109 22880.00 7.90 24.00 0.61 4.30 0.00
3987 2019 110 22830.00 4.20 22.50 0.64 2.60 0.00
3987 2019 111 23560.00 6.70 22.50 0.62 3.60 0.00
3987 2019 112 24170.00 6.40 20.10 0.66 5.80 0.00
3987 2019 113 19500.00 9.50 20.80 0.81 7.20 0.00
3987 2019 114 21590.00 11.80 24.30 1.06 4.90 3.20
3987 2019 115 23900.00 11.10 26.00 0.98 3.70 0.00
3987 2019 116 19600.00 9.70 24.60 1.12 5.30 3.70
3987 2019 117 13590.00 8.80 19.40 1.04 3.70 0.30
3987 2019 118 11130.00 7.70 13.90 0.94 4.20 0.40
3987 2019 119 8120.00 4.90 17.00 0.96 4.80 1.70
3987 2019 120 25240.00 1.40 19.10 0.54 3.40 0.00
3987 2019 121 22450.00 7.80 18.50 0.97 5.30 0.00
3987 2019 122 6300.00 6.80 13.90 0.93 6.20 0.20
3987 2019 123 16180.00 5.60 12.50 0.63 5.40 0.10
3987 2019 124 14940.00 1.80 11.50 0.63 3.80 0.30
3987 2019 125 19710.00 0.40 13.00 0.54 3.30 0.00
3987 2019 126 16170.00 2.00 13.20 0.65 4.70 0.70
3987 2019 127 22150.00 5.10 14.40 0.62 3.40 0.00
3987 2019 128 18670.00 1.90 18.90 0.72 4.30 0.50
3987 2019 129 14530.00 10.50 19.00 1.02 3.30 0.00
3987 2019 130 13580.00 8.90 17.80 1.04 4.20 1.00
3987 2019 131 9690.00 7.20 14.60 0.99 3.20 2.30
3987 2019 132 26860.00 5.50 17.30 0.68 4.30 0.00
3987 2019 133 25560.00 3.40 17.30 0.56 4.00 0.00
3987 2019 134 17590.00 3.00 14.50 0.60 3.90 0.00
3987 2019 135 14420.00 0.90 15.00 0.60 3.80 2.60
3987 2019 136 2830.00 6.30 11.10 1.08 2.60 7.50
3987 2019 137 18530.00 5.70 19.70 1.13 2.70 0.00
3987 2019 138 28030.00 9.90 24.60 1.12 3.90 0.00
3987 2019 139 22250.00 12.10 26.80 1.33 3.90 0.40
3987 2019 140 15460.00 13.20 26.50 1.60 3.60 9.20
3987 2019 141 21220.00 12.70 24.10 1.51 3.10 0.60
3987 2019 142 2850.00 10.90 14.90 1.27 6.30 1.40
3987 2019 143 25990.00 7.40 19.90 0.96 3.40 0.00
3987 2019 144 24720.00 10.00 24.10 1.02 3.70 0.00
3987 2019 145 12980.00 8.60 16.80 1.02 4.00 0.00
3987 2019 146 18790.00 7.80 21.80 1.08 4.90 0.00
3987 2019 147 11530.00 13.90 21.30 1.38 4.10 0.40
3987 2019 148 17430.00 9.30 20.10 1.07 3.50 0.00
3987 2019 149 26330.00 8.30 18.80 0.74 3.30 0.00
3987 2019 150 25900.00 6.20 24.00 0.92 4.10 0.00
3987 2019 151 19260.00 12.50 24.40 1.52 4.10 3.80
3987 2019 152 25530.00 14.00 28.10 1.51 3.70 0.00
3987 2019 153 27250.00 15.10 32.00 1.41 3.50 0.00
3987 2019 154 28550.00 18.50 34.50 1.32 4.70 0.00
3987 2019 155 25120.00 16.60 31.50 1.47 2.40 0.00
3987 2019 156 27740.00 18.30 34.70 1.46 4.30 0.00
3987 2019 157 17640.00 14.70 31.60 1.67 4.80 0.60
3987 2019 158 25480.00 13.10 26.30 1.33 3.10 0.00
3987 2019 159 20610.00 13.20 23.30 1.05 6.10 0.00
3987 2019 160 25800.00 11.30 27.10 0.92 3.50 0.50
3987 2019 161 18670.00 16.00 29.10 1.62 3.00 2.80
3987 2019 162 23400.00 16.40 29.80 1.99 3.20 79.70
3987 2019 163 23310.00 15.70 33.40 1.96 3.90 6.90
3987 2019 164 24440.00 14.60 25.80 1.48 2.70 0.00
3987 2019 165 25230.00 14.60 30.70 1.41 3.50 0.00
3987 2019 166 21310.00 17.30 31.40 1.88 5.90 0.00
3987 2019 167 14780.00 14.60 21.00 1.38 3.40 0.00
3987 2019 168 25150.00 15.20 27.50 1.43 2.10 0.00
3987 2019 169 29270.00 16.30 30.30 1.35 3.80 0.00
3987 2019 170 26220.00 17.50 33.30 1.59 3.80 0.10
3987 2019 171 19210.00 17.20 26.30 1.81 2.50 5.60
3987 2019 172 23620.00 15.30 25.20 1.53 3.30 0.00
3987 2019 173 25520.00 14.20 26.90 1.40 4.00 0.00
3987 2019 174 29030.00 14.40 28.50 1.21 3.90 0.00
3987 2019 175 30020.00 16.00 30.10 1.21 3.70 0.00
3987 2019 176 28330.00 18.30 34.00 1.43 3.70 0.00
3987 2019 177 27590.00 18.90 37.00 1.88 4.80 0.00
3987 2019 178 30280.00 14.00 26.40 1.26 5.70 0.00
3987 2019 179 25190.00 11.80 24.90 1.23 2.90 0.00
3987 2019 180 29890.00 15.00 32.10 1.20 2.60 0.00
3987 2019 181 29780.00 17.90 38.40 1.22 4.80 0.00
3987 2019 182 20360.00 16.30 28.00 1.23 4.30 0.00
3987 2019 183 21780.00 12.80 23.00 1.03 6.00 0.00
3987 2019 184 19430.00 10.10 20.30 0.93 4.30 0.00
3987 2019 185 27750.00 9.60 24.10 0.94 4.30 0.00
3987 2019 186 11680.00 15.30 22.20 1.23 5.40 0.00
3987 2019 187 11750.00 12.50 23.70 1.43 4.10 8.50
3987 2019 188 16900.00 11.20 20.30 1.07 5.50 0.00
3987 2019 189 11540.00 11.10 19.50 1.06 4.90 0.30
3987 2019 190 15800.00 9.80 18.20 1.08 4.60 0.00
3987 2019 191 24960.00 9.50 22.70 1.16 4.70 0.00
3987 2019 192 20160.00 11.10 24.50 1.23 2.20 0.80
3987 2019 193 13450.00 15.50 23.50 1.71 2.30 3.10
3987 2019 194 19390.00 14.40 26.90 1.61 3.50 15.20
3987 2019 195 10870.00 14.30 20.20 1.53 3.80 0.00
3987 2019 196 8380.00 13.20 17.70 1.27 3.80 0.10
3987 2019 197 12420.00 12.60 21.10 1.38 5.30 0.00
3987 2019 198 20460.00 11.40 23.70 1.30 2.80 0.00
3987 2019 199 22960.00 13.10 27.70 1.23 2.80 0.00
3987 2019 200 15100.00 16.00 24.40 1.58 3.60 0.80
3987 2019 201 22990.00 15.90 29.90 1.62 2.80 19.40
3987 2019 202 22670.00 16.10 26.30 1.72 4.20 0.00
3987 2019 203 15120.00 14.90 25.00 1.62 2.30 0.00
3987 2019 204 27540.00 16.70 30.80 1.76 3.20 0.00
3987 2019 205 27330.00 18.30 33.30 1.59 2.70 0.00
3987 2019 206 26070.00 19.30 34.70 1.65 3.50 0.00
3987 2019 207 26960.00 17.70 31.50 1.53 4.20 0.00
3987 2019 208 24640.00 18.50 29.30 1.47 5.00 0.00
3987 2019 209 23480.00 18.10 31.50 1.70 3.80 0.00
3987 2019 210 16010.00 19.60 33.70 2.12 2.90 2.40
3987 2019 211 9510.00 18.90 25.80 2.23 3.70 0.00
3987 2019 212 9270.00 14.60 23.40 1.98 2.20 17.80
3987 2019 213 17910.00 14.40 24.90 1.65 2.60 0.00
3987 2019 214 18220.00 14.70 25.50 1.60 2.30 0.00
3987 2019 215 23110.00 14.80 26.30 1.48 2.20 0.00
3987 2019 216 20330.00 15.20 24.40 1.49 3.10 0.00
3987 2019 217 11940.00 14.40 24.50 1.57 2.70 0.00
3987 2019 218 16770.00 16.00 28.30 1.77 2.90 0.10
3987 2019 219 13310.00 16.50 25.30 1.75 3.10 0.00
3987 2019 220 21260.00 14.60 27.50 1.34 4.10 0.00
3987 2019 221 21070.00 14.30 28.60 1.46 2.70 0.30
3987 2019 222 15890.00 19.60 28.10 1.64 5.10 0.00
3987 2019 223 21220.00 16.40 29.30 1.25 3.90 0.20
3987 2019 224 14570.00 16.80 23.80 1.28 4.00 0.00
3987 2019 225 19010.00 12.10 23.30 1.18 4.70 0.00
3987 2019 226 20560.00 12.00 23.00 0.97 3.70 0.00
3987 2019 227 9360.00 13.10 22.80 1.23 4.30 0.10
3987 2019 228 16160.00 14.20 23.60 1.37 3.80 0.00
3987 2019 229 13630.00 14.60 27.90 1.29 4.30 0.70
3987 2019 230 11170.00 16.30 26.80 1.90 3.80 9.90
3987 2019 231 20880.00 15.30 24.70 1.44 3.60 0.00
3987 2019 232 14100.00 14.00 24.90 1.21 2.30 0.00
3987 2019 233 22470.00 13.10 24.30 1.15 3.00 0.00
3987 2019 234 22050.00 12.70 27.00 1.09 3.10 0.00
3987 2019 235 22210.00 14.10 28.70 1.30 2.90 0.00
3987 2019 236 19080.00 15.80 29.90 1.46 4.00 0.00
3987 2019 237 19440.00 18.20 32.40 1.56 4.30 0.00
3987 2019 238 15480.00 18.50 32.50 1.73 3.60 0.30
3987 2019 239 17230.00 19.20 33.50 1.94 3.30 0.50
3987 2019 240 15450.00 19.90 34.10 1.86 3.20 0.00
3987 2019 241 19200.00 17.40 30.70 1.75 3.40 0.00
3987 2019 242 14770.00 19.10 30.20 1.84 2.40 0.00
3987 2019 243 18570.00 18.70 34.10 1.77 3.40 0.00
3987 2019 244 15410.00 15.50 29.60 1.66 4.70 0.00
3987 2019 245 19490.00 12.40 22.80 1.08 3.70 0.00
3987 2019 246 9300.00 10.70 21.40 1.12 3.80 0.40
3987 2019 247 18410.00 13.30 27.40 1.20 3.60 0.60
3987 2019 248 15910.00 11.60 22.00 1.20 5.70 0.00
3987 2019 249 19700.00 8.20 20.90 0.87 3.60 0.00
3987 2019 250 11900.00 8.80 21.10 1.03 2.40 3.20
3987 2019 251 13410.00 11.40 20.70 1.26 1.80 0.90
3987 2019 252 2040.00 11.70 14.40 1.43 3.70 24.60
3987 2019 253 16660.00 10.10 19.30 1.16 6.10 0.00
3987 2019 254 14497.69 8.60 22.20 1.04 4.00 0.70
3987 2019 255 9220.00 14.10 22.00 1.57 3.90 0.00
3987 2019 256 9120.00 11.50 22.90 1.40 4.60 0.00
3987 2019 257 17690.00 8.20 19.10 0.99 2.30 0.00
3987 2019 258 13940.00 9.20 23.10 1.03 5.30 0.10
3987 2019 259 4860.00 11.40 14.60 1.31 3.90 0.50
3987 2019 260 7640.00 8.50 15.20 1.08 6.90 3.40
3987 2019 261 13070.00 7.10 16.40 0.89 5.90 0.00
3987 2019 262 14610.00 6.40 16.60 0.87 4.10 0.00
3987 2019 263 12430.00 5.90 16.60 0.96 3.70 0.00
3987 2019 264 16590.00 7.20 21.70 1.00 3.20 0.00
3987 2019 265 16470.00 7.80 24.90 1.03 4.00 0.00
3987 2019 266 15050.00 8.90 23.30 1.06 3.40 0.00
3987 2019 267 7854.24 13.20 19.30 1.49 2.50 0.00
3987 2019 268 3730.00 11.00 16.50 1.49 2.70 1.80
3987 2019 269 10860.00 9.50 20.30 1.41 2.80 0.50
3987 2019 270 2970.00 11.30 16.70 1.60 3.70 12.50
3987 2019 271 8260.00 11.10 18.50 1.46 4.80 5.60
3987 2019 272 3540.00 11.80 16.70 1.42 5.30 8.40
3987 2019 273 5220.00 10.20 16.90 1.38 8.40 2.20
3987 2019 274 3960.00 10.40 16.80 1.42 4.90 16.50
3987 2019 275 8400.00 7.10 13.20 1.05 4.10 2.30
3987 2019 276 6790.00 7.00 11.90 1.02 4.90 0.00
3987 2019 277 4650.00 5.40 11.10 1.01 2.90 16.00
3987 2019 278 5950.00 3.70 11.80 0.96 4.10 0.10
3987 2019 279 10690.00 2.30 11.30 0.77 3.40 0.00
3987 2019 280 11120.00 2.10 11.90 0.69 2.70 0.00
3987 2019 281 2330.00 4.80 13.10 1.13 4.90 2.60
3987 2019 282 8510.00 8.90 15.50 1.19 4.80 1.70
3987 2019 283 9140.00 8.40 14.40 1.08 5.70 1.40
3987 2019 284 4800.00 9.10 15.20 1.19 6.10 0.10
3987 2019 285 8480.00 13.60 19.10 1.34 5.60 0.00
3987 2019 286 8440.00 13.80 24.00 1.62 4.80 0.00
3987 2019 287 10420.00 13.70 22.20 1.58 3.80 0.00
3987 2019 288 10160.00 11.50 21.70 1.53 3.30 0.00
3987 2019 289 1880.00 9.60 14.20 1.34 5.60 4.60
3987 2019 290 4510.00 11.50 17.00 1.32 4.30 0.40
3987 2019 291 7590.00 8.80 18.50 1.37 4.70 2.00
3987 2019 292 4320.00 8.50 15.70 1.20 4.30 0.00
3987 2019 293 7990.00 11.20 19.80 1.34 3.10 0.00
3987 2019 294 5200.00 10.90 18.00 1.46 2.70 0.00
3987 2019 295 7590.00 8.40 17.30 1.28 2.40 0.00
3987 2019 296 7610.00 7.60 17.00 1.27 3.40 0.20
3987 2019 297 3530.00 10.40 16.60 1.44 3.00 0.00
3987 2019 298 7600.00 10.50 18.20 1.25 5.00 0.00
3987 2019 299 7020.00 9.80 17.00 1.20 5.30 0.00
3987 2019 300 1770.00 5.70 15.90 1.04 5.80 1.00
3987 2019 301 6990.00 4.50 11.70 0.89 4.80 0.90
3987 2019 302 7000.00 0.80 9.10 0.79 2.60 0.00
3987 2019 303 7980.00 -0.40 8.80 0.63 2.40 0.00
3987 2019 304 7400.00 -1.10 6.70 0.58 3.10 0.00
3987 2019 305 6310.00 -2.70 7.00 0.63 4.20 1.70
3987 2019 306 3090.00 6.30 16.10 1.21 5.20 1.80
3987 2019 307 2860.00 7.80 12.80 1.24 3.90 6.10
3987 2019 308 3430.00 8.00 12.60 1.18 3.70 3.90
3987 2019 309 2750.00 7.10 10.60 1.07 3.80 0.60
3987 2019 310 1750.00 4.90 9.00 1.00 3.50 2.40
3987 2019 311 3800.00 5.50 11.10 0.98 2.90 0.00
3987 2019 312 3330.00 3.90 11.00 0.92 2.90 2.80
3987 2019 313 570.00 3.70 7.40 0.94 3.50 2.70
3987 2019 314 6430.00 -0.50 8.20 0.74 2.20 0.00
3987 2019 315 3570.00 -1.00 4.70 0.63 3.40 0.00
3987 2019 316 3410.00 0.10 7.10 0.68 4.50 0.00
3987 2019 317 2410.00 2.00 6.50 0.72 3.80 0.00
3987 2019 318 5670.00 2.20 8.60 0.71 3.80 0.00
3987 2019 319 2500.00 3.50 9.40 0.86 5.70 1.60
3987 2019 320 1060.00 1.30 7.30 0.86 4.40 1.70
3987 2019 321 1000.00 -0.50 6.30 0.78 4.20 2.00
3987 2019 322 880.00 3.20 10.20 0.96 4.70 0.90
3987 2019 323 4520.00 3.40 7.90 0.74 4.40 8.30
3987 2019 324 750.00 4.00 5.50 0.84 1.50 0.30
3987 2019 325 800.00 5.50 8.70 1.03 3.00 3.80
3987 2019 326 2760.00 5.50 9.60 1.01 3.00 0.00
3987 2019 327 1670.00 2.60 8.00 0.87 5.00 0.00
3987 2019 328 3110.00 2.50 7.10 0.75 4.10 0.00
3987 2019 329 670.00 3.20 4.80 0.78 3.40 0.00
3987 2019 330 1240.00 3.70 7.90 0.85 3.00 0.00
3987 2019 331 940.00 3.60 7.50 0.88 4.90 3.00
3987 2019 332 2710.00 7.30 12.10 0.95 6.70 2.80
3987 2019 333 1900.00 -0.90 9.00 0.69 7.00 0.00
3987 2019 334 3630.00 -2.30 3.80 0.60 4.10 0.00
3987 2019 335 1440.00 -0.50 3.00 0.66 1.90 0.00
3987 2019 336 1100.00 0.50 4.20 0.69 4.90 0.10
3987 2019 337 3140.00 -1.10 5.00 0.71 3.80 0.40
3987 2019 338 3270.00 -0.20 6.20 0.70 4.40 0.00
3987 2019 339 4050.00 -2.40 3.90 0.54 4.10 0.00
3987 2019 340 1000.00 -1.50 5.60 0.61 5.80 5.50
3987 2019 341 1440.00 5.40 9.30 0.90 7.10 0.10
3987 2019 342 1240.00 6.90 11.00 0.86 6.50 0.10
3987 2019 343 2844.53 4.00 9.40 0.77 5.60 1.30
3987 2019 344 3800.00 0.10 5.00 0.64 5.50 0.00
3987 2019 345 1130.00 0.20 3.90 0.52 4.70 2.40
3987 2019 346 1280.00 0.10 3.70 0.67 3.70 0.00
3987 2019 347 2750.00 -1.60 2.10 0.57 4.30 0.80
3987 2019 348 770.00 1.10 5.30 0.72 5.40 5.60
3987 2019 349 1970.00 1.20 8.80 0.71 6.60 1.60
3987 2019 350 1020.00 4.00 8.60 0.83 4.70 0.10
3987 2019 351 1750.00 4.30 12.00 0.85 5.50 0.00
3987 2019 352 2030.00 1.00 11.80 0.83 4.50 0.00
3987 2019 353 2110.00 0.30 5.90 0.78 4.80 0.00
3987 2019 354 3280.00 1.80 8.50 0.87 4.30 2.90
3987 2019 355 3140.00 1.20 9.20 0.88 4.20 0.00
3987 2019 356 1450.00 -0.60 4.10 0.69 4.10 0.30
3987 2019 357 1830.00 3.50 8.00 0.86 4.90 0.80
3987 2019 358 2540.00 3.60 7.70 0.80 4.30 2.10
3987 2019 359 930.00 4.10 5.70 0.83 4.10 0.80
3987 2019 360 1610.00 3.10 5.70 0.80 4.30 2.00
3987 2019 361 1710.00 0.10 3.50 0.69 2.80 0.00
3987 2019 362 2080.00 -2.50 2.00 0.49 2.20 0.00
3987 2019 363 3440.00 -3.20 1.20 0.45 3.20 0.00
3987 2019 364 1770.00 0.80 7.00 0.43 5.40 0.00
3987 2019 365 2140.00 2.60 7.40 0.68 6.40 0.00
