*---------------------------------------------------------------------------*
* Station name: Potsdam Saekularstation
* Year: 2020
* Author: Pedro Alencar                                   -999.000: NIL VALUE
* Source: DWD
* Comments: Gaps filled with interpolation and storical means
* Longitude: 13.0622, latitude: 52.3812, altitude: 82.0 m.
*
    * Column  Daily value
    * 1       station number
    * 2       year
    * 3       day
    * 4       irradiation                   (kJ m-2 d-1)
    * 5       minimum temperature           (degrees Celsius
    * 6       maximum temperature           (degrees Celsius)
    * 7       early morning vapour pressure (kPa)
    * 8       mean wind speed (height: 2 m) (m s-1)
    * 9       precipitation                 (mm d-1)
    *
** WCCDESCRIPTION=Potsdam, Germany
** WCCFORMAT=2
** WCCYEARNR=2020
*---------------------------------------------------------------------------*
   13.0622 52.3812 82.0 -0.18 -0.55
3987 2020 1 3210.00 -2.10 4.50 0.63 3.60 0.00
3987 2020 2 4140.00 -3.80 5.30 0.47 4.40 0.00
3987 2020 3 740.00 -0.30 6.70 0.76 6.00 4.10
3987 2020 4 620.00 0.80 5.40 0.70 7.40 2.20
3987 2020 5 2070.00 -2.10 3.60 0.59 4.10 0.00
3987 2020 6 3380.00 0.60 6.80 0.69 4.10 0.00
3987 2020 7 760.00 -1.90 4.80 0.68 4.30 0.40
3987 2020 8 790.00 2.60 7.90 0.83 5.40 3.50
3987 2020 9 800.00 6.90 9.90 1.06 4.50 6.40
3987 2020 10 2240.00 4.20 10.70 1.02 5.90 1.00
3987 2020 11 2950.00 1.30 6.80 0.68 4.60 0.00
3987 2020 12 3860.00 -0.20 5.80 0.61 5.70 0.00
3987 2020 13 2890.00 1.50 8.00 0.75 5.00 0.00
3987 2020 14 1900.00 1.70 10.00 0.74 6.40 0.00
3987 2020 15 2960.00 7.00 13.20 0.77 6.20 0.00
3987 2020 16 4850.00 2.60 10.40 0.77 4.10 0.00
3987 2020 17 4670.00 -0.30 8.40 0.68 4.40 0.10
3987 2020 18 3220.00 1.90 6.60 0.69 4.60 0.10
3987 2020 19 1990.00 2.30 5.20 0.70 3.00 0.00
3987 2020 20 3780.00 -1.50 4.10 0.62 3.40 0.00
3987 2020 21 5120.00 -1.50 5.60 0.57 5.40 0.00
3987 2020 22 800.00 1.70 5.60 0.71 4.90 0.00
3987 2020 23 2970.00 -0.90 6.70 0.62 3.00 0.00
3987 2020 24 5180.00 -3.20 3.00 0.51 3.70 0.00
3987 2020 25 1420.00 -1.20 1.50 0.59 2.90 0.10
3987 2020 26 1010.00 -1.90 0.50 0.55 2.40 0.00
3987 2020 27 3930.00 0.20 9.10 0.74 4.90 4.00
3987 2020 28 2710.00 2.40 7.70 0.76 6.20 5.20
3987 2020 29 2750.00 2.50 5.80 0.63 7.70 1.90
3987 2020 30 1800.00 1.00 8.10 0.71 6.40 1.80
3987 2020 31 3320.00 6.10 11.40 0.94 6.70 0.00
3987 2020 32 1250.00 6.70 12.30 1.06 6.00 10.10
3987 2020 33 1500.00 5.10 8.40 0.82 5.80 3.30
3987 2020 34 2880.00 4.50 9.60 0.91 5.10 2.60
3987 2020 35 2560.00 3.10 6.00 0.69 6.20 2.20
3987 2020 36 7020.00 0.70 5.10 0.58 5.20 0.00
3987 2020 37 2270.00 1.60 6.10 0.67 5.40 0.30
3987 2020 38 1460.00 4.10 6.40 0.77 2.40 0.00
3987 2020 39 7400.00 0.00 8.50 0.63 4.40 0.00
3987 2020 40 5960.00 4.70 13.50 0.75 7.00 8.10
3987 2020 41 2400.00 2.50 13.40 0.79 8.30 6.70
3987 2020 42 1260.00 2.10 6.00 0.59 8.80 0.00
3987 2020 43 3400.00 2.00 7.00 0.52 8.70 0.00
3987 2020 44 4390.00 -0.50 5.20 0.59 5.00 1.70
3987 2020 45 1460.00 0.70 5.50 0.75 3.30 0.90
3987 2020 46 7930.00 0.90 10.40 0.73 5.30 0.00
3987 2020 47 1950.00 6.70 16.10 0.79 7.30 1.50
3987 2020 48 4430.00 5.30 11.30 0.73 6.90 0.20
3987 2020 49 4050.00 3.80 8.20 0.67 6.80 0.10
3987 2020 50 3530.00 3.30 7.00 0.71 6.60 5.20
3987 2020 51 3790.00 0.20 7.10 0.69 5.20 4.40
3987 2020 52 4970.00 3.60 7.60 0.67 7.10 0.00
3987 2020 53 4210.00 4.80 11.90 0.68 7.70 1.10
3987 2020 54 1390.00 2.60 7.70 0.82 6.50 18.10
3987 2020 55 4060.00 2.40 7.30 0.70 6.10 5.10
3987 2020 56 5570.00 2.30 9.90 0.81 5.60 2.20
3987 2020 57 2300.00 0.20 3.60 0.66 4.40 4.80
3987 2020 58 5420.00 1.10 5.90 0.62 3.70 0.90
3987 2020 59 6560.00 0.00 8.20 0.59 5.20 4.80
3987 2020 60 6790.00 0.60 11.70 0.78 5.80 0.60
3987 2020 61 6600.00 3.70 10.90 0.71 5.40 2.80
3987 2020 62 7650.00 2.70 9.50 0.75 4.00 0.30
3987 2020 63 2730.00 1.10 5.90 0.72 4.30 1.70
3987 2020 64 8220.00 0.00 8.60 0.63 3.90 0.00
3987 2020 65 11070.00 -0.40 11.10 0.60 3.80 2.10
3987 2020 66 2530.00 2.60 7.40 0.83 4.00 2.30
3987 2020 67 3940.00 1.20 7.70 0.68 5.90 0.00
3987 2020 68 6840.00 0.40 10.20 0.68 4.80 0.10
3987 2020 69 4250.00 3.30 10.80 0.83 3.70 1.70
3987 2020 70 3470.00 2.20 10.10 0.84 6.10 9.80
3987 2020 71 10030.00 7.20 13.00 0.91 6.30 1.10
3987 2020 72 7020.00 4.10 12.90 0.79 8.00 1.30
3987 2020 73 7170.00 1.40 9.30 0.64 7.80 0.20
3987 2020 74 15650.00 -1.30 8.30 0.45 2.70 0.00
3987 2020 75 13900.00 -1.00 12.10 0.41 5.90 0.00
3987 2020 76 14320.00 2.70 17.50 0.61 3.80 0.00
3987 2020 77 11950.00 5.40 16.10 0.76 3.30 0.00
3987 2020 78 12537.93 5.10 18.00 0.69 4.80 0.00
3987 2020 79 9870.00 7.60 15.80 0.92 3.60 0.00
3987 2020 80 2790.00 5.00 8.90 0.73 2.60 0.10
3987 2020 81 14240.00 -0.60 8.00 0.46 5.30 0.00
3987 2020 82 17920.00 -3.10 7.20 0.32 4.50 0.00
3987 2020 83 18060.00 -4.00 6.80 0.27 3.50 0.00
3987 2020 84 18290.00 -4.40 8.70 0.26 3.70 0.00
3987 2020 85 18470.00 -3.80 10.70 0.27 4.80 0.00
3987 2020 86 17600.00 -1.90 11.60 0.34 4.70 0.00
3987 2020 87 17080.00 2.30 16.60 0.50 3.80 0.00
3987 2020 88 17010.00 0.10 15.40 0.56 3.70 0.00
3987 2020 89 5220.00 -3.00 5.50 0.53 5.00 1.20
3987 2020 90 8060.00 -5.00 4.00 0.46 3.70 1.00
3987 2020 91 12650.00 -2.60 5.20 0.41 2.90 0.00
3987 2020 92 19420.00 -3.10 10.70 0.43 4.80 0.00
3987 2020 93 11740.00 3.40 11.60 0.56 5.00 0.30
3987 2020 94 16770.00 4.50 12.10 0.52 5.70 0.00
3987 2020 95 19110.00 3.70 12.90 0.49 2.20 0.00
3987 2020 96 20610.00 0.50 17.50 0.51 4.70 0.00
3987 2020 97 21270.00 3.90 22.30 0.55 5.10 0.00
3987 2020 98 20300.00 8.30 20.60 0.79 4.30 0.00
3987 2020 99 20520.00 5.90 23.60 0.65 3.30 0.00
3987 2020 100 19140.85 6.20 18.80 0.75 4.00 0.00
3987 2020 101 22010.00 3.60 16.50 0.59 2.50 0.00
3987 2020 102 21860.00 1.30 16.40 0.55 2.20 0.00
3987 2020 103 21560.00 3.40 24.50 0.64 3.30 2.70
3987 2020 104 12680.00 2.80 12.00 0.58 5.30 0.30
3987 2020 105 22930.00 -0.90 11.60 0.44 5.10 0.00
3987 2020 106 19200.00 3.20 16.20 0.60 5.70 0.00
3987 2020 107 21560.00 3.90 19.10 0.67 4.00 0.00
3987 2020 108 22010.00 4.80 18.10 0.67 2.50 0.00
3987 2020 109 24170.00 3.60 18.70 0.46 3.90 0.00
3987 2020 110 24340.00 4.30 14.50 0.42 5.10 0.00
3987 2020 111 24720.00 2.30 16.90 0.50 5.10 0.00
3987 2020 112 24520.00 4.20 18.00 0.56 5.80 0.00
3987 2020 113 24720.00 4.80 19.70 0.64 4.40 0.00
3987 2020 114 24830.00 6.70 22.30 0.67 3.00 0.00
3987 2020 115 20280.00 6.90 22.40 0.68 4.50 0.00
3987 2020 116 14870.00 7.30 16.40 0.70 4.40 0.00
3987 2020 117 23860.00 5.50 19.40 0.64 2.10 0.00
3987 2020 118 22750.00 5.00 23.40 0.70 2.50 0.00
3987 2020 119 19330.00 10.20 23.70 0.89 2.80 1.60
3987 2020 120 12860.00 8.20 18.20 1.13 2.80 16.60
3987 2020 121 13020.00 8.60 18.20 1.17 4.40 2.10
3987 2020 122 15490.00 7.90 17.60 0.96 4.40 0.00
3987 2020 123 13260.00 5.20 15.90 0.99 3.90 3.90
3987 2020 124 12990.00 5.70 14.80 0.92 3.80 0.00
3987 2020 125 5640.00 3.90 11.30 0.97 2.30 2.20
3987 2020 126 21830.00 2.80 13.00 0.71 4.00 0.10
3987 2020 127 27440.00 3.40 17.10 0.67 4.80 0.00
3987 2020 128 18110.00 5.70 17.10 0.83 4.20 0.00
3987 2020 129 26230.00 7.50 22.40 0.77 2.80 0.00
3987 2020 130 27500.00 9.20 24.00 0.81 2.90 0.00
3987 2020 131 17870.00 9.90 24.30 1.25 3.10 2.00
3987 2020 132 3460.00 0.60 14.40 0.88 4.70 9.30
3987 2020 133 18860.00 -0.40 11.50 0.65 4.50 0.10
3987 2020 134 18210.00 4.40 15.30 0.70 2.70 0.00
3987 2020 135 22830.00 4.60 14.90 0.69 3.20 0.00
3987 2020 136 25580.00 2.30 16.10 0.65 3.60 0.00
3987 2020 137 18630.00 7.50 15.50 0.76 4.80 0.20
3987 2020 138 26630.00 7.90 19.10 0.81 4.80 0.00
3987 2020 139 21010.00 9.10 22.70 0.96 4.40 0.00
3987 2020 140 14650.00 11.10 19.30 1.14 3.60 0.00
3987 2020 141 27190.00 9.30 21.30 0.85 2.90 0.00
3987 2020 142 29160.00 7.20 22.40 0.78 2.70 0.00
3987 2020 143 16330.00 9.20 22.70 0.93 3.60 4.70
3987 2020 144 11980.00 9.80 19.30 1.33 4.10 0.40
3987 2020 145 19700.00 7.90 17.00 1.15 5.20 6.20
3987 2020 146 10030.00 9.60 14.90 1.11 5.10 0.00
3987 2020 147 27300.00 7.80 21.60 1.02 2.80 0.00
3987 2020 148 27360.00 8.70 23.40 0.98 2.90 0.00
3987 2020 149 22170.00 9.40 20.90 0.94 3.90 0.00
3987 2020 150 23700.00 7.10 22.10 0.85 3.10 0.00
3987 2020 151 19820.00 7.20 19.20 0.83 4.10 0.00
3987 2020 152 24520.00 7.80 23.60 0.96 4.00 0.00
3987 2020 153 30560.00 8.30 25.30 0.93 3.60 0.00
3987 2020 154 30090.00 9.50 28.20 1.00 3.30 0.00
3987 2020 155 28750.00 12.20 26.70 1.06 2.70 0.00
3987 2020 156 16190.00 12.20 25.30 1.33 3.50 14.00
3987 2020 157 16100.00 9.20 18.30 1.19 4.60 2.30
3987 2020 158 21240.00 7.30 19.00 0.98 5.00 0.20
3987 2020 159 12170.00 8.90 19.20 1.14 3.50 0.00
3987 2020 160 24570.00 9.00 22.80 1.05 2.40 0.00
3987 2020 161 9420.00 12.20 21.10 1.17 2.60 0.00
3987 2020 162 20750.00 10.70 22.30 1.16 3.30 2.10
3987 2020 163 8490.00 14.00 20.40 1.71 2.20 2.00
3987 2020 164 19880.00 13.90 26.90 1.80 2.80 0.00
3987 2020 165 15500.00 17.30 30.50 2.08 3.60 19.80
3987 2020 166 14690.00 15.50 25.90 1.77 3.60 0.00
3987 2020 167 23327.08 13.50 25.70 1.31 3.50 0.00
3987 2020 168 27880.00 13.80 26.80 1.36 2.20 0.00
3987 2020 169 26280.00 16.30 29.00 1.42 2.90 0.00
3987 2020 170 7810.00 16.50 25.10 1.79 3.00 8.60
3987 2020 171 6640.00 15.40 20.10 1.77 3.50 0.50
3987 2020 172 12970.00 15.20 20.20 1.55 5.70 0.40
3987 2020 173 21170.00 13.90 23.80 1.43 4.30 0.40
3987 2020 174 29130.00 13.50 25.90 1.30 3.80 0.00
3987 2020 175 31210.00 12.60 25.30 1.11 3.20 0.00
3987 2020 176 21360.00 13.00 25.20 1.42 2.80 0.00
3987 2020 177 20490.00 18.10 28.50 1.63 3.90 0.00
3987 2020 178 19290.00 16.90 28.60 1.86 3.50 1.20
3987 2020 179 25210.00 16.60 31.70 1.73 3.00 0.00
3987 2020 180 13400.00 15.40 27.00 1.90 3.60 11.40
3987 2020 181 17780.00 13.60 22.40 1.38 2.70 0.00
3987 2020 182 24180.00 13.70 24.00 1.14 5.20 0.00
3987 2020 183 12240.00 15.80 23.70 1.69 4.20 8.60
3987 2020 184 20720.00 15.40 24.20 1.60 3.50 0.20
3987 2020 185 21570.00 14.60 23.60 1.41 4.20 0.00
3987 2020 186 21690.00 14.10 25.30 1.36 5.10 0.00
3987 2020 187 14670.00 17.80 27.60 1.79 5.90 1.60
3987 2020 188 21340.00 11.70 21.60 1.30 6.50 1.60
3987 2020 189 21640.00 11.10 20.40 1.08 4.90 0.20
3987 2020 190 11440.00 12.40 18.80 1.28 3.60 0.40
3987 2020 191 8710.00 12.60 19.10 1.68 2.90 10.20
3987 2020 192 14540.00 11.40 24.00 1.72 4.30 3.20
3987 2020 193 22130.00 10.20 21.00 1.11 3.80 0.00
3987 2020 194 26750.00 9.50 22.20 1.08 3.30 0.00
3987 2020 195 26690.48 11.10 24.40 1.14 2.20 0.00
3987 2020 196 25840.00 13.00 28.80 1.16 3.30 0.00
3987 2020 197 5710.00 14.20 16.90 1.58 2.40 6.90
3987 2020 198 20350.00 12.10 21.80 1.37 3.00 0.20
3987 2020 199 12970.00 10.80 20.00 1.52 2.90 0.90
3987 2020 200 26940.00 12.80 27.30 1.49 1.90 0.00
3987 2020 201 21730.00 16.40 29.90 1.63 2.20 0.00
3987 2020 202 19920.00 13.20 25.30 1.62 3.80 0.00
3987 2020 203 27050.00 11.00 23.20 1.08 3.30 0.00
3987 2020 204 24830.00 10.00 22.80 1.06 3.20 2.40
3987 2020 205 24150.00 12.10 23.10 1.13 2.40 0.00
3987 2020 206 22190.00 13.20 28.20 1.23 4.80 0.00
3987 2020 207 17710.00 14.30 26.50 1.52 2.20 0.00
3987 2020 208 12220.00 15.70 23.30 1.69 3.20 7.90
3987 2020 209 18220.00 14.10 26.30 1.57 2.70 0.40
3987 2020 210 22190.00 16.40 27.40 1.52 5.20 0.00
3987 2020 211 20460.00 12.90 23.10 1.12 4.80 0.00
3987 2020 212 25770.00 10.70 23.50 1.05 3.40 0.00
3987 2020 213 27170.00 12.40 27.20 1.22 2.80 0.00
3987 2020 214 26430.00 13.60 30.60 1.26 3.60 0.00
3987 2020 215 6550.00 16.30 23.20 1.72 2.70 2.30
3987 2020 216 15330.00 13.30 23.40 1.39 3.40 0.00
3987 2020 217 17960.00 11.00 23.50 1.22 2.70 0.00
3987 2020 218 25690.00 13.10 28.20 1.10 3.20 0.00
3987 2020 219 26210.00 14.20 30.70 1.21 3.30 0.00
3987 2020 220 22690.00 17.90 33.50 1.69 2.90 0.00
3987 2020 221 23520.00 20.60 35.50 1.63 2.80 0.00
3987 2020 222 21130.00 21.30 36.40 1.65 2.80 0.00
3987 2020 223 17860.00 20.90 32.30 1.82 3.30 0.00
3987 2020 224 24690.00 18.60 33.70 1.51 4.40 0.00
3987 2020 225 24970.00 18.10 32.40 1.23 4.10 0.00
3987 2020 226 12620.00 18.80 30.80 1.52 3.00 0.40
3987 2020 227 16400.00 20.40 30.20 1.62 3.00 0.00
3987 2020 228 19560.00 18.20 31.20 1.58 2.40 0.00
3987 2020 229 24190.00 17.90 31.60 1.29 4.00 0.00
3987 2020 230 21010.00 16.80 32.10 1.40 3.40 0.40
3987 2020 231 11720.00 17.60 26.70 1.81 3.10 0.50
3987 2020 232 20190.00 15.60 27.60 1.60 2.70 0.00
3987 2020 233 16900.00 15.60 31.50 1.56 3.10 0.00
3987 2020 234 19900.00 18.90 36.40 1.77 3.60 0.50
3987 2020 235 10450.00 15.80 26.30 2.07 4.10 4.90
3987 2020 236 18530.00 15.00 25.20 1.34 5.10 0.00
3987 2020 237 13740.00 14.20 23.60 1.36 4.30 0.00
3987 2020 238 18870.00 12.90 23.60 1.27 3.70 0.20
3987 2020 239 4590.00 14.70 20.60 1.49 7.30 7.30
3987 2020 240 12770.00 12.90 20.00 1.29 6.40 0.30
3987 2020 241 11590.00 12.10 23.50 1.37 3.60 0.10
3987 2020 242 16290.00 13.70 24.40 1.29 3.00 0.00
3987 2020 243 10840.00 12.70 23.90 1.50 2.20 20.10
3987 2020 244 14460.00 12.10 22.70 1.50 2.70 1.60
3987 2020 245 13170.00 10.30 19.40 1.21 2.60 0.00
3987 2020 246 8480.00 10.60 18.20 1.35 3.10 2.80
3987 2020 247 17160.00 11.20 23.20 1.32 3.80 7.90
3987 2020 248 10270.00 14.80 23.00 1.76 4.00 0.20
3987 2020 249 4570.00 12.60 17.80 1.54 3.60 0.50
3987 2020 250 18200.00 10.30 19.70 1.14 3.80 0.00
3987 2020 251 15980.00 10.90 20.70 1.14 3.50 0.00
3987 2020 252 12230.00 10.30 23.20 1.29 5.10 0.00
3987 2020 253 12700.00 13.80 26.10 1.66 4.20 1.30
3987 2020 254 15230.00 10.80 19.90 1.15 3.40 0.00
3987 2020 255 17380.00 9.90 22.70 1.08 2.80 0.00
3987 2020 256 16750.00 11.60 27.00 1.26 4.20 0.00
3987 2020 257 14830.00 10.90 24.70 1.30 3.70 0.00
3987 2020 258 16920.00 14.00 30.30 1.47 2.70 0.00
3987 2020 259 16480.00 15.30 31.70 1.63 4.00 0.00
3987 2020 260 14890.00 15.20 30.00 1.61 3.60 0.00
3987 2020 261 17450.00 7.40 19.50 0.96 3.60 0.00
3987 2020 262 17750.00 6.50 20.70 0.79 3.20 0.00
3987 2020 263 14990.00 6.90 22.00 0.82 4.50 0.00
3987 2020 264 16380.00 9.10 23.90 0.93 4.40 0.00
3987 2020 265 15920.00 9.30 25.30 1.07 3.80 0.00
3987 2020 266 15180.00 11.00 26.70 1.22 3.20 0.00
3987 2020 267 12838.32 13.80 26.80 1.30 3.20 0.00
3987 2020 268 10100.00 12.60 22.10 1.16 4.70 12.60
3987 2020 269 4540.00 10.70 15.30 1.28 3.00 3.40
3987 2020 270 1690.00 7.80 11.10 1.11 4.80 22.30
3987 2020 271 6920.00 5.90 12.80 1.02 2.40 0.20
3987 2020 272 14450.00 8.20 18.70 1.08 2.90 0.00
3987 2020 273 8390.00 10.10 18.80 1.12 1.80 0.00
3987 2020 274 13870.00 8.10 19.80 1.19 2.00 0.00
3987 2020 275 11860.00 9.00 18.20 1.27 2.90 0.00
3987 2020 276 6200.00 10.20 18.00 1.33 5.00 0.00
3987 2020 277 11400.00 12.50 22.30 1.46 5.60 0.00
3987 2020 278 10500.00 7.90 18.80 1.05 3.90 0.00
3987 2020 279 3440.00 7.00 13.10 1.10 4.10 1.80
3987 2020 280 6060.00 7.80 16.20 1.15 5.00 0.60
3987 2020 281 7230.00 9.60 15.70 1.24 4.30 3.80
3987 2020 282 6520.00 7.80 14.40 1.22 5.10 5.50
3987 2020 283 4620.00 10.00 15.10 1.32 3.20 2.80
3987 2020 284 6270.00 4.40 12.30 1.02 3.90 0.00
3987 2020 285 6390.00 3.70 11.40 0.87 3.90 0.00
3987 2020 286 4570.00 5.00 11.50 0.94 3.00 0.00
3987 2020 287 8280.00 3.20 12.30 0.93 2.40 0.30
3987 2020 288 1480.00 8.90 9.70 1.09 5.70 16.30
3987 2020 289 1730.00 9.00 10.20 1.16 4.50 2.30
3987 2020 290 4230.00 7.40 11.10 1.03 3.20 0.20
3987 2020 291 7420.00 6.40 12.30 0.97 2.20 0.00
3987 2020 292 2560.00 5.50 9.20 0.98 5.60 2.80
3987 2020 293 5080.00 5.10 11.30 0.97 3.40 0.00
3987 2020 294 5360.00 2.90 11.70 0.95 4.40 3.70
3987 2020 295 2430.00 9.30 15.60 1.17 4.70 0.30
3987 2020 296 5360.00 13.10 18.30 1.35 5.40 0.00
3987 2020 297 3340.00 11.60 16.20 1.42 3.00 5.30
3987 2020 298 7220.00 9.40 16.10 1.28 4.10 0.00
3987 2020 299 7370.00 9.40 16.90 1.14 5.20 0.00
3987 2020 300 2340.00 7.80 12.70 1.17 3.30 0.70
3987 2020 301 5270.00 6.60 12.40 0.94 4.90 0.00
3987 2020 302 4520.00 7.80 13.20 1.01 5.10 2.20
3987 2020 303 4900.00 7.00 11.50 0.99 5.70 2.70
3987 2020 304 1060.00 7.20 13.10 1.29 5.40 15.00
3987 2020 305 2360.00 10.90 14.50 1.49 3.30 2.30
3987 2020 306 3290.00 9.70 14.80 1.34 4.20 8.00
3987 2020 307 4490.00 13.90 19.60 1.63 5.60 6.80
3987 2020 308 6570.00 9.40 14.10 1.04 3.90 0.00
3987 2020 309 6650.00 3.90 11.20 0.85 4.60 0.00
3987 2020 310 6890.00 2.70 10.30 0.86 4.70 0.00
3987 2020 311 1370.00 7.80 9.40 1.02 3.50 0.00
3987 2020 312 5720.00 3.60 11.50 0.88 2.70 0.00
3987 2020 313 6050.00 2.00 10.60 0.79 2.90 0.00
3987 2020 314 1050.00 4.80 6.10 0.86 3.60 0.00
3987 2020 315 2038.41 4.10 5.80 0.82 2.80 0.00
3987 2020 316 2450.00 4.50 7.00 0.79 1.90 0.00
3987 2020 317 4200.00 5.50 10.80 0.88 3.50 0.00
3987 2020 318 6080.00 4.90 12.20 0.93 4.00 0.30
3987 2020 319 3290.00 8.90 14.50 1.19 3.80 0.00
3987 2020 320 4200.00 6.80 13.80 0.93 5.20 1.20
3987 2020 321 3150.00 6.60 12.10 0.99 4.60 0.10
3987 2020 322 1900.00 6.00 10.70 1.07 4.80 0.30
3987 2020 323 2020.00 7.70 12.30 1.02 4.50 0.00
3987 2020 324 1940.00 2.90 11.10 0.84 6.60 1.10
3987 2020 325 3140.00 -0.20 5.60 0.65 4.60 0.10
3987 2020 326 2750.00 -1.10 6.40 0.60 5.70 0.00
3987 2020 327 2000.00 5.30 9.80 0.84 5.70 0.00
3987 2020 328 3810.00 2.10 8.40 0.78 5.40 0.00
3987 2020 329 4430.00 -0.20 7.60 0.66 4.10 0.00
3987 2020 330 1030.00 -0.70 2.80 0.63 3.40 0.00
3987 2020 331 840.00 -0.40 6.80 0.80 3.90 0.20
3987 2020 332 2660.00 2.40 8.50 0.88 1.80 0.30
3987 2020 333 1220.00 0.60 4.50 0.64 1.70 0.00
3987 2020 334 2150.00 -1.00 4.00 0.63 2.50 0.30
3987 2020 335 1020.00 -0.60 2.20 0.57 2.90 0.00
3987 2020 336 1480.00 -1.60 3.70 0.58 3.00 0.00
3987 2020 337 4610.00 -4.20 2.10 0.49 3.30 0.00
3987 2020 338 1190.00 -3.60 0.70 0.45 4.20 0.00
3987 2020 339 1820.00 -3.80 3.50 0.53 4.20 0.00
3987 2020 340 2650.00 -0.70 6.80 0.61 4.00 0.00
3987 2020 341 2570.00 3.40 10.20 0.84 5.20 0.00
3987 2020 342 1070.00 2.30 7.50 0.74 4.10 0.00
3987 2020 343 2288.05 0.80 6.10 0.69 4.20 0.50
3987 2020 344 770.00 0.60 2.30 0.64 5.10 0.10
3987 2020 345 490.00 -1.20 0.60 0.56 3.70 0.00
3987 2020 346 1180.00 -1.30 1.00 0.55 4.30 0.00
3987 2020 347 1600.00 -1.30 1.50 0.60 4.20 0.00
3987 2020 348 800.00 1.40 3.70 0.72 2.10 0.00
3987 2020 349 2230.00 2.00 7.40 0.78 3.90 0.00
3987 2020 350 1480.00 3.00 7.30 0.75 3.90 0.60
3987 2020 351 1980.00 3.60 9.20 0.97 2.80 0.00
3987 2020 352 2400.00 1.50 7.60 0.78 4.30 1.10
3987 2020 353 3670.00 0.80 8.20 0.78 4.20 0.00
3987 2020 354 3680.00 0.50 6.60 0.66 4.70 0.00
3987 2020 355 2880.00 0.80 5.90 0.65 3.90 1.60
3987 2020 356 3320.00 2.50 6.10 0.78 4.30 5.60
3987 2020 357 1250.00 5.30 13.00 1.06 6.00 1.40
3987 2020 358 960.00 5.70 9.80 0.93 3.00 5.00
3987 2020 359 650.00 2.50 9.90 0.87 5.70 1.40
3987 2020 360 1200.00 0.20 3.50 0.63 4.10 0.30
3987 2020 361 1540.00 -1.80 2.10 0.55 4.30 0.00
3987 2020 362 1640.00 0.20 2.10 0.43 6.80 0.00
3987 2020 363 2190.00 0.10 4.00 0.57 3.90 2.30
3987 2020 364 2410.00 -0.90 3.50 0.63 4.10 0.00
3987 2020 365 3520.00 -1.10 4.50 0.60 4.50 0.00
3987 2020 366 2540.00 0.00 4.10 0.59 4.00 0.00
