*---------------------------------------------------------------------------*
* Station name: Potsdam Saekularstation
* Year: 2012
* Author: Pedro Alencar                                   -999.000: NIL VALUE
* Source: DWD
* Comments: Gaps filled with interpolation and storical means
* Longitude: 13.0622, latitude: 52.3812, altitude: 82.0 m.
*
    * Column  Daily value
    * 1       station number
    * 2       year
    * 3       day
    * 4       irradiation                   (kJ m-2 d-1)
    * 5       minimum temperature           (degrees Celsius
    * 6       maximum temperature           (degrees Celsius)
    * 7       early morning vapour pressure (kPa)
    * 8       mean wind speed (height: 2 m) (m s-1)
    * 9       precipitation                 (mm d-1)
    *
** WCCDESCRIPTION=Potsdam, Germany
** WCCFORMAT=2
** WCCYEARNR=2012
*---------------------------------------------------------------------------*
   13.0622 52.3812 82.0 -0.18 -0.55
3987 2012 1 810.00 1.90 10.30 0.99 4.80 2.00
3987 2012 2 860.00 4.10 12.30 1.07 5.30 5.40
3987 2012 3 2430.00 0.90 9.80 0.72 7.40 3.00
3987 2012 4 2370.00 3.70 7.00 0.65 8.30 5.30
3987 2012 5 2000.00 2.60 6.40 0.74 9.80 4.80
3987 2012 6 960.00 -0.70 3.60 0.61 6.90 0.00
3987 2012 7 590.00 2.10 6.20 0.76 6.80 3.20
3987 2012 8 1000.00 3.00 5.30 0.78 5.90 1.70
3987 2012 9 1320.00 2.10 6.80 0.75 4.20 3.40
3987 2012 10 2710.00 3.90 6.70 0.76 6.80 0.00
3987 2012 11 810.00 4.80 8.00 0.87 5.70 0.20
3987 2012 12 600.00 3.00 10.10 0.85 8.20 1.10
3987 2012 13 1400.00 1.60 3.80 0.61 8.60 0.00
3987 2012 14 3810.00 -1.60 3.60 0.54 6.40 0.00
3987 2012 15 4480.00 -2.80 1.40 0.48 3.00 0.00
3987 2012 16 740.00 -1.50 2.30 0.60 4.00 1.70
3987 2012 17 650.00 -0.90 3.00 0.66 5.10 0.10
3987 2012 18 4440.00 -2.40 4.90 0.51 4.90 4.60
3987 2012 19 620.00 2.20 4.40 0.77 6.40 8.80
3987 2012 20 1410.00 0.40 2.60 0.65 6.40 0.70
3987 2012 21 700.00 0.70 4.30 0.67 6.30 3.40
3987 2012 22 1330.00 1.20 5.90 0.72 8.00 3.20
3987 2012 23 1840.00 -0.10 2.50 0.62 2.90 3.30
3987 2012 24 1000.00 -1.70 1.70 0.61 1.10 0.00
3987 2012 25 3030.00 -4.50 -0.30 0.48 1.60 0.00
3987 2012 26 5650.00 -6.20 0.60 0.41 4.30 0.00
3987 2012 27 2140.00 -4.60 -2.10 0.40 4.50 0.00
3987 2012 28 2350.00 -5.70 -3.00 0.36 3.70 1.40
3987 2012 29 4290.00 -6.70 -4.00 0.30 5.90 0.00
3987 2012 30 6600.00 -9.30 -2.50 0.23 7.10 0.00
3987 2012 31 6120.00 -10.90 -6.10 0.23 6.70 0.00
3987 2012 32 6810.00 -12.30 -5.60 0.19 5.40 0.00
3987 2012 33 6720.00 -15.50 -7.70 0.18 2.80 0.50
3987 2012 34 5250.00 -12.90 -6.00 0.25 2.40 0.10
3987 2012 35 7380.00 -15.60 -7.60 0.22 2.40 0.00
3987 2012 36 3120.00 -16.20 -9.50 0.20 2.70 0.00
3987 2012 37 7390.00 -19.60 -10.60 0.14 2.60 0.00
3987 2012 38 4520.00 -18.70 -6.20 0.21 3.10 0.00
3987 2012 39 6960.00 -10.30 -3.80 0.26 3.20 0.40
3987 2012 40 2960.00 -10.50 -2.60 0.35 4.60 0.80
3987 2012 41 8010.00 -14.40 -5.60 0.23 2.30 0.00
3987 2012 42 4920.00 -13.00 -5.30 0.26 2.00 0.00
3987 2012 43 7300.00 -13.20 -3.60 0.27 3.60 0.00
3987 2012 44 1570.00 -4.00 -0.40 0.46 2.90 0.00
3987 2012 45 3730.00 -4.60 1.50 0.50 4.10 3.20
3987 2012 46 4790.00 0.20 3.80 0.52 8.60 0.00
3987 2012 47 8620.00 -3.50 3.50 0.48 4.20 7.30
3987 2012 48 2990.00 1.80 5.90 0.75 6.20 0.50
3987 2012 49 3740.00 0.50 8.80 0.75 4.70 1.90
3987 2012 50 2990.00 -0.40 5.50 0.66 6.40 0.50
3987 2012 51 8490.00 -2.10 4.70 0.51 5.20 0.00
3987 2012 52 1850.00 -0.80 3.90 0.60 5.90 6.80
3987 2012 53 7630.00 3.00 9.80 0.73 5.70 2.00
3987 2012 54 4440.00 3.70 10.60 0.89 7.80 0.50
3987 2012 55 1980.00 5.10 11.40 1.09 8.50 2.60
3987 2012 56 6880.00 2.80 8.50 0.69 8.40 1.20
3987 2012 57 10440.00 -2.20 7.50 0.51 4.60 0.30
3987 2012 58 7860.00 -3.50 5.40 0.57 3.70 3.20
3987 2012 59 1050.00 4.30 9.80 0.99 7.00 1.60
3987 2012 60 2320.00 8.20 10.40 1.13 4.80 0.90
3987 2012 61 2380.00 7.50 10.10 1.07 4.50 0.20
3987 2012 62 3440.00 1.10 8.20 0.83 3.50 0.00
3987 2012 63 11870.00 -1.90 9.40 0.50 4.10 0.00
3987 2012 64 9110.00 -0.70 9.20 0.45 5.10 0.00
3987 2012 65 12880.00 -2.00 9.80 0.38 5.60 0.00
3987 2012 66 13130.00 -3.60 6.10 0.36 4.20 0.00
3987 2012 67 11220.00 -4.80 7.70 0.42 3.70 0.90
3987 2012 68 4490.00 0.70 8.80 0.67 4.40 1.80
3987 2012 69 13160.00 -1.00 10.50 0.62 4.20 0.00
3987 2012 70 3240.00 5.50 11.40 0.82 6.20 0.20
3987 2012 71 4880.00 6.60 9.80 0.83 6.10 0.20
3987 2012 72 2510.00 6.20 9.60 0.93 5.80 0.20
3987 2012 73 2690.00 6.00 8.10 0.88 5.40 0.00
3987 2012 74 2550.00 6.10 8.50 0.77 5.00 0.00
3987 2012 75 6530.00 3.20 9.80 0.74 3.10 0.00
3987 2012 76 15080.00 1.20 21.20 0.75 3.70 0.00
3987 2012 77 14400.00 6.50 20.00 0.88 4.00 0.00
3987 2012 78 10790.00 5.00 17.50 0.91 4.50 0.40
3987 2012 79 16270.00 2.60 11.40 0.59 6.50 0.00
3987 2012 80 11620.00 0.70 13.50 0.69 5.30 0.10
3987 2012 81 4140.00 8.40 12.60 1.00 4.00 0.00
3987 2012 82 15670.00 7.80 17.40 0.94 2.30 0.00
3987 2012 83 16780.00 4.70 18.80 0.93 2.30 0.00
3987 2012 84 16840.00 4.70 19.50 0.86 3.20 0.00
3987 2012 85 15910.00 2.20 15.10 0.79 3.60 0.00
3987 2012 86 18060.00 2.00 15.60 0.64 2.50 0.00
3987 2012 87 12910.00 4.60 16.90 0.93 4.80 0.00
3987 2012 88 16930.00 5.80 19.90 0.81 6.70 0.00
3987 2012 89 3420.00 6.70 9.30 0.77 8.60 0.10
3987 2012 90 6580.00 6.50 10.30 0.80 7.70 1.20
3987 2012 91 10280.00 1.80 7.90 0.66 8.70 3.30
3987 2012 92 16250.00 -1.00 10.80 0.56 6.80 0.50
3987 2012 93 8900.00 4.00 7.70 0.63 6.30 0.00
3987 2012 94 11190.00 3.90 12.90 0.75 3.30 2.80
3987 2012 95 1320.00 3.60 6.00 0.81 3.30 4.20
3987 2012 96 6630.00 0.40 7.00 0.64 3.10 0.00
3987 2012 97 11790.00 -1.70 9.10 0.60 3.00 2.10
3987 2012 98 8380.00 -0.70 5.80 0.61 6.10 1.30
3987 2012 99 16010.00 -1.80 7.20 0.37 3.60 0.00
3987 2012 100 15340.00 -1.30 12.50 0.56 5.40 0.00
3987 2012 101 11070.00 6.80 18.80 0.90 5.00 0.00
3987 2012 102 7470.00 5.50 15.50 0.87 3.80 0.00
3987 2012 103 8630.00 4.80 11.60 0.89 2.60 2.60
3987 2012 104 8960.00 3.30 11.70 0.82 3.50 0.20
3987 2012 105 19670.00 1.50 14.70 0.65 2.60 0.00
3987 2012 106 10430.00 4.00 13.50 0.62 4.10 0.00
3987 2012 107 17180.00 1.40 11.60 0.54 5.10 0.00
3987 2012 108 19830.00 -0.70 11.60 0.49 4.00 0.00
3987 2012 109 14790.00 2.10 14.50 0.54 4.00 0.00
3987 2012 110 17270.00 3.40 18.20 0.63 3.60 0.00
3987 2012 111 16080.00 6.60 17.90 0.82 2.70 0.70
3987 2012 112 17450.00 5.00 17.10 0.79 4.30 0.70
3987 2012 113 15560.00 4.60 14.40 0.80 4.20 0.00
3987 2012 114 15720.00 3.10 15.80 0.71 4.20 0.00
3987 2012 115 14660.00 4.80 18.10 0.91 3.80 2.60
3987 2012 116 14360.00 7.10 16.70 0.87 4.60 0.00
3987 2012 117 6890.00 10.00 19.80 0.86 4.80 0.00
3987 2012 118 19140.00 11.80 24.30 1.02 3.30 0.00
3987 2012 119 24130.00 11.10 31.40 1.15 3.40 0.00
3987 2012 120 15280.00 15.00 28.50 1.31 4.20 0.00
3987 2012 121 21020.00 10.70 24.70 1.22 4.20 0.00
3987 2012 122 24270.00 9.00 28.80 1.24 3.50 0.00
3987 2012 123 24190.00 13.10 28.30 1.42 4.30 4.00
3987 2012 124 12000.00 12.90 21.60 1.61 2.70 1.60
3987 2012 125 17490.00 12.70 20.30 1.20 4.20 0.00
3987 2012 126 5250.00 4.80 13.70 1.07 3.40 7.90
3987 2012 127 8810.00 4.80 10.30 0.84 2.30 0.30
3987 2012 128 11440.00 6.70 14.50 0.94 2.10 0.00
3987 2012 129 18550.00 8.20 20.70 1.06 3.40 0.00
3987 2012 130 15315.90 10.30 21.60 1.36 4.60 0.20
3987 2012 131 17500.00 13.00 25.40 1.56 4.70 0.60
3987 2012 132 16230.00 12.30 28.70 1.77 5.00 8.80
3987 2012 133 20560.00 5.50 14.40 0.82 6.70 0.00
3987 2012 134 11110.00 4.10 12.90 0.75 3.90 0.00
3987 2012 135 27740.00 2.80 17.80 0.71 4.20 0.00
3987 2012 136 19300.00 5.90 19.10 0.84 4.40 1.00
3987 2012 137 15220.00 5.30 14.60 0.84 6.00 0.00
3987 2012 138 19910.00 3.20 14.40 0.67 5.10 0.00
3987 2012 139 22270.00 3.90 18.20 0.68 4.30 0.00
3987 2012 140 16140.00 9.00 24.10 0.98 3.30 0.00
3987 2012 141 28110.00 11.50 28.50 1.07 4.40 0.00
3987 2012 142 18470.00 15.00 28.50 1.35 4.50 0.00
3987 2012 143 24850.00 16.00 31.60 1.46 4.10 0.00
3987 2012 144 25450.00 15.60 31.60 1.56 3.60 0.00
3987 2012 145 29250.00 12.20 26.20 0.96 4.80 0.00
3987 2012 146 29340.00 8.70 24.60 0.81 3.90 0.00
3987 2012 147 26250.00 10.60 24.10 0.88 3.40 0.00
3987 2012 148 27360.00 13.40 25.90 1.04 2.60 0.00
3987 2012 149 26670.00 14.20 25.80 1.05 2.70 0.00
3987 2012 150 25360.00 11.10 22.70 1.04 5.20 0.00
3987 2012 151 15340.00 9.10 16.90 1.00 3.80 0.00
3987 2012 152 10520.00 10.90 17.10 1.27 2.50 17.10
3987 2012 153 10950.00 7.20 15.10 1.05 6.60 0.10
3987 2012 154 19210.00 5.80 15.60 0.80 5.80 0.00
3987 2012 155 10530.00 6.60 13.40 0.98 2.00 6.70
3987 2012 156 15810.00 8.20 15.30 1.06 3.00 12.00
3987 2012 157 15960.00 7.80 15.50 0.99 4.70 0.00
3987 2012 158 15990.00 7.10 17.00 1.02 3.40 0.90
3987 2012 159 15860.00 10.30 20.80 1.44 3.30 1.20
3987 2012 160 20490.00 14.10 24.80 1.51 4.50 0.00
3987 2012 161 23370.00 11.40 23.10 1.04 5.00 0.00
3987 2012 162 24470.00 10.40 22.30 0.95 3.00 0.00
3987 2012 163 16610.00 11.10 21.90 1.03 2.10 1.50
3987 2012 164 18690.00 12.80 21.30 1.45 2.20 0.30
3987 2012 165 15190.00 12.10 20.30 1.34 4.10 0.00
3987 2012 166 13070.00 11.00 17.80 1.08 2.50 0.00
3987 2012 167 20800.00 10.20 22.60 1.26 3.50 2.70
3987 2012 168 6420.00 15.10 20.60 1.77 3.80 8.20
3987 2012 169 23740.00 13.10 23.80 1.31 4.00 0.00
3987 2012 170 27140.00 12.30 31.90 1.60 5.40 9.00
3987 2012 171 24780.00 11.60 24.20 1.35 2.60 14.00
3987 2012 172 4090.00 13.40 16.60 1.69 4.40 7.80
3987 2012 173 4050.00 13.10 16.50 1.57 2.80 0.00
3987 2012 174 24230.00 13.70 24.70 1.44 4.30 0.00
3987 2012 175 21000.00 12.40 23.60 1.25 4.40 0.00
3987 2012 176 16170.00 12.70 24.10 1.43 5.00 6.80
3987 2012 177 16610.00 12.00 18.10 1.33 7.70 9.50
3987 2012 178 8800.00 10.80 16.80 1.22 6.80 0.00
3987 2012 179 11420.00 9.80 18.00 1.42 3.20 5.40
3987 2012 180 19380.00 14.60 25.00 1.78 2.60 0.00
3987 2012 181 23110.00 15.60 31.10 1.94 4.00 0.20
3987 2012 182 23300.00 18.70 28.70 2.02 2.80 11.60
3987 2012 183 17210.00 15.40 24.50 1.93 3.70 0.20
3987 2012 184 18650.00 12.90 22.00 1.40 2.60 1.00
3987 2012 185 10550.00 15.10 22.90 1.80 1.80 0.00
3987 2012 186 23840.00 15.60 26.50 1.79 2.30 0.00
3987 2012 187 16030.00 16.30 27.60 2.18 3.80 10.80
3987 2012 188 21080.00 17.70 29.00 2.17 2.90 9.70
3987 2012 189 9990.00 16.40 24.00 2.11 2.40 45.50
3987 2012 190 21140.00 14.40 26.80 1.93 3.70 0.90
3987 2012 191 21790.00 14.90 24.40 1.58 4.80 1.90
3987 2012 192 21670.00 15.10 24.40 1.58 3.50 0.00
3987 2012 193 15050.00 13.80 21.10 1.60 3.80 5.10
3987 2012 194 14630.00 10.30 17.60 1.39 4.90 3.90
3987 2012 195 9470.00 9.40 17.30 1.43 4.30 3.30
3987 2012 196 14510.00 12.70 19.50 1.55 5.40 16.10
3987 2012 197 17260.00 12.40 19.90 1.42 4.00 2.00
3987 2012 198 19890.00 12.10 20.10 1.38 4.90 7.60
3987 2012 199 13970.00 12.60 20.40 1.59 4.60 5.60
3987 2012 200 8890.00 13.90 21.60 1.79 3.80 9.10
3987 2012 201 15060.00 12.70 20.70 1.65 5.60 3.00
3987 2012 202 22200.00 11.50 20.10 1.22 5.80 0.00
3987 2012 203 17330.00 10.20 18.60 1.15 4.00 0.00
3987 2012 204 23790.00 10.80 21.90 1.15 3.20 0.00
3987 2012 205 26610.00 11.40 25.60 1.18 2.50 0.00
3987 2012 206 26050.00 13.90 28.70 1.40 4.50 0.00
3987 2012 207 25250.00 16.70 33.20 1.75 3.00 0.00
3987 2012 208 22300.00 19.40 30.90 2.02 2.80 0.00
3987 2012 209 24840.00 16.60 31.60 1.74 2.60 1.80
3987 2012 210 16060.00 18.50 28.30 2.21 3.70 10.80
3987 2012 211 9410.00 14.90 22.40 1.89 3.60 8.60
3987 2012 212 19470.00 12.60 22.00 1.34 4.00 0.30
3987 2012 213 19370.00 11.10 22.70 1.24 2.90 0.00
3987 2012 214 25580.00 13.30 26.90 1.39 2.80 0.00
3987 2012 215 19710.00 16.10 29.70 1.95 4.00 0.60
3987 2012 216 12020.00 16.60 23.50 1.89 2.20 1.00
3987 2012 217 19680.00 15.90 26.90 1.75 2.50 0.00
3987 2012 218 10100.00 15.70 23.30 1.99 3.00 6.70
3987 2012 219 15500.00 16.90 24.20 1.86 4.60 0.00
3987 2012 220 17840.00 15.00 21.90 1.42 5.90 0.00
3987 2012 221 17980.00 13.60 22.60 1.45 4.70 0.90
3987 2012 222 16090.00 12.70 21.40 1.40 3.50 0.00
3987 2012 223 12590.00 11.20 19.50 1.34 3.50 3.50
3987 2012 224 19440.00 11.80 21.80 1.37 2.40 0.00
3987 2012 225 20460.00 11.00 22.20 1.18 3.70 0.00
3987 2012 226 20990.00 10.90 23.20 1.21 3.60 0.00
3987 2012 227 23670.00 11.60 24.30 1.30 3.10 0.00
3987 2012 228 21420.00 11.30 24.30 1.34 2.80 0.00
3987 2012 229 10430.00 13.20 22.50 1.71 3.20 1.60
3987 2012 230 20160.00 13.30 25.00 1.62 1.90 0.00
3987 2012 231 20920.00 13.80 28.20 1.55 3.00 0.00
3987 2012 232 22100.00 16.00 36.20 1.57 3.90 0.00
3987 2012 233 18120.00 21.90 35.60 2.04 3.70 0.00
3987 2012 234 16290.00 18.20 26.80 1.91 2.90 9.70
3987 2012 235 20430.00 15.20 24.70 1.72 5.40 0.00
3987 2012 236 21070.00 12.80 24.10 1.31 3.10 0.50
3987 2012 237 6740.00 12.30 19.50 1.59 2.70 2.00
3987 2012 238 16800.00 14.50 24.80 1.76 3.60 0.00
3987 2012 239 15450.00 14.80 23.00 1.57 6.00 1.00
3987 2012 240 17240.00 13.00 21.30 1.26 4.30 0.00
3987 2012 241 13070.00 9.50 22.90 1.37 3.70 0.20
3987 2012 242 18990.00 13.80 27.20 1.56 2.90 0.00
3987 2012 243 6820.00 16.00 23.20 1.87 2.80 9.10
3987 2012 244 6630.00 13.40 18.90 1.70 3.00 0.10
3987 2012 245 18910.00 11.10 20.40 1.35 3.00 0.00
3987 2012 246 17020.00 9.70 21.00 1.29 1.70 0.00
3987 2012 247 16550.00 13.10 23.30 1.45 2.50 0.00
3987 2012 248 18640.00 12.10 23.90 1.55 2.30 0.00
3987 2012 249 8540.00 13.20 20.00 1.45 3.30 0.10
3987 2012 250 18370.00 11.20 19.40 1.07 4.90 0.00
3987 2012 251 6070.00 11.40 18.80 1.36 5.40 6.40
3987 2012 252 8280.00 13.60 21.20 1.74 3.90 2.70
3987 2012 253 16460.00 13.00 24.60 1.69 3.30 0.00
3987 2012 254 16380.00 14.80 29.20 1.56 3.70 0.00
3987 2012 255 13770.00 14.40 27.80 1.52 5.10 0.50
3987 2012 256 11100.00 9.80 17.30 1.24 3.60 0.00
3987 2012 257 16240.00 7.10 17.90 1.03 3.00 0.00
3987 2012 258 13800.00 7.40 19.80 1.13 5.90 1.10
3987 2012 259 9420.00 11.00 18.30 1.31 5.70 0.20
3987 2012 260 15250.00 9.70 21.70 1.20 4.10 0.00
3987 2012 261 14250.00 11.30 22.90 1.35 3.50 0.00
3987 2012 262 14630.00 12.20 24.30 1.44 3.70 3.80
3987 2012 263 14280.00 7.90 15.80 1.05 4.80 0.00
3987 2012 264 13120.00 5.80 15.80 0.90 4.20 0.00
3987 2012 265 11630.00 6.20 17.30 0.89 4.20 0.30
3987 2012 266 9450.00 7.20 15.50 1.02 5.70 0.10
3987 2012 267 10002.72 4.80 16.70 0.88 3.20 0.40
3987 2012 268 5010.00 9.10 15.70 1.18 5.20 3.20
3987 2012 269 10360.00 10.20 21.80 1.32 4.90 4.50
3987 2012 270 8000.00 12.40 22.40 1.57 3.50 5.40
3987 2012 271 7890.00 11.80 16.10 1.37 4.20 5.80
3987 2012 272 10040.00 9.20 17.00 1.16 5.00 0.00
3987 2012 273 8700.00 8.20 18.50 1.11 5.10 0.00
3987 2012 274 12720.00 7.00 16.60 0.99 4.40 0.00
3987 2012 275 10950.00 6.30 17.90 1.04 2.90 0.00
3987 2012 276 12390.00 7.00 19.20 1.09 3.80 0.00
3987 2012 277 10900.00 10.20 20.40 1.17 5.00 0.00
3987 2012 278 3600.00 8.30 16.10 1.27 6.20 7.80
3987 2012 279 4570.00 6.80 16.40 1.20 6.20 4.90
3987 2012 280 2930.00 6.40 17.40 1.26 5.00 7.30
3987 2012 281 7500.00 6.10 13.50 1.00 5.40 0.30
3987 2012 282 8310.00 4.00 14.00 0.96 5.20 0.00
3987 2012 283 10560.00 2.60 12.50 0.83 6.00 0.00
3987 2012 284 4190.00 4.00 9.50 0.92 4.50 1.40
3987 2012 285 6820.00 4.30 12.20 0.96 2.60 0.00
3987 2012 286 8350.00 2.00 13.20 0.94 4.40 3.50
3987 2012 287 10120.00 6.10 13.50 0.99 4.80 0.40
3987 2012 288 8280.00 5.90 13.00 0.93 4.50 1.20
3987 2012 289 2860.00 4.40 12.50 1.03 4.80 0.00
3987 2012 290 10360.00 2.50 13.40 0.88 4.50 0.20
3987 2012 291 8800.00 4.50 14.40 0.99 4.90 0.00
3987 2012 292 8980.00 9.70 18.90 1.18 4.60 0.00
3987 2012 293 9410.00 7.80 21.60 1.29 3.80 0.00
3987 2012 294 8630.00 8.30 22.90 1.39 2.60 0.00
3987 2012 295 8370.00 11.30 20.70 1.52 3.30 0.00
3987 2012 296 1070.00 11.50 13.60 1.38 3.20 0.40
3987 2012 297 1070.00 10.80 12.10 1.27 1.70 0.00
3987 2012 298 4380.00 9.00 13.60 1.22 1.90 0.10
3987 2012 299 3680.00 6.00 12.00 1.06 4.90 0.40
3987 2012 300 8320.00 0.30 7.10 0.52 3.30 0.00
3987 2012 301 3300.00 -0.20 5.20 0.52 3.50 0.00
3987 2012 302 8470.00 -1.60 7.30 0.56 2.40 0.00
3987 2012 303 8820.00 -2.30 6.70 0.51 4.90 1.20
3987 2012 304 1290.00 1.10 5.40 0.76 4.50 3.10
3987 2012 305 6590.00 -0.20 8.80 0.77 4.20 0.00
3987 2012 306 1750.00 1.20 6.90 0.82 5.10 2.30
3987 2012 307 5760.00 5.00 10.00 0.81 5.50 3.00
3987 2012 308 3130.00 3.70 9.00 0.89 4.90 0.80
3987 2012 309 4290.00 3.90 10.30 0.90 4.30 5.10
3987 2012 310 3510.00 5.80 10.30 0.90 5.60 0.30
3987 2012 311 4810.00 3.80 7.50 0.75 6.10 2.50
3987 2012 312 2460.00 4.90 10.60 1.03 7.00 0.40
3987 2012 313 1660.00 7.70 10.00 0.90 5.90 0.40
3987 2012 314 2670.00 5.90 10.60 0.97 3.90 0.00
3987 2012 315 3320.00 3.70 10.50 0.88 4.00 3.20
3987 2012 316 1870.00 6.20 11.80 1.01 3.80 0.00
3987 2012 317 3550.00 3.30 8.90 0.84 4.00 0.00
3987 2012 318 5850.00 1.00 9.60 0.72 3.80 0.00
3987 2012 319 5840.00 -1.50 7.80 0.64 3.60 0.00
3987 2012 320 1900.00 -2.70 -0.90 0.53 2.30 0.00
3987 2012 321 1010.00 -1.70 0.40 0.60 2.40 0.00
3987 2012 322 2230.00 -1.10 1.90 0.63 3.20 0.00
3987 2012 323 1090.00 -1.30 6.20 0.78 3.40 1.10
3987 2012 324 1100.00 3.70 6.60 0.92 2.30 0.00
3987 2012 325 2280.00 2.90 5.90 0.84 2.70 0.00
3987 2012 326 3310.00 3.40 7.90 0.87 3.90 0.00
3987 2012 327 3290.00 1.20 9.90 0.81 4.70 0.00
3987 2012 328 3500.00 -1.10 5.90 0.74 4.20 3.90
3987 2012 329 1180.00 5.50 7.40 0.94 2.50 1.10
3987 2012 330 1400.00 5.40 11.10 0.90 5.50 0.10
3987 2012 331 3900.00 2.60 9.60 0.80 4.70 1.50
3987 2012 332 1130.00 5.60 8.80 1.02 3.20 1.70
3987 2012 333 800.00 5.20 6.40 0.92 2.10 4.80
3987 2012 334 420.00 1.60 5.20 0.77 4.90 16.70
3987 2012 335 1140.00 -2.40 2.80 0.64 4.30 0.20
3987 2012 336 1590.00 -2.60 1.30 0.56 4.10 0.20
3987 2012 337 1780.00 -1.30 0.70 0.54 3.20 0.00
3987 2012 338 3230.00 -1.50 0.80 0.53 4.10 2.00
3987 2012 339 1320.00 -0.40 3.70 0.66 5.90 2.20
3987 2012 340 3880.00 -5.00 1.00 0.46 5.50 0.20
3987 2012 341 1310.00 -6.80 -1.30 0.45 4.80 2.20
3987 2012 342 2733.33 -7.40 -1.40 0.38 4.40 0.00
3987 2012 343 1932.24 -9.70 -3.10 0.37 3.80 0.40
3987 2012 344 710.00 -4.80 0.80 0.49 5.20 9.40
3987 2012 345 610.00 -3.90 0.90 0.57 4.00 1.70
3987 2012 346 980.00 -4.30 -1.40 0.46 5.10 0.00
3987 2012 347 2230.54 -7.50 -3.30 0.40 3.20 0.00
3987 2012 348 1850.00 -5.20 -2.20 0.45 3.40 0.30
3987 2012 349 1450.00 -5.70 -0.20 0.46 4.60 6.30
3987 2012 350 1290.00 -0.40 4.00 0.71 5.30 1.20
3987 2012 351 1270.00 2.40 5.00 0.78 4.80 0.70
3987 2012 352 1850.00 1.10 4.60 0.75 3.60 0.80
3987 2012 353 1480.00 1.60 3.40 0.72 2.20 4.70
3987 2012 354 730.00 1.20 2.30 0.69 1.60 0.00
3987 2012 355 540.00 -0.70 1.80 0.64 4.40 0.00
3987 2012 356 480.00 -3.80 -0.70 0.44 4.50 0.00
3987 2012 357 600.00 -3.80 -2.30 0.46 5.10 3.00
3987 2012 358 340.00 -2.70 5.30 0.59 6.10 9.90
3987 2012 359 1600.00 4.40 8.40 0.94 4.90 0.00
3987 2012 360 970.00 5.80 12.10 0.92 6.40 1.40
3987 2012 361 1390.00 2.90 8.70 0.81 5.80 1.50
3987 2012 362 2770.00 2.80 8.60 0.80 6.10 0.40
3987 2012 363 4050.00 -3.50 2.90 0.48 4.00 0.00
3987 2012 364 1730.00 1.50 8.30 0.75 5.50 0.00
3987 2012 365 2640.00 3.90 9.70 0.73 6.20 0.30
3987 2012 366 1410.00 4.30 8.90 0.79 6.40 0.00
