*---------------------------------------------------------------------------*
* Station name: Potsdam Saekularstation
* Year: 2014
* Author: Pedro Alencar                                   -999.000: NIL VALUE
* Source: DWD
* Comments: Gaps filled with interpolation and storical means
* Longitude: 13.0622, latitude: 52.3812, altitude: 82.0 m.
*
    * Column  Daily value
    * 1       station number
    * 2       year
    * 3       day
    * 4       irradiation                   (kJ m-2 d-1)
    * 5       minimum temperature           (degrees Celsius
    * 6       maximum temperature           (degrees Celsius)
    * 7       early morning vapour pressure (kPa)
    * 8       mean wind speed (height: 2 m) (m s-1)
    * 9       precipitation                 (mm d-1)
    *
** WCCDESCRIPTION=Potsdam, Germany
** WCCFORMAT=2
** WCCYEARNR=2014
*---------------------------------------------------------------------------*
   13.0622 52.3812 82.0 -0.18 -0.55
3987 2014 1 1880.00 -2.00 4.20 0.57 4.30 0.00
3987 2014 2 1380.00 -0.20 6.60 0.66 5.00 0.10
3987 2014 3 3110.00 2.80 8.30 0.80 5.60 0.10
3987 2014 4 2510.00 3.90 8.30 0.76 5.10 0.00
3987 2014 5 600.00 1.10 7.10 0.80 4.90 0.10
3987 2014 6 1060.00 0.80 8.20 0.74 5.60 10.30
3987 2014 7 4080.00 6.40 10.60 0.97 6.20 2.00
3987 2014 8 1820.00 4.40 10.40 0.95 5.80 1.50
3987 2014 9 1620.00 4.30 12.00 0.93 6.80 0.80
3987 2014 10 910.00 4.10 7.30 0.71 8.00 0.10
3987 2014 11 4510.00 2.50 7.90 0.71 5.60 2.10
3987 2014 12 3030.00 0.30 5.30 0.65 7.00 0.00
3987 2014 13 1720.00 -1.50 3.90 0.61 3.50 0.00
3987 2014 14 2010.00 2.30 5.60 0.74 2.50 0.00
3987 2014 15 1200.00 2.70 4.10 0.70 2.10 0.10
3987 2014 16 780.00 1.00 3.80 0.71 4.30 6.60
3987 2014 17 2070.00 3.10 8.00 0.86 4.20 0.00
3987 2014 18 3840.00 0.70 5.60 0.73 4.50 0.00
3987 2014 19 490.00 -2.60 4.20 0.62 7.00 0.00
3987 2014 20 500.00 -3.10 -1.60 0.49 5.30 0.60
3987 2014 21 1300.00 -4.10 -1.80 0.46 2.40 3.50
3987 2014 22 1300.00 -5.40 -4.00 0.39 3.70 0.10
3987 2014 23 2280.00 -5.60 -3.50 0.37 4.40 0.50
3987 2014 24 1520.00 -12.40 -4.40 0.31 5.60 0.70
3987 2014 25 4590.00 -13.30 -9.60 0.20 3.80 0.00
3987 2014 26 3890.00 -13.40 -8.40 0.21 4.90 0.10
3987 2014 27 1140.00 -8.40 -2.30 0.43 5.20 2.80
3987 2014 28 3260.00 -5.70 -0.60 0.45 4.80 0.00
3987 2014 29 1120.00 -6.90 -5.40 0.32 5.80 0.10
3987 2014 30 2730.00 -6.00 -3.00 0.36 5.80 0.00
3987 2014 31 3990.00 -4.90 1.80 0.45 4.60 0.00
3987 2014 32 5740.00 -3.40 6.40 0.57 4.20 0.00
3987 2014 33 1910.00 1.10 3.20 0.67 2.70 1.60
3987 2014 34 2950.00 -1.50 3.90 0.62 3.50 0.00
3987 2014 35 6650.00 -2.50 5.90 0.52 4.10 0.00
3987 2014 36 6640.00 -3.10 5.00 0.53 4.10 0.00
3987 2014 37 6380.00 0.80 9.20 0.66 5.30 0.60
3987 2014 38 2800.00 3.40 12.50 0.71 6.50 0.00
3987 2014 39 4850.00 2.60 9.60 0.68 5.60 1.20
3987 2014 40 6590.00 1.50 9.40 0.66 5.70 0.00
3987 2014 41 7860.00 -0.10 9.80 0.56 4.40 0.00
3987 2014 42 2790.00 2.00 7.70 0.64 5.00 0.00
3987 2014 43 6450.00 0.60 8.50 0.59 4.60 0.00
3987 2014 44 6230.00 1.50 10.20 0.65 4.90 2.30
3987 2014 45 6020.00 2.80 8.30 0.67 5.60 0.00
3987 2014 46 1910.00 3.80 11.10 0.70 5.70 0.00
3987 2014 47 5870.00 1.90 11.10 0.68 6.20 0.00
3987 2014 48 8180.00 0.10 10.80 0.67 4.30 0.00
3987 2014 49 5210.00 -0.20 8.70 0.68 3.80 0.00
3987 2014 50 2480.00 2.20 8.50 0.76 4.30 0.00
3987 2014 51 5320.00 3.80 11.10 0.75 4.30 0.00
3987 2014 52 3700.00 2.80 10.80 0.84 4.70 2.00
3987 2014 53 9500.00 0.40 10.30 0.66 4.80 0.00
3987 2014 54 10460.00 1.10 10.20 0.67 4.30 0.00
3987 2014 55 11240.00 -1.20 12.70 0.58 4.70 0.00
3987 2014 56 10700.00 -0.50 13.90 0.65 4.50 0.00
3987 2014 57 7340.00 2.30 13.10 0.72 3.10 0.00
3987 2014 58 5980.00 3.40 11.90 0.82 2.50 0.10
3987 2014 59 3610.00 1.80 7.20 0.74 3.30 0.10
3987 2014 60 9630.00 -0.80 11.30 0.69 3.80 0.00
3987 2014 61 8730.00 0.50 10.40 0.69 3.00 0.00
3987 2014 62 11430.00 0.50 10.80 0.66 6.10 0.00
3987 2014 63 5200.00 2.10 11.00 0.78 3.60 3.90
3987 2014 64 6150.00 3.20 10.80 0.85 2.30 0.00
3987 2014 65 8330.00 1.20 10.60 0.78 2.30 0.00
3987 2014 66 10540.00 -1.70 11.00 0.67 2.70 0.00
3987 2014 67 13660.00 2.90 13.00 0.58 2.90 0.00
3987 2014 68 13210.00 0.20 17.60 0.69 4.40 0.00
3987 2014 69 13450.00 1.40 17.70 0.61 3.20 0.00
3987 2014 70 13150.00 2.70 15.70 0.73 3.40 0.00
3987 2014 71 14370.00 0.70 14.80 0.50 3.20 0.00
3987 2014 72 14240.00 1.40 18.00 0.54 2.50 0.00
3987 2014 73 13570.00 1.20 14.10 0.69 3.70 0.90
3987 2014 74 8620.00 5.60 11.80 0.69 9.90 2.70
3987 2014 75 2400.00 5.50 10.90 1.00 9.90 0.30
3987 2014 76 4450.00 7.00 12.10 0.95 7.90 0.20
3987 2014 77 6780.00 7.10 12.90 0.89 5.20 3.30
3987 2014 78 4000.00 6.30 11.30 0.98 6.80 1.70
3987 2014 79 11436.49 6.40 20.00 0.81 5.30 0.00
3987 2014 80 12300.00 5.20 22.00 0.83 7.00 0.20
3987 2014 81 5700.00 4.40 11.10 0.93 3.30 2.50
3987 2014 82 7370.00 4.20 9.90 0.77 3.00 0.00
3987 2014 83 5860.00 2.30 9.10 0.76 2.60 5.40
3987 2014 84 8130.00 1.50 8.90 0.73 3.00 2.10
3987 2014 85 14120.00 0.40 12.40 0.69 3.80 0.00
3987 2014 86 17430.00 2.20 13.50 0.68 4.90 0.00
3987 2014 87 3930.00 2.70 9.70 0.86 3.10 0.00
3987 2014 88 15350.00 2.40 17.30 0.96 3.40 0.00
3987 2014 89 17000.00 5.00 20.00 0.88 3.30 0.00
3987 2014 90 11980.00 6.10 16.20 0.86 2.50 0.00
3987 2014 91 12130.00 4.70 16.10 0.88 2.70 0.10
3987 2014 92 16520.00 4.60 20.70 0.88 4.60 0.00
3987 2014 93 16160.00 7.30 22.60 0.98 3.10 0.00
3987 2014 94 8120.00 6.50 14.80 0.85 5.10 0.00
3987 2014 95 9820.00 6.80 15.70 0.87 3.60 0.20
3987 2014 96 16580.00 7.60 18.70 0.99 2.70 1.20
3987 2014 97 11720.00 11.10 20.80 1.36 3.50 0.00
3987 2014 98 10360.00 5.50 19.10 1.05 6.90 4.80
3987 2014 99 8720.00 5.20 13.70 0.86 7.40 1.40
3987 2014 100 7260.00 5.90 10.50 0.81 4.00 0.00
3987 2014 101 6000.00 5.90 12.60 0.91 2.30 1.10
3987 2014 102 16860.00 6.50 16.40 0.96 2.10 1.00
3987 2014 103 14880.00 7.10 16.10 0.92 5.30 2.40
3987 2014 104 10770.00 3.80 11.30 0.77 7.50 1.30
3987 2014 105 14990.00 3.10 12.10 0.73 5.50 0.80
3987 2014 106 19300.00 1.00 14.00 0.57 2.60 0.00
3987 2014 107 19690.00 2.20 14.30 0.54 4.70 3.40
3987 2014 108 12450.00 4.60 12.00 0.85 3.30 0.70
3987 2014 109 17680.00 3.00 21.90 1.07 4.10 0.00
3987 2014 110 19540.00 10.00 21.00 1.08 5.10 0.90
3987 2014 111 15460.00 10.80 19.90 1.19 4.30 0.50
3987 2014 112 13400.00 9.90 21.60 1.31 3.20 0.10
3987 2014 113 20400.00 9.80 22.10 1.33 2.50 0.00
3987 2014 114 13230.00 9.00 19.10 1.31 2.20 0.00
3987 2014 115 22060.00 10.00 23.70 1.14 4.60 0.00
3987 2014 116 19130.00 10.10 23.80 1.29 3.60 0.00
3987 2014 117 21150.00 10.50 20.60 1.24 4.70 0.00
3987 2014 118 24010.00 10.90 22.30 1.11 3.90 0.00
3987 2014 119 19950.00 7.90 23.20 0.94 2.40 0.00
3987 2014 120 22750.00 12.30 22.90 0.84 2.90 0.00
3987 2014 121 10470.00 8.50 19.50 1.06 3.60 10.50
3987 2014 122 5790.00 3.90 8.70 0.82 4.50 6.60
3987 2014 123 26130.00 1.70 14.90 0.61 2.90 0.00
3987 2014 124 6720.00 2.50 9.80 0.74 3.60 0.00
3987 2014 125 18630.00 4.30 15.30 0.77 2.30 0.00
3987 2014 126 15400.00 5.00 20.40 0.98 4.10 0.10
3987 2014 127 16120.00 9.50 19.40 1.14 5.20 0.00
3987 2014 128 12720.00 9.10 17.60 1.08 4.70 4.50
3987 2014 129 14400.00 7.90 19.30 1.31 6.00 7.00
3987 2014 130 16770.00 7.90 17.50 1.05 5.40 5.30
3987 2014 131 14760.00 9.00 16.30 1.06 5.90 0.60
3987 2014 132 12930.00 8.20 15.00 1.06 5.90 2.20
3987 2014 133 15340.00 6.70 15.90 1.00 4.70 0.20
3987 2014 134 14780.00 6.40 14.00 0.88 4.50 1.60
3987 2014 135 14410.00 6.20 17.40 1.00 4.00 0.00
3987 2014 136 25300.00 5.20 20.40 0.92 4.40 0.00
3987 2014 137 21890.00 8.60 21.60 1.01 4.20 5.80
3987 2014 138 4230.00 9.40 12.90 1.19 3.00 8.40
3987 2014 139 12680.00 10.90 20.60 1.33 2.70 0.00
3987 2014 140 22000.00 11.10 27.00 1.45 3.00 0.00
3987 2014 141 26590.00 14.20 29.10 1.33 3.50 0.00
3987 2014 142 27240.00 14.80 30.60 1.56 4.10 0.00
3987 2014 143 13220.00 14.60 22.70 1.74 3.20 0.30
3987 2014 144 20370.00 13.40 23.70 1.47 2.30 0.00
3987 2014 145 26700.00 12.90 24.90 1.34 3.20 0.00
3987 2014 146 21780.00 13.50 25.80 1.40 4.80 0.00
3987 2014 147 6430.00 10.20 19.50 1.48 4.30 14.30
3987 2014 148 3110.00 7.80 11.10 1.19 4.70 19.90
3987 2014 149 6430.00 6.10 11.30 0.95 3.50 0.00
3987 2014 150 22820.00 5.20 20.20 1.00 4.00 0.00
3987 2014 151 28850.00 8.40 21.00 1.09 4.40 0.00
3987 2014 152 28290.00 7.30 18.50 0.99 3.30 0.00
3987 2014 153 26190.00 8.20 21.70 1.05 2.70 0.00
3987 2014 154 21410.00 11.30 22.20 1.15 2.10 0.00
3987 2014 155 21510.00 13.70 23.40 1.24 3.00 0.40
3987 2014 156 16080.00 10.80 19.80 1.28 4.70 1.80
3987 2014 157 25270.00 9.80 25.10 0.99 2.50 0.00
3987 2014 158 28830.00 12.50 30.10 1.23 2.50 0.00
3987 2014 159 27120.00 17.90 34.20 1.52 3.10 2.40
3987 2014 160 26160.00 17.70 31.70 1.95 3.70 0.20
3987 2014 161 22510.00 19.30 31.20 2.10 3.90 0.00
3987 2014 162 11210.00 18.30 28.80 2.18 3.40 3.10
3987 2014 163 27080.00 13.20 22.60 1.39 3.90 0.00
3987 2014 164 12690.00 12.40 19.20 1.33 4.70 0.30
3987 2014 165 16050.00 10.10 19.20 1.37 3.70 11.30
3987 2014 166 22420.00 9.40 22.50 1.15 2.30 0.00
3987 2014 167 24730.00 9.90 21.20 1.21 2.90 0.00
3987 2014 168 21767.26 13.00 23.10 1.39 2.70 0.00
3987 2014 169 27620.00 10.10 23.90 1.13 3.10 0.00
3987 2014 170 9320.00 13.00 18.30 1.27 6.50 0.20
3987 2014 171 15390.00 11.50 19.90 1.14 6.40 0.10
3987 2014 172 10180.00 11.40 17.50 1.22 5.80 1.60
3987 2014 173 17440.00 10.40 19.10 1.17 5.80 0.20
3987 2014 174 23860.00 9.00 19.90 0.96 5.00 0.00
3987 2014 175 11350.00 9.90 19.40 1.34 3.10 22.20
3987 2014 176 6300.00 9.90 14.90 1.36 3.30 11.90
3987 2014 177 21350.00 8.10 20.50 1.16 1.70 0.00
3987 2014 178 22040.00 10.10 23.70 1.24 2.00 0.70
3987 2014 179 18940.00 13.60 24.70 1.53 3.20 0.10
3987 2014 180 9910.00 13.30 21.10 1.59 3.80 0.50
3987 2014 181 18040.00 12.00 21.10 1.39 3.60 0.30
3987 2014 182 24010.00 10.80 20.80 1.13 3.80 0.00
3987 2014 183 20050.00 9.40 21.00 1.22 4.10 0.00
3987 2014 184 27510.00 10.90 25.90 1.22 3.00 0.00
3987 2014 185 28190.00 14.40 32.20 1.21 3.80 0.00
3987 2014 186 16280.00 18.90 30.00 1.67 3.50 0.00
3987 2014 187 19450.00 17.10 30.30 1.84 2.90 0.00
3987 2014 188 17690.00 18.40 25.00 1.94 4.30 17.90
3987 2014 189 13560.00 16.30 27.30 2.12 3.30 17.00
3987 2014 190 11460.00 15.80 27.50 2.13 3.80 13.40
3987 2014 191 22690.00 14.70 28.80 1.89 3.50 0.60
3987 2014 192 24650.00 13.20 26.80 1.73 3.70 0.20
3987 2014 193 20150.00 12.90 22.20 1.50 3.20 3.30
3987 2014 194 18930.00 12.00 22.90 1.52 2.90 8.70
3987 2014 195 19460.00 14.70 24.60 1.86 3.80 0.20
3987 2014 196 24290.00 16.50 25.90 1.65 3.40 0.00
3987 2014 197 20520.00 16.70 27.00 1.72 2.40 0.00
3987 2014 198 27660.00 17.10 28.80 1.59 2.50 0.00
3987 2014 199 27390.00 15.50 30.40 1.65 2.00 0.00
3987 2014 200 26850.00 18.60 32.90 1.67 2.90 0.00
3987 2014 201 23560.00 19.70 34.70 1.78 3.30 0.00
3987 2014 202 19810.00 19.80 31.10 1.86 4.90 0.00
3987 2014 203 24450.00 17.80 30.90 1.70 4.20 0.00
3987 2014 204 25750.00 17.50 30.00 1.47 4.10 0.00
3987 2014 205 10300.00 15.90 23.00 1.68 3.70 9.70
3987 2014 206 7740.00 16.10 22.10 2.01 3.50 15.10
3987 2014 207 20780.00 17.40 29.00 2.05 2.30 0.00
3987 2014 208 18340.00 18.50 30.10 2.03 2.90 1.10
3987 2014 209 19220.00 19.10 28.20 2.23 2.90 9.70
3987 2014 210 16430.00 19.40 29.30 2.29 2.50 49.40
3987 2014 211 8410.00 18.50 24.90 2.23 2.70 0.70
3987 2014 212 24720.00 15.30 24.40 1.61 3.40 0.00
3987 2014 213 22010.00 14.60 27.20 1.64 2.40 0.00
3987 2014 214 19720.00 19.30 29.10 2.09 3.80 5.00
3987 2014 215 19110.00 18.90 27.30 2.24 3.60 2.00
3987 2014 216 8810.00 16.60 21.90 1.98 3.30 0.90
3987 2014 217 18130.00 15.80 25.20 1.85 3.00 0.00
3987 2014 218 22590.00 15.50 25.70 1.48 2.70 0.00
3987 2014 219 14010.00 15.00 25.00 1.70 3.20 0.00
3987 2014 220 23670.00 14.90 27.40 1.64 2.10 0.00
3987 2014 221 18050.00 16.00 27.80 1.77 4.70 0.00
3987 2014 222 13350.00 14.60 28.30 1.85 3.80 3.30
3987 2014 223 17910.00 12.60 23.20 1.59 4.40 0.00
3987 2014 224 20650.00 11.40 22.40 1.28 5.20 1.30
3987 2014 225 18440.00 12.60 24.10 1.42 3.90 5.40
3987 2014 226 17010.00 14.20 22.10 1.59 4.20 0.00
3987 2014 227 10710.00 13.40 19.70 1.56 3.30 1.50
3987 2014 228 12870.00 12.90 20.10 1.45 4.40 0.90
3987 2014 229 13370.00 12.20 20.60 1.32 5.00 0.00
3987 2014 230 16020.00 13.30 20.40 1.23 6.30 0.20
3987 2014 231 17110.00 10.30 20.80 1.21 5.30 2.20
3987 2014 232 17460.00 8.80 19.00 1.11 5.40 0.00
3987 2014 233 18270.00 8.40 19.30 1.09 3.40 0.30
3987 2014 234 12830.00 10.70 21.10 1.05 4.20 0.00
3987 2014 235 16980.00 10.60 20.50 1.19 3.70 0.00
3987 2014 236 16580.00 9.10 17.70 1.13 4.70 0.60
3987 2014 237 15420.00 7.90 19.00 1.12 3.70 0.20
3987 2014 238 11760.00 10.40 18.80 1.24 2.50 0.00
3987 2014 239 18720.00 8.00 21.60 1.17 3.30 0.00
3987 2014 240 16886.12 9.50 23.60 1.06 2.90 0.00
3987 2014 241 8920.00 11.90 21.40 1.49 3.40 0.10
3987 2014 242 10170.00 13.60 22.40 1.60 3.10 1.50
3987 2014 243 10970.00 12.00 20.30 1.52 2.80 0.00
3987 2014 244 5860.00 12.20 18.00 1.50 2.70 5.20
3987 2014 245 11830.00 13.80 20.10 1.45 3.40 0.10
3987 2014 246 15430.00 12.20 22.20 1.34 3.90 0.00
3987 2014 247 18460.00 11.80 24.20 1.49 4.60 0.00
3987 2014 248 17690.00 13.70 26.50 1.65 4.40 0.00
3987 2014 249 15530.00 13.80 27.70 1.70 3.60 0.40
3987 2014 250 16740.00 15.80 26.40 1.90 2.60 0.00
3987 2014 251 14902.29 13.10 23.50 1.57 2.40 0.00
3987 2014 252 14150.00 11.10 20.40 1.33 4.00 0.00
3987 2014 253 6700.00 11.20 17.90 1.42 4.10 10.00
3987 2014 254 9900.00 11.10 18.20 1.40 3.10 0.30
3987 2014 255 2030.00 13.00 18.00 1.68 4.40 0.20
3987 2014 256 2280.00 15.30 18.70 1.85 2.90 0.10
3987 2014 257 3600.00 15.40 19.00 1.84 2.70 3.10
3987 2014 258 15060.00 14.10 25.80 1.66 4.00 0.00
3987 2014 259 13130.00 14.50 24.30 1.61 4.50 0.00
3987 2014 260 15398.42 12.80 24.70 1.50 4.60 0.00
3987 2014 261 16190.00 12.40 24.40 1.43 4.20 0.00
3987 2014 262 5000.00 12.40 18.40 1.61 3.40 1.30
3987 2014 263 6670.00 13.90 21.10 1.82 1.80 3.30
3987 2014 264 4110.00 11.60 18.10 1.65 3.90 0.50
3987 2014 265 8400.00 9.40 14.20 1.17 6.90 4.00
3987 2014 266 11386.93 7.10 15.10 0.97 4.30 0.00
3987 2014 267 9510.00 7.30 15.10 1.02 4.00 0.00
3987 2014 268 7730.00 9.00 16.60 1.25 5.40 0.60
3987 2014 269 2380.00 12.30 16.60 1.49 5.10 1.30
3987 2014 270 11970.00 9.90 18.00 1.31 3.40 0.00
3987 2014 271 12560.00 8.40 20.90 1.28 3.40 0.00
3987 2014 272 12450.00 11.00 24.40 1.57 2.70 0.20
3987 2014 273 4900.00 14.00 20.00 1.74 3.10 0.00
3987 2014 274 9580.00 12.10 20.70 1.56 2.10 0.00
3987 2014 275 9530.00 12.00 21.80 1.54 1.60 0.00
3987 2014 276 12340.00 10.30 19.50 1.34 3.40 0.00
3987 2014 277 12970.00 8.00 19.30 1.15 4.30 0.00
3987 2014 278 12100.00 6.80 19.20 1.15 4.20 0.00
3987 2014 279 11460.00 9.60 19.30 1.18 4.80 0.00
3987 2014 280 3910.00 9.10 17.40 1.24 5.40 0.70
3987 2014 281 7110.00 10.40 18.70 1.41 4.60 4.30
3987 2014 282 4720.00 13.60 20.80 1.68 5.00 1.50
3987 2014 283 6160.00 12.30 18.80 1.53 3.10 2.70
3987 2014 284 1850.00 13.40 15.50 1.59 2.60 9.30
3987 2014 285 9150.00 11.20 16.80 1.40 3.20 0.10
3987 2014 286 5630.00 11.40 19.00 1.55 3.90 0.10
3987 2014 287 6150.00 12.70 17.80 1.50 3.20 1.10
3987 2014 288 8460.00 10.60 18.00 1.39 3.00 0.00
3987 2014 289 2480.00 9.20 13.20 1.31 3.00 4.10
3987 2014 290 6250.00 11.70 16.90 1.44 3.90 0.00
3987 2014 291 6440.00 10.60 17.40 1.46 3.20 0.00
3987 2014 292 9800.00 10.30 21.20 1.52 5.20 1.20
3987 2014 293 4900.00 11.60 16.30 1.39 6.10 2.90
3987 2014 294 5270.00 9.70 14.70 1.27 4.50 6.70
3987 2014 295 1230.00 8.20 11.10 1.15 5.10 9.50
3987 2014 296 1520.00 9.20 12.20 1.25 2.20 0.00
3987 2014 297 2600.00 6.30 9.50 1.00 3.40 0.00
3987 2014 298 4560.00 4.90 10.70 0.99 3.00 0.60
3987 2014 299 2610.00 8.10 13.30 1.23 3.40 0.00
3987 2014 300 8000.00 5.00 15.60 1.14 3.90 0.00
3987 2014 301 8360.00 2.40 11.80 0.80 3.80 0.00
3987 2014 302 7890.00 1.80 10.20 0.81 2.90 0.70
3987 2014 303 1900.00 6.70 10.00 1.05 1.60 0.00
3987 2014 304 4940.00 8.10 15.30 1.24 2.90 0.00
3987 2014 305 6980.00 9.40 18.00 1.34 3.00 0.00
3987 2014 306 6940.00 7.10 16.90 1.22 4.10 0.30
3987 2014 307 4850.00 9.50 16.90 1.19 5.60 0.00
3987 2014 308 2990.00 7.80 14.20 1.02 4.30 0.00
3987 2014 309 2830.00 7.90 11.50 1.10 2.90 0.10
3987 2014 310 2830.00 7.70 10.40 1.05 3.50 0.00
3987 2014 311 6990.00 3.60 11.10 0.91 3.30 0.00
3987 2014 312 6020.00 4.30 12.70 0.93 4.10 0.00
3987 2014 313 1860.00 2.10 8.60 0.92 4.10 0.00
3987 2014 314 3180.00 6.50 8.70 1.02 2.80 0.40
3987 2014 315 3400.00 3.90 11.00 1.03 3.90 0.00
3987 2014 316 1250.00 8.60 12.00 1.19 3.50 0.00
3987 2014 317 580.00 9.50 10.90 1.23 1.40 0.20
3987 2014 318 2790.00 7.70 12.00 1.13 4.60 0.00
3987 2014 319 1260.00 8.40 11.30 1.07 5.00 0.00
3987 2014 320 670.00 6.00 10.60 1.03 4.60 0.10
3987 2014 321 4970.00 3.80 11.60 0.93 3.80 0.90
3987 2014 322 510.00 4.40 8.00 0.92 5.20 2.30
3987 2014 323 520.00 3.50 4.40 0.78 2.40 1.10
3987 2014 324 1720.00 3.70 5.90 0.80 1.70 0.00
3987 2014 325 1670.00 4.40 7.10 0.85 1.80 0.00
3987 2014 326 2710.00 2.40 7.00 0.71 3.70 0.00
3987 2014 327 4400.00 1.60 8.80 0.75 4.40 0.00
3987 2014 328 1170.00 2.70 8.90 0.86 4.40 3.40
3987 2014 329 1280.00 2.10 4.20 0.78 2.30 0.20
3987 2014 330 1220.00 2.00 4.90 0.75 3.80 0.00
3987 2014 331 3950.00 -0.70 4.20 0.62 4.80 0.00
3987 2014 332 980.00 -0.40 2.10 0.54 5.80 0.00
3987 2014 333 820.00 -1.90 -0.30 0.47 5.40 0.00
3987 2014 334 940.00 -2.30 -0.50 0.44 6.20 0.00
3987 2014 335 1350.00 -3.20 -1.90 0.39 6.70 0.00
3987 2014 336 1580.00 -3.30 -2.30 0.39 4.30 0.00
3987 2014 337 1040.00 -2.80 -0.10 0.47 2.70 0.00
3987 2014 338 1470.00 -0.10 4.40 0.59 5.10 0.00
3987 2014 339 510.00 1.70 3.20 0.68 2.90 0.20
3987 2014 340 3220.00 0.80 5.00 0.72 3.00 0.00
3987 2014 341 2640.00 -0.10 4.80 0.66 3.50 3.10
3987 2014 342 3600.00 -1.30 5.40 0.68 4.90 0.00
3987 2014 343 3057.64 -2.10 3.90 0.56 3.90 0.00
3987 2014 344 610.00 -1.70 3.10 0.60 6.30 1.40
3987 2014 345 1120.00 1.20 5.70 0.68 6.20 3.70
3987 2014 346 1040.00 1.60 9.90 0.80 7.40 3.50
3987 2014 347 1580.00 2.90 7.20 0.73 5.00 0.00
3987 2014 348 1520.00 1.60 4.40 0.70 2.20 0.00
3987 2014 349 1720.00 0.00 5.90 0.70 4.70 0.60
3987 2014 350 1040.00 1.70 5.70 0.72 4.40 0.30
3987 2014 351 1470.00 -0.50 6.10 0.68 4.90 1.80
3987 2014 352 790.00 6.10 11.50 1.07 5.70 3.40
3987 2014 353 760.00 3.80 11.80 1.10 7.50 2.90
3987 2014 354 790.00 0.60 7.10 0.71 8.90 9.30
3987 2014 355 1670.00 3.60 6.70 0.77 7.60 1.50
3987 2014 356 280.00 6.20 11.40 1.04 9.20 5.20
3987 2014 357 700.00 9.30 11.10 1.09 9.00 0.50
3987 2014 358 430.00 3.20 10.80 0.93 6.80 4.30
3987 2014 359 1470.00 1.50 5.90 0.69 7.30 2.40
3987 2014 360 1370.00 -4.80 1.70 0.54 3.00 2.50
3987 2014 361 3330.00 -6.90 -2.70 0.40 4.80 0.00
3987 2014 362 1980.00 -9.20 -2.80 0.38 3.30 7.10
3987 2014 363 3240.00 -5.20 -1.40 0.45 3.10 0.10
3987 2014 364 960.00 -3.60 0.80 0.53 3.50 1.10
3987 2014 365 570.00 0.60 4.10 0.71 4.50 1.40
