*---------------------------------------------------------------------------*
* Station name: Potsdam Saekularstation
* Year: 2016
* Author: Pedro Alencar                                   -999.000: NIL VALUE
* Source: DWD
* Comments: Gaps filled with interpolation and storical means
* Longitude: 13.0622, latitude: 52.3812, altitude: 82.0 m.
*
    * Column  Daily value
    * 1       station number
    * 2       year
    * 3       day
    * 4       irradiation                   (kJ m-2 d-1)
    * 5       minimum temperature           (degrees Celsius
    * 6       maximum temperature           (degrees Celsius)
    * 7       early morning vapour pressure (kPa)
    * 8       mean wind speed (height: 2 m) (m s-1)
    * 9       precipitation                 (mm d-1)
    *
** WCCDESCRIPTION=Potsdam, Germany
** WCCFORMAT=2
** WCCYEARNR=2016
*---------------------------------------------------------------------------*
   13.0622 52.3812 82.0 -0.18 -0.55
3987 2016 1 1660.00 -0.10 2.10 0.65 2.70 0.00
3987 2016 2 950.00 -7.50 1.50 0.45 6.40 0.00
3987 2016 3 2800.00 -11.40 -7.40 0.23 6.90 0.00
3987 2016 4 1830.00 -11.50 -6.40 0.23 5.80 0.00
3987 2016 5 1260.00 -9.00 -6.80 0.27 5.00 3.00
3987 2016 6 1000.00 -9.00 -6.50 0.30 3.70 1.30
3987 2016 7 1090.00 -7.60 -2.10 0.36 4.70 3.80
3987 2016 8 2523.87 -2.10 5.30 0.60 6.90 0.00
3987 2016 9 4080.00 -2.80 4.00 0.53 4.00 0.00
3987 2016 10 1390.00 -3.30 3.20 0.61 5.20 4.20
3987 2016 11 2000.00 1.40 3.10 0.71 3.70 5.00
3987 2016 12 810.00 1.60 4.50 0.73 3.30 4.60
3987 2016 13 660.00 0.10 3.90 0.68 5.10 2.60
3987 2016 14 4420.00 -1.00 4.10 0.59 4.30 0.40
3987 2016 15 1110.00 -1.30 1.40 0.56 3.10 0.10
3987 2016 16 1560.00 -1.50 -0.10 0.52 2.60 1.40
3987 2016 17 1200.00 -3.00 -0.70 0.50 2.10 0.20
3987 2016 18 5330.00 -8.20 -1.50 0.38 3.10 0.00
3987 2016 19 5900.00 -10.20 -2.40 0.32 4.60 0.20
3987 2016 20 1530.00 -5.00 0.40 0.48 3.30 0.80
3987 2016 21 2780.00 -8.30 -2.20 0.39 3.50 0.00
3987 2016 22 5680.00 -12.00 -3.00 0.29 4.20 0.10
3987 2016 23 790.00 -8.00 3.30 0.55 4.70 3.70
3987 2016 24 2280.00 1.80 4.40 0.74 4.30 2.90
3987 2016 25 760.00 3.80 9.20 1.03 4.90 0.40
3987 2016 26 3460.00 4.50 11.00 0.94 5.30 1.10
3987 2016 27 1910.00 7.20 11.60 0.89 6.20 0.10
3987 2016 28 5110.00 1.30 11.20 0.70 7.00 0.70
3987 2016 29 3340.00 0.10 8.50 0.63 6.30 0.00
3987 2016 30 1050.00 2.80 9.10 0.80 7.90 4.90
3987 2016 31 4470.00 1.60 6.40 0.60 6.70 0.40
3987 2016 32 1640.00 3.40 11.40 0.89 6.10 3.40
3987 2016 33 4930.00 4.70 11.50 0.84 8.00 1.80
3987 2016 34 4280.00 3.10 6.90 0.57 7.50 0.00
3987 2016 35 1890.00 1.40 4.00 0.66 6.10 2.70
3987 2016 36 2960.00 0.40 5.90 0.70 4.70 1.30
3987 2016 37 4440.00 4.70 10.90 0.83 5.40 0.00
3987 2016 38 4180.00 4.10 9.60 0.73 5.40 0.40
3987 2016 39 1630.00 5.10 11.00 0.72 7.10 0.90
3987 2016 40 3490.00 5.50 9.60 0.73 7.20 3.40
3987 2016 41 5240.00 2.60 7.60 0.63 5.90 1.10
3987 2016 42 3880.00 0.10 6.60 0.64 6.70 0.60
3987 2016 43 6310.00 -0.80 6.80 0.57 3.90 0.00
3987 2016 44 8160.00 -2.40 6.70 0.54 4.20 0.40
3987 2016 45 1300.00 0.80 4.00 0.70 4.10 0.10
3987 2016 46 770.00 0.90 3.70 0.68 3.80 0.20
3987 2016 47 2860.00 -2.40 1.30 0.43 2.60 0.00
3987 2016 48 6230.00 -4.10 3.10 0.50 4.50 1.30
3987 2016 49 4400.00 -1.50 5.60 0.58 3.20 0.00
3987 2016 50 5860.00 0.50 5.70 0.56 2.70 0.00
3987 2016 51 1970.00 -1.30 5.20 0.65 6.30 7.70
3987 2016 52 2980.00 5.10 11.10 1.00 6.60 9.30
3987 2016 53 1740.00 3.20 10.80 0.91 6.80 12.20
3987 2016 54 5390.00 1.60 7.40 0.68 5.30 0.60
3987 2016 55 7570.00 -1.70 6.10 0.57 5.60 0.20
3987 2016 56 7410.00 -2.00 5.80 0.54 4.10 2.50
3987 2016 57 5010.00 -1.90 5.20 0.54 3.90 0.00
3987 2016 58 9810.00 -3.60 6.10 0.46 3.70 0.00
3987 2016 59 8120.00 -0.40 6.60 0.53 3.00 0.00
3987 2016 60 5060.00 -1.00 3.50 0.47 4.50 0.00
3987 2016 61 7730.00 -1.40 4.80 0.49 3.50 0.20
3987 2016 62 5140.00 0.60 9.20 0.69 5.20 0.20
3987 2016 63 5260.00 -0.50 7.40 0.59 3.30 0.00
3987 2016 64 10720.00 -1.10 9.30 0.52 3.90 0.00
3987 2016 65 4670.00 2.40 8.30 0.64 4.30 4.50
3987 2016 66 2430.00 -0.30 4.50 0.72 3.90 6.20
3987 2016 67 8120.00 0.00 7.00 0.62 2.70 0.00
3987 2016 68 11490.00 -1.70 8.40 0.56 2.70 0.00
3987 2016 69 13460.00 -2.50 9.50 0.52 3.90 0.00
3987 2016 70 4280.00 2.70 8.30 0.68 3.30 0.00
3987 2016 71 3250.00 2.70 5.70 0.65 2.90 0.00
3987 2016 72 2610.00 0.90 4.20 0.57 3.10 0.00
3987 2016 73 3660.00 -1.10 3.60 0.52 3.00 0.00
3987 2016 74 13800.00 -1.50 7.60 0.57 2.10 0.90
3987 2016 75 3280.00 2.90 6.10 0.65 4.20 0.00
3987 2016 76 15280.00 1.10 9.70 0.54 4.50 0.00
3987 2016 77 15640.00 -1.10 12.30 0.53 2.80 0.00
3987 2016 78 2960.00 0.10 6.50 0.69 3.90 0.10
3987 2016 79 8980.00 3.10 9.90 0.69 3.10 0.10
3987 2016 80 2590.00 3.00 6.50 0.76 5.50 1.60
3987 2016 81 6030.00 2.20 8.80 0.75 5.90 1.10
3987 2016 82 6460.00 4.50 9.10 0.78 4.50 5.40
3987 2016 83 5100.00 2.50 7.40 0.75 3.00 0.00
3987 2016 84 8510.00 1.00 9.00 0.64 3.20 0.20
3987 2016 85 3540.00 3.50 8.40 0.84 3.80 5.40
3987 2016 86 15940.00 4.60 14.20 0.83 3.50 0.00
3987 2016 87 11250.00 1.80 15.10 0.76 4.60 0.10
3987 2016 88 13390.00 3.20 15.60 0.77 5.40 2.10
3987 2016 89 8720.00 3.00 11.00 0.80 5.70 3.10
3987 2016 90 7820.00 2.40 11.90 0.77 5.10 0.50
3987 2016 91 7380.00 4.70 10.80 0.72 2.30 0.10
3987 2016 92 18680.00 4.10 13.10 0.56 2.60 0.00
3987 2016 93 19290.00 -0.70 17.30 0.50 4.40 0.00
3987 2016 94 14420.00 5.10 19.60 0.80 3.90 0.00
3987 2016 95 11240.00 9.90 20.60 1.01 2.30 0.00
3987 2016 96 15280.00 8.60 23.10 1.11 3.60 0.00
3987 2016 97 14820.00 7.50 16.40 0.85 5.30 2.70
3987 2016 98 10020.00 4.80 13.00 0.71 4.70 0.00
3987 2016 99 19470.00 3.30 15.10 0.63 3.50 0.00
3987 2016 100 15280.00 2.60 14.40 0.65 2.40 0.00
3987 2016 101 7470.00 4.10 10.20 0.73 3.20 0.00
3987 2016 102 8390.00 4.90 13.00 0.77 2.60 0.10
3987 2016 103 6770.00 8.70 15.50 0.95 2.30 0.70
3987 2016 104 15790.00 6.70 18.00 1.04 2.70 3.80
3987 2016 105 5540.00 5.60 12.10 0.97 3.00 2.60
3987 2016 106 8820.00 2.60 13.50 0.97 4.60 7.70
3987 2016 107 7780.00 6.50 15.30 1.05 5.40 1.70
3987 2016 108 12870.00 3.50 12.80 0.76 4.10 0.40
3987 2016 109 19430.00 1.10 14.00 0.61 4.10 0.00
3987 2016 110 14280.00 6.50 14.40 0.65 7.00 0.00
3987 2016 111 16130.00 4.60 14.30 0.64 4.90 0.00
3987 2016 112 24290.00 2.00 15.80 0.66 3.50 0.00
3987 2016 113 23080.00 3.70 14.00 0.63 3.60 0.00
3987 2016 114 16630.00 2.50 11.10 0.59 4.30 0.00
3987 2016 115 16280.00 0.90 9.90 0.57 4.30 0.50
3987 2016 116 18740.00 0.70 11.50 0.55 4.50 4.50
3987 2016 117 15100.00 1.40 10.40 0.64 4.30 2.10
3987 2016 118 13460.00 1.40 9.80 0.67 6.20 1.90
3987 2016 119 15270.00 1.60 10.50 0.66 5.10 0.60
3987 2016 120 22220.00 0.00 15.10 0.56 4.70 0.00
3987 2016 121 18240.00 4.50 20.10 0.64 3.40 0.00
3987 2016 122 23560.00 5.10 19.60 0.70 3.80 0.00
3987 2016 123 25210.00 5.40 20.30 0.79 3.20 0.00
3987 2016 124 20930.00 7.50 20.70 0.85 3.60 0.70
3987 2016 125 10430.00 6.00 14.50 0.84 3.80 0.00
3987 2016 126 26140.00 5.50 20.70 0.77 2.50 0.00
3987 2016 127 26420.00 8.70 24.50 0.87 4.00 0.00
3987 2016 128 26220.00 10.50 25.90 0.86 4.80 0.00
3987 2016 129 25860.00 10.70 25.70 0.94 4.90 0.00
3987 2016 130 25710.00 11.40 26.00 1.03 4.80 0.00
3987 2016 131 26840.00 11.20 25.90 1.03 4.60 0.00
3987 2016 132 24480.00 11.40 26.10 0.99 4.60 0.00
3987 2016 133 22630.00 13.60 25.60 1.12 5.20 0.00
3987 2016 134 25550.00 10.00 24.00 0.96 3.80 0.00
3987 2016 135 16490.00 6.70 16.40 0.72 6.00 0.70
3987 2016 136 16750.00 5.50 12.60 0.81 6.30 3.60
3987 2016 137 18810.00 5.20 14.70 0.75 6.10 0.00
3987 2016 138 9610.00 5.70 12.50 0.82 5.10 0.40
3987 2016 139 16750.00 8.20 19.70 0.92 2.80 0.00
3987 2016 140 20050.00 11.50 23.30 0.86 2.70 0.00
3987 2016 141 20630.00 12.60 23.10 1.07 4.40 0.00
3987 2016 142 19130.00 14.00 24.60 1.20 2.80 0.00
3987 2016 143 26210.00 12.80 29.80 1.11 4.20 0.00
3987 2016 144 20600.00 14.30 25.60 1.53 4.00 20.10
3987 2016 145 9040.00 12.80 18.50 1.53 4.20 0.00
3987 2016 146 5830.00 11.60 15.30 1.33 4.30 0.10
3987 2016 147 7100.00 11.40 16.80 1.35 2.90 0.00
3987 2016 148 17380.00 10.00 20.60 1.31 1.60 0.00
3987 2016 149 22500.00 11.10 25.30 1.40 2.50 0.00
3987 2016 150 24180.00 15.00 28.40 1.66 4.10 0.00
3987 2016 151 19540.00 15.60 27.50 1.76 4.20 0.20
3987 2016 152 21750.00 14.90 27.30 1.78 2.70 5.10
3987 2016 153 10870.00 16.70 22.80 1.94 2.60 11.00
3987 2016 154 19720.00 15.50 25.80 1.80 2.90 2.70
3987 2016 155 28140.00 15.60 26.90 1.52 4.40 0.00
3987 2016 156 27430.00 16.30 28.30 1.45 2.60 0.00
3987 2016 157 19660.00 15.70 27.90 1.70 2.20 0.10
3987 2016 158 30060.00 14.50 26.60 1.17 3.80 0.00
3987 2016 159 28680.00 12.20 27.10 1.00 2.40 0.00
3987 2016 160 29040.00 14.80 27.20 1.29 4.30 0.00
3987 2016 161 17130.00 14.30 22.50 1.34 2.90 0.00
3987 2016 162 25860.00 10.70 22.00 1.05 5.10 0.00
3987 2016 163 29320.00 11.30 23.20 0.88 2.70 0.00
3987 2016 164 15230.00 11.50 22.60 1.07 3.50 0.30
3987 2016 165 11830.00 13.20 20.90 1.40 2.60 1.10
3987 2016 166 17260.00 13.50 22.30 1.50 2.50 2.50
3987 2016 167 9120.00 11.60 18.90 1.55 2.40 14.20
3987 2016 168 21410.00 10.50 22.30 1.40 3.00 7.70
3987 2016 169 8540.00 13.30 18.60 1.60 4.30 14.00
3987 2016 170 20100.00 12.10 22.10 1.49 4.00 4.10
3987 2016 171 22870.00 11.30 21.40 1.40 3.50 0.00
3987 2016 172 27440.00 10.20 23.10 1.26 3.20 0.20
3987 2016 173 16500.00 14.70 23.60 1.53 4.10 0.00
3987 2016 174 19310.00 14.70 27.10 1.74 2.90 0.00
3987 2016 175 29860.00 17.70 32.70 1.85 3.90 0.00
3987 2016 176 28510.00 19.60 35.40 1.91 3.20 0.00
3987 2016 177 23700.00 18.50 32.60 2.22 3.20 0.00
3987 2016 178 23700.00 14.70 23.90 1.31 5.00 0.00
3987 2016 179 25760.00 13.20 24.70 1.21 3.80 0.00
3987 2016 180 24650.00 14.60 23.20 1.26 3.40 0.20
3987 2016 181 21090.00 13.90 24.70 1.39 4.50 1.20
3987 2016 182 18120.00 14.00 25.50 1.40 3.20 0.00
3987 2016 183 20070.00 15.80 26.80 1.60 4.30 0.40
3987 2016 184 10320.00 12.70 24.60 1.46 4.80 0.20
3987 2016 185 24190.00 10.20 22.00 1.15 4.20 1.80
3987 2016 186 23160.00 9.60 23.50 1.07 3.10 0.00
3987 2016 187 21000.00 13.60 26.30 1.33 5.00 0.60
3987 2016 188 20040.00 12.60 20.60 1.11 8.70 0.60
3987 2016 189 26120.00 10.60 22.60 1.04 4.40 0.00
3987 2016 190 15670.00 14.30 26.40 1.33 4.80 1.80
3987 2016 191 17000.00 15.10 23.90 1.35 5.80 0.00
3987 2016 192 26350.00 17.90 32.10 1.51 4.20 0.00
3987 2016 193 19190.20 18.00 29.50 1.69 4.50 0.00
3987 2016 194 16670.00 16.40 26.60 1.28 3.50 0.00
3987 2016 195 12390.00 14.00 21.60 1.54 2.50 10.80
3987 2016 196 6260.00 13.50 17.30 1.34 4.90 0.20
3987 2016 197 10890.00 11.20 18.30 1.36 6.40 0.60
3987 2016 198 25340.00 9.70 24.50 1.32 3.60 0.10
3987 2016 199 11150.00 17.70 23.30 1.78 2.50 1.80
3987 2016 200 12110.00 15.80 22.00 1.49 3.40 0.00
3987 2016 201 16210.00 15.10 25.00 1.54 2.80 0.00
3987 2016 202 19840.00 16.50 28.30 1.63 2.10 0.00
3987 2016 203 18980.00 16.80 28.80 1.83 3.20 0.00
3987 2016 204 26380.00 16.90 31.40 1.34 3.70 0.00
3987 2016 205 21820.00 15.80 28.80 1.44 3.50 0.00
3987 2016 206 24230.00 17.10 30.10 1.67 2.80 0.00
3987 2016 207 21920.00 17.70 31.30 1.75 2.40 0.00
3987 2016 208 19060.00 19.20 29.10 1.74 3.20 0.00
3987 2016 209 9720.00 17.10 26.20 1.85 3.40 23.30
3987 2016 210 19210.00 15.60 25.60 1.80 2.80 1.50
3987 2016 211 18600.00 15.80 25.20 1.76 3.50 0.10
3987 2016 212 15410.00 16.40 25.50 1.63 3.80 0.00
3987 2016 213 15120.00 15.00 25.50 1.69 2.50 14.80
3987 2016 214 17860.00 13.40 21.60 1.38 4.50 0.00
3987 2016 215 8530.00 11.80 18.50 1.53 2.60 3.10
3987 2016 216 7430.00 14.70 22.50 1.86 4.00 0.10
3987 2016 217 8740.00 16.80 23.10 1.95 3.90 14.80
3987 2016 218 12520.00 14.20 21.80 1.66 2.50 0.00
3987 2016 219 16210.00 13.40 22.30 1.48 4.70 0.00
3987 2016 220 22390.00 12.40 24.50 1.33 3.70 0.00
3987 2016 221 18590.00 16.70 27.90 1.53 5.10 0.00
3987 2016 222 16750.00 12.60 20.90 1.16 4.10 0.00
3987 2016 223 14720.00 9.80 17.80 1.04 3.60 0.00
3987 2016 224 17980.00 7.80 18.80 0.97 4.10 0.10
3987 2016 225 8260.00 12.60 19.30 1.48 3.60 0.50
3987 2016 226 22040.00 15.70 27.50 1.66 5.00 0.00
3987 2016 227 14620.00 15.40 22.40 1.39 3.60 0.00
3987 2016 228 20400.00 11.90 22.20 1.22 3.00 0.00
3987 2016 229 16120.00 10.00 22.90 1.24 3.00 0.90
3987 2016 230 21100.00 9.50 22.40 1.14 1.80 0.00
3987 2016 231 12710.00 10.80 21.70 1.27 2.80 0.20
3987 2016 232 23070.00 11.70 26.70 1.33 2.30 4.90
3987 2016 233 12490.00 15.50 25.70 1.78 3.20 11.00
3987 2016 234 16350.00 13.60 23.10 1.64 3.30 5.50
3987 2016 235 17120.00 13.10 23.80 1.54 3.50 0.20
3987 2016 236 11360.00 15.60 23.20 1.82 3.20 0.00
3987 2016 237 21750.00 15.80 28.30 1.72 2.90 0.00
3987 2016 238 22260.00 14.60 30.50 1.53 4.00 0.00
3987 2016 239 22080.00 14.80 34.30 1.35 4.00 0.00
3987 2016 240 20700.00 16.40 32.50 1.78 3.10 0.00
3987 2016 241 16450.00 17.40 34.60 1.81 3.70 1.20
3987 2016 242 12630.00 13.80 24.60 1.57 5.30 0.00
3987 2016 243 19270.00 11.20 23.80 1.20 3.20 0.00
3987 2016 244 20710.00 12.60 26.30 1.17 3.00 0.00
3987 2016 245 18120.00 13.10 26.80 1.29 3.50 0.00
3987 2016 246 18990.00 12.90 26.10 1.37 2.50 0.00
3987 2016 247 16620.00 16.20 26.40 1.44 3.60 0.00
3987 2016 248 8480.00 15.40 22.40 1.62 4.20 5.00
3987 2016 249 10070.00 13.90 23.10 1.61 3.90 0.20
3987 2016 250 19120.00 11.70 22.90 1.34 2.60 0.00
3987 2016 251 18540.00 10.90 26.50 1.44 3.00 0.00
3987 2016 252 18350.00 14.40 30.60 1.55 4.10 0.00
3987 2016 253 16800.00 16.90 27.70 1.67 3.90 0.00
3987 2016 254 14050.00 15.60 27.90 1.70 3.10 0.00
3987 2016 255 16290.00 16.30 30.20 1.69 3.20 0.00
3987 2016 256 16330.00 17.10 32.10 1.61 3.40 0.00
3987 2016 257 16550.00 17.40 31.60 1.46 4.50 0.00
3987 2016 258 15910.00 16.80 29.40 1.51 4.50 0.00
3987 2016 259 17190.00 14.90 26.70 1.21 4.20 0.00
3987 2016 260 14030.00 13.80 28.20 1.46 3.50 0.60
3987 2016 261 4990.00 14.70 19.60 1.59 3.90 4.50
3987 2016 262 12730.00 12.20 21.00 1.23 4.00 0.00
3987 2016 263 13030.00 9.50 20.70 1.01 3.00 0.00
3987 2016 264 10560.00 8.30 19.00 1.01 2.10 0.00
3987 2016 265 15780.00 11.30 21.00 1.18 2.80 0.00
3987 2016 266 14440.00 7.90 20.50 0.89 2.80 0.00
3987 2016 267 12873.17 11.10 22.80 1.10 3.50 0.00
3987 2016 268 13120.00 10.90 21.10 1.16 2.40 0.00
3987 2016 269 13400.00 9.00 23.50 1.11 3.80 0.00
3987 2016 270 11140.00 8.80 21.60 1.10 3.30 0.00
3987 2016 271 13700.00 8.40 22.10 1.03 3.10 0.00
3987 2016 272 5820.00 11.40 20.70 1.29 6.20 0.00
3987 2016 273 10910.00 15.10 25.30 1.30 5.40 0.00
3987 2016 274 8250.00 10.60 20.40 1.27 4.10 0.10
3987 2016 275 2760.00 9.30 14.50 1.36 3.00 6.20
3987 2016 276 10690.00 8.30 17.30 1.30 3.40 1.80
3987 2016 277 11960.00 6.60 17.70 1.11 3.20 4.80
3987 2016 278 13380.00 6.60 16.80 0.98 5.60 0.10
3987 2016 279 6390.00 5.60 12.30 0.98 4.80 7.30
3987 2016 280 1140.00 8.60 11.00 1.16 4.40 2.50
3987 2016 281 4510.00 7.30 12.30 1.07 2.60 0.10
3987 2016 282 6020.00 6.40 12.40 1.01 3.50 1.60
3987 2016 283 3250.00 5.30 9.70 0.99 3.20 1.40
3987 2016 284 6760.00 5.70 11.70 0.91 1.80 0.00
3987 2016 285 2400.00 6.30 9.70 0.97 2.90 3.30
3987 2016 286 1780.00 6.30 7.90 0.94 4.20 1.80
3987 2016 287 1710.00 5.60 7.40 0.88 4.70 0.00
3987 2016 288 8410.00 3.60 11.60 0.83 5.40 0.00
3987 2016 289 3130.00 6.50 11.10 1.02 3.90 0.60
3987 2016 290 4500.00 8.30 12.20 1.11 3.40 0.00
3987 2016 291 1840.00 6.80 8.50 1.02 3.80 0.00
3987 2016 292 3420.00 6.80 12.20 1.09 2.20 2.60
3987 2016 293 3800.00 6.80 10.90 1.06 3.40 3.70
3987 2016 294 4990.00 4.60 11.00 0.91 3.00 4.90
3987 2016 295 2990.00 6.10 8.50 0.95 2.30 0.00
3987 2016 296 4105.09 5.10 9.00 0.89 1.80 0.20
3987 2016 297 5610.00 5.10 9.00 0.88 2.40 0.00
3987 2016 298 1820.00 4.80 9.20 0.99 2.90 6.40
3987 2016 299 2724.53 5.20 9.50 1.07 2.00 1.40
3987 2016 300 2953.09 5.60 8.00 0.93 1.50 0.00
3987 2016 301 3175.77 4.40 11.10 1.06 3.80 0.00
3987 2016 302 3397.72 7.30 12.30 1.17 5.70 0.40
3987 2016 303 4360.00 6.90 11.50 0.94 5.90 0.00
3987 2016 304 6670.00 3.40 11.60 0.87 4.20 0.00
3987 2016 305 2140.00 2.90 10.60 1.04 3.20 0.40
3987 2016 306 2530.00 6.30 11.60 1.13 3.90 3.60
3987 2016 307 3430.00 2.80 8.90 0.82 7.00 2.10
3987 2016 308 5880.00 0.40 7.10 0.63 4.10 0.00
3987 2016 309 2570.00 2.60 7.40 0.76 4.30 0.10
3987 2016 310 1740.00 2.80 9.30 0.85 3.70 6.60
3987 2016 311 3420.00 3.40 7.30 0.85 2.90 1.90
3987 2016 312 2000.00 1.30 5.40 0.77 2.50 0.10
3987 2016 313 1850.00 0.70 5.30 0.69 3.60 2.00
3987 2016 314 6010.00 -2.00 3.90 0.55 3.40 0.00
3987 2016 315 3670.00 -1.60 4.70 0.55 3.30 0.00
3987 2016 316 3170.00 -2.80 2.80 0.55 2.60 0.00
3987 2016 317 5320.00 -3.90 2.50 0.49 2.00 0.00
3987 2016 318 6220.00 -5.00 2.80 0.45 3.00 0.00
3987 2016 319 6110.00 -4.00 4.30 0.46 4.20 0.00
3987 2016 320 980.00 0.60 6.90 0.66 5.10 4.50
3987 2016 321 1860.00 6.60 8.60 1.02 4.40 2.60
3987 2016 322 1780.00 7.50 10.20 1.04 5.40 1.00
3987 2016 323 1720.00 4.60 13.50 0.97 6.00 6.90
3987 2016 324 1290.00 2.40 7.90 0.82 4.40 2.50
3987 2016 325 3430.00 1.10 11.30 0.74 5.60 0.00
3987 2016 326 3550.00 5.40 12.60 0.91 4.60 0.00
3987 2016 327 1390.00 6.90 11.70 1.06 3.40 0.00
3987 2016 328 3610.00 4.20 10.40 0.95 2.20 0.00
3987 2016 329 2810.00 0.60 7.80 0.79 2.90 0.00
3987 2016 330 1340.00 -0.30 2.70 0.65 1.60 0.00
3987 2016 331 1240.00 -1.00 3.10 0.60 3.10 0.20
3987 2016 332 3670.00 -0.90 6.40 0.67 5.30 0.10
3987 2016 333 4350.00 -4.10 2.90 0.44 3.50 0.00
3987 2016 334 4650.00 -5.50 1.00 0.42 4.40 0.00
3987 2016 335 830.00 -3.80 4.10 0.54 6.90 5.40
3987 2016 336 470.00 4.00 7.80 0.87 8.70 1.10
3987 2016 337 3820.00 -1.50 7.80 0.59 6.10 0.00
3987 2016 338 4210.00 -3.70 2.30 0.50 3.10 0.00
3987 2016 339 2370.00 -4.00 -0.10 0.52 2.20 0.00
3987 2016 340 4310.00 -6.20 -1.20 0.43 2.10 0.00
3987 2016 341 870.00 -2.90 0.80 0.58 3.60 0.30
3987 2016 342 2540.00 -0.60 4.60 0.59 3.70 0.00
3987 2016 343 2350.75 3.80 10.60 0.70 6.20 0.10
3987 2016 344 470.00 4.90 8.90 0.90 5.30 0.00
3987 2016 345 1310.00 7.50 10.90 0.98 5.50 10.20
3987 2016 346 690.00 5.10 8.00 0.93 6.50 9.80
3987 2016 347 1860.00 -2.80 6.70 0.68 4.20 0.10
3987 2016 348 1380.00 -3.00 4.10 0.62 3.50 0.80
3987 2016 349 760.00 0.90 5.60 0.79 2.60 0.10
3987 2016 350 1280.00 -1.30 3.00 0.58 2.80 0.00
3987 2016 351 3750.00 -2.50 2.20 0.51 3.40 0.00
3987 2016 352 820.00 -3.70 1.00 0.53 3.00 0.60
3987 2016 353 590.00 1.00 5.40 0.80 3.60 1.20
3987 2016 354 990.00 1.40 4.80 0.73 1.90 0.00
3987 2016 355 820.00 -1.60 1.40 0.56 3.30 0.00
3987 2016 356 2890.00 -3.60 1.70 0.50 3.70 0.00
3987 2016 357 1570.00 -2.80 2.50 0.58 3.80 1.00
3987 2016 358 1230.00 0.40 4.20 0.68 4.10 0.40
3987 2016 359 1000.00 0.20 6.30 0.72 6.00 3.60
3987 2016 360 600.00 4.30 9.80 0.96 7.10 3.80
3987 2016 361 930.00 4.00 10.60 0.87 8.50 1.00
3987 2016 362 990.00 4.30 7.10 0.71 8.40 20.80
3987 2016 363 1190.00 4.90 6.90 0.89 4.30 2.50
3987 2016 364 1740.00 -0.80 5.10 0.71 3.00 0.00
3987 2016 365 3960.00 -2.30 2.30 0.55 4.00 0.00
3987 2016 366 3990.00 -3.40 3.40 0.51 5.20 0.00
