*---------------------------------------------------------------------------*
* Station name: Potsdam Saekularstation
* Year: 2005
* Author: Pedro Alencar                                   -999.000: NIL VALUE
* Source: DWD
* Comments: Gaps filled with interpolation and storical means
* Longitude: 13.0622, latitude: 52.3812, altitude: 82.0 m.
*
    * Column  Daily value
    * 1       station number
    * 2       year
    * 3       day
    * 4       irradiation                   (kJ m-2 d-1)
    * 5       minimum temperature           (degrees Celsius
    * 6       maximum temperature           (degrees Celsius)
    * 7       early morning vapour pressure (kPa)
    * 8       mean wind speed (height: 2 m) (m s-1)
    * 9       precipitation                 (mm d-1)
    *
** WCCDESCRIPTION=Potsdam, Germany
** WCCFORMAT=2
** WCCYEARNR=2005
*---------------------------------------------------------------------------*
   13.0622 52.3812 82.0 -0.18 -0.55
3987 2005 1 1390.00 3.80 7.00 0.85 4.10 0.40
3987 2005 2 1500.00 3.20 7.60 0.67 9.30 6.00
3987 2005 3 1230.00 0.20 5.90 0.75 8.70 5.30
3987 2005 4 430.00 5.80 8.30 0.83 9.80 0.80
3987 2005 5 2510.00 3.40 6.80 0.81 6.30 2.50
3987 2005 6 2540.00 3.00 7.80 0.74 7.30 0.30
3987 2005 7 1080.00 4.70 10.30 0.82 7.50 0.00
3987 2005 8 3240.00 5.50 12.10 0.78 9.40 0.70
3987 2005 9 2580.00 2.90 8.40 0.65 8.00 0.00
3987 2005 10 3550.00 5.90 13.70 0.92 7.10 0.00
3987 2005 11 800.00 3.90 9.10 0.86 5.20 0.00
3987 2005 12 780.00 4.00 10.10 0.84 5.80 0.00
3987 2005 13 2180.00 1.50 5.70 0.68 6.70 0.20
3987 2005 14 3050.00 1.40 5.50 0.68 6.50 0.00
3987 2005 15 940.00 -1.20 3.50 0.63 2.50 0.00
3987 2005 16 4910.00 -3.40 3.70 0.50 4.80 0.00
3987 2005 17 3230.00 -2.30 5.90 0.56 5.10 0.10
3987 2005 18 1630.00 1.30 5.20 0.74 5.40 5.40
3987 2005 19 2540.00 -1.00 5.40 0.65 6.20 3.30
3987 2005 20 840.00 1.30 5.30 0.75 8.40 14.40
3987 2005 21 2540.00 0.40 5.70 0.65 9.90 8.20
3987 2005 22 3930.00 -0.60 4.10 0.61 6.90 0.00
3987 2005 23 3830.00 -1.50 2.70 0.57 5.70 2.50
3987 2005 24 2447.03 -2.50 1.10 0.52 5.10 1.50
3987 2005 25 1470.00 -3.60 -1.30 0.47 3.90 0.00
3987 2005 26 3660.00 -5.30 -3.00 0.40 3.40 0.00
3987 2005 27 2370.00 -4.00 -2.10 0.46 3.20 3.40
3987 2005 28 2280.00 -4.10 -1.80 0.47 1.50 0.00
3987 2005 29 1920.00 -7.20 -3.20 0.43 1.90 0.20
3987 2005 30 1410.00 -5.80 2.10 0.53 4.60 1.50
3987 2005 31 2233.67 0.40 5.50 0.72 8.20 2.80
3987 2005 32 4505.36 -2.20 4.70 0.56 6.70 0.00
3987 2005 33 2978.18 -1.30 3.50 0.65 4.60 0.90
3987 2005 34 4200.00 0.00 5.10 0.62 2.80 0.00
3987 2005 35 1840.00 -0.30 3.20 0.59 3.20 1.10
3987 2005 36 7340.00 -5.90 3.10 0.43 4.80 0.00
3987 2005 37 7432.64 -6.80 2.10 0.36 5.50 0.00
3987 2005 38 7539.52 -8.50 1.60 0.30 5.50 0.00
3987 2005 39 7270.00 -7.80 2.30 0.28 4.10 0.00
3987 2005 40 6790.00 -3.60 3.50 0.46 3.50 0.60
3987 2005 41 1450.00 1.40 5.10 0.74 6.90 5.70
3987 2005 42 6970.00 0.60 7.50 0.70 4.20 0.70
3987 2005 43 1190.00 -0.70 9.90 0.78 7.40 12.40
3987 2005 44 2130.00 -0.40 3.80 0.64 9.30 5.90
3987 2005 45 2360.00 -1.60 0.20 0.51 7.80 1.60
3987 2005 46 1140.00 -1.20 0.50 0.55 5.30 0.90
3987 2005 47 4260.00 -0.90 2.20 0.50 5.20 0.40
3987 2005 48 3160.00 -3.30 -0.10 0.46 3.70 0.10
3987 2005 49 7660.00 -5.90 0.40 0.38 3.20 0.80
3987 2005 50 2470.00 -3.60 1.00 0.53 3.10 0.10
3987 2005 51 5080.00 -1.20 2.90 0.57 2.50 0.10
3987 2005 52 5390.00 -3.00 3.20 0.49 5.20 0.00
3987 2005 53 4730.00 -4.70 -0.30 0.42 5.30 0.60
3987 2005 54 2540.00 -1.50 0.80 0.59 3.10 4.40
3987 2005 55 5690.00 -6.10 0.10 0.49 2.10 1.20
3987 2005 56 1850.00 -0.80 1.30 0.60 1.40 0.70
3987 2005 57 2560.00 -6.80 0.70 0.53 2.80 3.10
3987 2005 58 8790.00 -9.90 -1.60 0.33 4.50 0.30
3987 2005 59 10130.00 -11.30 -1.00 0.31 4.90 0.50
3987 2005 60 8000.00 -6.40 -0.70 0.34 5.80 3.20
3987 2005 61 7990.00 -5.30 1.20 0.30 4.20 0.00
3987 2005 62 6530.00 -6.20 0.30 0.38 1.80 0.10
3987 2005 63 7220.00 -6.20 0.20 0.40 2.20 0.00
3987 2005 64 7410.00 -7.10 1.30 0.36 3.60 0.00
3987 2005 65 6810.00 -6.50 -0.60 0.40 4.60 0.60
3987 2005 66 5550.00 -6.30 1.60 0.47 6.30 0.00
3987 2005 67 6330.00 -2.20 3.50 0.59 5.70 0.00
3987 2005 68 5780.00 -5.30 2.60 0.49 3.80 0.00
3987 2005 69 14360.00 -7.00 3.90 0.36 4.10 0.00
3987 2005 70 1540.00 -0.50 2.80 0.59 7.80 6.70
3987 2005 71 3840.00 0.40 3.80 0.60 8.40 2.90
3987 2005 72 10900.00 -1.40 5.60 0.53 5.50 1.40
3987 2005 73 10280.00 -0.50 6.90 0.56 5.50 0.00
3987 2005 74 7710.00 -1.00 9.70 0.60 4.90 0.00
3987 2005 75 6105.55 7.10 18.50 0.89 6.50 0.50
3987 2005 76 4290.00 10.40 15.80 1.10 8.80 0.80
3987 2005 77 2300.00 6.30 13.10 1.18 8.40 2.20
3987 2005 78 8790.00 -3.00 6.30 0.51 3.70 0.00
3987 2005 79 16730.00 -4.70 6.20 0.37 3.30 0.00
3987 2005 80 17480.00 -3.20 7.90 0.35 3.90 0.00
3987 2005 81 16160.00 -3.20 12.80 0.40 5.00 0.00
3987 2005 82 5060.00 2.30 12.30 0.94 3.30 1.30
3987 2005 83 11240.00 6.50 17.40 1.08 2.60 0.00
3987 2005 84 11750.00 5.00 17.80 1.03 3.40 0.10
3987 2005 85 3480.00 7.50 10.80 1.13 2.00 0.60
3987 2005 86 4800.00 6.70 10.90 1.02 4.60 0.00
3987 2005 87 17310.00 3.40 13.30 0.64 4.90 0.00
3987 2005 88 16460.00 2.20 14.10 0.60 5.50 0.00
3987 2005 89 18540.00 2.40 13.00 0.50 6.60 0.00
3987 2005 90 19080.00 -0.60 11.90 0.44 4.90 0.00
3987 2005 91 19780.00 -0.60 14.20 0.40 4.20 0.00
3987 2005 92 19810.00 0.00 17.10 0.40 4.70 0.00
3987 2005 93 19430.00 0.80 20.80 0.43 4.80 0.00
3987 2005 94 19140.00 4.40 21.20 0.48 4.50 0.00
3987 2005 95 5890.00 4.30 13.80 0.84 4.90 1.10
3987 2005 96 17440.00 2.90 16.20 0.74 4.60 0.00
3987 2005 97 7260.00 6.90 14.30 1.04 4.90 5.10
3987 2005 98 11080.00 3.50 13.50 0.86 3.80 0.80
3987 2005 99 10730.00 2.40 9.60 0.69 4.00 0.20
3987 2005 100 10030.00 -1.00 9.80 0.74 3.30 0.00
3987 2005 101 13600.00 4.60 14.10 0.88 3.90 0.00
3987 2005 102 10440.00 4.90 15.40 0.98 2.00 0.00
3987 2005 103 11130.00 8.90 16.50 1.05 2.60 0.00
3987 2005 104 15000.00 7.10 20.00 0.89 3.30 0.00
3987 2005 105 18250.00 10.30 22.40 0.89 4.20 0.00
3987 2005 106 19790.00 8.90 22.90 1.06 5.30 0.00
3987 2005 107 17610.00 8.30 21.20 1.11 4.70 0.00
3987 2005 108 20720.00 6.30 19.50 1.03 3.50 0.00
3987 2005 109 20000.00 5.60 16.60 0.66 5.00 0.00
3987 2005 110 24230.00 -0.30 12.90 0.41 6.00 0.00
3987 2005 111 24400.00 -2.50 10.90 0.35 2.70 0.00
3987 2005 112 22690.00 0.30 13.80 0.52 3.50 0.00
3987 2005 113 20880.00 2.50 15.10 0.50 4.10 0.00
3987 2005 114 23920.00 2.60 16.30 0.51 5.60 0.00
3987 2005 115 14830.00 6.20 16.30 0.52 6.40 0.00
3987 2005 116 23590.00 5.20 19.00 0.57 3.00 0.00
3987 2005 117 8470.00 6.10 15.40 1.09 4.00 9.70
3987 2005 118 22650.00 5.30 17.40 0.87 4.90 0.00
3987 2005 119 17530.00 5.10 18.50 0.88 3.60 0.00
3987 2005 120 16660.00 9.50 22.10 1.08 2.20 0.00
3987 2005 121 23360.00 12.40 26.20 1.31 2.70 0.00
3987 2005 122 21360.00 13.00 31.60 1.28 5.00 0.00
3987 2005 123 14610.00 13.70 23.60 1.58 2.70 4.30
3987 2005 124 13800.00 10.20 19.40 1.38 5.50 0.30
3987 2005 125 18200.00 6.80 15.60 0.91 6.00 0.80
3987 2005 126 12070.00 5.50 14.70 1.01 5.50 7.10
3987 2005 127 13570.00 4.40 11.10 0.91 3.80 9.40
3987 2005 128 19580.00 4.60 13.60 0.82 6.30 1.20
3987 2005 129 16400.00 3.50 11.10 0.86 4.00 4.20
3987 2005 130 13390.00 3.80 10.70 0.87 3.70 4.50
3987 2005 131 10630.00 3.60 12.10 0.90 4.40 3.10
3987 2005 132 13390.00 3.70 13.30 0.91 3.10 0.00
3987 2005 133 22730.00 4.20 17.70 0.82 2.50 0.00
3987 2005 134 11280.00 8.10 17.60 1.04 5.00 19.50
3987 2005 135 8830.00 6.90 12.50 1.12 5.40 2.30
3987 2005 136 22890.00 6.50 18.10 0.94 4.80 1.80
3987 2005 137 9020.00 5.80 10.20 0.93 3.10 2.20
3987 2005 138 17840.00 4.20 13.60 0.79 3.40 0.00
3987 2005 139 23550.00 2.60 16.50 0.72 2.20 0.00
3987 2005 140 23410.00 5.40 20.60 0.89 4.40 0.00
3987 2005 141 17500.00 9.60 23.90 1.26 4.40 6.40
3987 2005 142 14340.00 13.90 21.60 1.59 3.00 0.20
3987 2005 143 11090.00 12.60 19.80 1.60 3.20 1.20
3987 2005 144 20620.00 10.20 20.40 1.20 2.10 0.00
3987 2005 145 24400.00 12.20 24.20 1.25 3.50 0.00
3987 2005 146 26900.00 13.70 27.80 1.40 2.60 0.00
3987 2005 147 26960.00 15.70 31.20 1.65 3.00 0.00
3987 2005 148 28210.00 17.40 32.90 1.69 4.10 0.00
3987 2005 149 26730.00 16.90 26.80 1.41 3.10 12.40
3987 2005 150 7430.00 10.20 18.00 1.53 4.60 1.30
3987 2005 151 17320.00 7.30 16.70 1.07 6.50 1.80
3987 2005 152 12570.00 5.90 13.40 0.92 4.70 0.00
3987 2005 153 12970.00 4.70 16.00 1.11 3.60 0.10
3987 2005 154 21800.00 12.70 26.20 1.50 3.60 0.00
3987 2005 155 20070.00 12.20 21.80 1.24 6.60 0.00
3987 2005 156 16120.00 11.30 18.00 1.35 5.30 5.20
3987 2005 157 8620.00 8.10 13.00 0.99 5.30 1.90
3987 2005 158 8780.00 6.40 12.80 0.99 6.00 4.10
3987 2005 159 16340.00 6.60 16.40 0.91 2.80 0.00
3987 2005 160 21740.00 5.40 20.20 0.89 3.30 1.40
3987 2005 161 11140.00 8.30 17.70 1.27 3.80 5.00
3987 2005 162 15200.00 6.30 14.50 1.00 5.30 0.30
3987 2005 163 13290.00 6.60 14.60 0.94 4.00 0.20
3987 2005 164 22250.00 5.80 20.40 1.01 4.20 0.20
3987 2005 165 23540.00 9.50 26.90 1.37 3.80 0.00
3987 2005 166 23960.00 15.10 26.00 1.62 2.50 0.00
3987 2005 167 24700.00 15.20 27.00 1.62 3.20 0.00
3987 2005 168 9360.00 16.20 22.60 1.71 4.80 0.40
3987 2005 169 29930.00 11.60 22.90 1.15 5.50 0.00
3987 2005 170 26780.00 10.10 25.40 1.44 3.10 0.00
3987 2005 171 29570.00 11.80 27.00 1.29 3.00 0.00
3987 2005 172 25400.00 15.00 31.20 1.36 3.60 3.60
3987 2005 173 22520.00 13.80 22.60 1.45 4.40 0.00
3987 2005 174 29950.00 11.50 27.10 1.36 1.70 0.00
3987 2005 175 21570.00 15.90 30.30 1.50 2.90 0.00
3987 2005 176 19100.00 14.50 33.20 1.91 3.70 3.70
3987 2005 177 29450.00 12.60 24.80 1.36 2.40 0.00
3987 2005 178 29990.00 11.80 24.80 1.18 3.10 0.00
3987 2005 179 28500.00 11.10 24.00 1.20 4.30 0.00
3987 2005 180 24860.00 11.10 25.60 1.30 2.80 0.00
3987 2005 181 22600.00 13.70 24.40 1.24 3.90 0.00
3987 2005 182 7080.00 14.00 18.80 1.59 2.60 5.60
3987 2005 183 17450.00 13.70 24.20 1.59 1.90 0.00
3987 2005 184 22240.00 14.50 27.60 1.52 2.10 0.00
3987 2005 185 28100.00 15.60 29.90 1.41 4.60 5.00
3987 2005 186 3540.00 11.10 21.10 1.43 5.00 18.30
3987 2005 187 6230.00 11.10 14.00 1.45 2.40 3.90
3987 2005 188 11220.00 11.90 19.80 1.61 2.90 6.10
3987 2005 189 7620.00 13.20 16.60 1.60 2.00 10.10
3987 2005 190 11500.00 13.60 21.40 1.83 2.30 0.00
3987 2005 191 29050.00 14.30 27.90 1.66 4.20 0.00
3987 2005 192 27780.00 13.70 28.20 1.51 3.70 0.00
3987 2005 193 27520.00 15.20 30.20 1.60 3.00 0.00
3987 2005 194 26670.00 15.80 30.00 1.58 2.50 0.00
3987 2005 195 23400.00 16.00 28.40 1.68 2.00 0.00
3987 2005 196 21000.00 15.90 30.70 1.80 3.50 1.30
3987 2005 197 23900.00 14.50 23.80 1.43 4.60 0.00
3987 2005 198 22940.00 12.70 22.30 1.24 5.10 0.00
3987 2005 199 22460.00 15.00 27.10 1.51 2.90 0.00
3987 2005 200 16650.00 15.90 24.10 1.58 5.10 0.00
3987 2005 201 14650.00 11.50 22.00 1.31 5.80 3.50
3987 2005 202 2920.00 11.70 14.20 1.46 8.40 37.30
3987 2005 203 12400.00 13.70 19.00 1.67 6.20 3.90
3987 2005 204 6070.00 12.50 15.30 1.47 4.80 0.00
3987 2005 205 17780.00 13.30 23.00 1.45 3.50 0.00
3987 2005 206 14826.90 15.10 26.40 1.75 3.50 14.70
3987 2005 207 13160.00 14.70 21.00 1.87 3.90 5.30
3987 2005 208 14730.00 14.00 23.30 1.62 2.20 4.80
3987 2005 209 17480.00 17.30 29.30 2.25 3.20 1.00
3987 2005 210 16140.00 20.00 29.20 2.35 3.10 24.90
3987 2005 211 18990.00 17.40 26.10 1.97 4.10 2.80
3987 2005 212 22190.00 15.10 25.00 1.53 3.90 0.00
3987 2005 213 23600.00 11.60 20.70 1.30 4.80 0.00
3987 2005 214 22550.00 10.50 22.30 1.34 2.00 0.00
3987 2005 215 2800.00 14.10 16.90 1.70 1.60 6.10
3987 2005 216 17770.00 11.50 21.30 1.41 5.10 0.00
3987 2005 217 16570.00 10.40 21.80 1.39 2.90 9.40
3987 2005 218 13660.00 11.70 17.90 1.45 5.00 5.10
3987 2005 219 15780.00 9.50 17.20 1.26 3.70 2.20
3987 2005 220 22740.00 7.90 19.60 1.24 3.30 0.70
3987 2005 221 6860.00 11.30 14.20 1.37 5.90 1.30
3987 2005 222 6310.00 11.70 15.40 1.39 6.10 3.90
3987 2005 223 9930.00 12.40 19.00 1.40 6.40 0.00
3987 2005 224 18310.00 11.30 21.20 1.38 4.00 8.00
3987 2005 225 9640.00 11.00 16.20 1.43 4.30 0.00
3987 2005 226 7890.00 11.20 19.10 1.47 3.70 1.70
3987 2005 227 16040.00 13.50 22.70 1.52 2.60 0.00
3987 2005 228 21020.00 11.20 22.70 1.52 3.30 0.00
3987 2005 229 18020.00 10.40 22.90 1.42 1.70 0.00
3987 2005 230 23410.00 12.10 26.10 1.53 3.60 0.00
3987 2005 231 22070.00 14.30 27.50 1.61 4.20 0.00
3987 2005 232 16260.00 15.90 27.50 1.91 3.20 9.30
3987 2005 233 20280.00 16.30 27.70 1.93 2.30 0.00
3987 2005 234 19540.00 12.80 27.20 1.63 3.30 0.30
3987 2005 235 4000.00 15.00 17.80 1.81 3.40 6.70
3987 2005 236 16050.00 15.40 22.10 1.63 3.70 0.00
3987 2005 237 7150.00 13.20 20.50 1.67 4.70 1.20
3987 2005 238 17110.00 9.60 19.40 1.23 5.30 0.00
3987 2005 239 20860.00 9.30 21.40 1.12 3.10 0.00
3987 2005 240 18890.00 11.20 22.90 1.33 2.10 0.00
3987 2005 241 20560.00 13.70 27.20 1.45 3.30 0.00
3987 2005 242 20620.00 13.30 25.60 1.60 2.20 0.00
3987 2005 243 20650.00 13.60 26.10 1.60 4.80 0.00
3987 2005 244 19300.00 14.10 28.10 1.45 5.40 0.00
3987 2005 245 14640.00 12.80 25.00 1.56 3.50 0.00
3987 2005 246 7850.00 13.70 20.90 1.70 3.00 0.00
3987 2005 247 19150.00 10.20 25.50 1.28 2.30 0.00
3987 2005 248 19280.00 12.70 25.80 1.33 4.00 0.00
3987 2005 249 19660.00 11.70 26.80 1.37 4.10 0.00
3987 2005 250 18940.00 12.80 28.20 1.34 3.90 0.00
3987 2005 251 17490.00 13.80 29.50 1.67 3.00 0.00
3987 2005 252 17430.00 15.00 29.10 1.63 3.20 0.00
3987 2005 253 14170.00 15.40 27.70 1.92 2.70 5.30
3987 2005 254 2160.00 16.20 18.20 1.96 2.20 3.30
3987 2005 255 2900.00 11.10 18.50 1.84 3.00 0.10
3987 2005 256 15060.00 10.70 20.60 1.33 1.90 0.00
3987 2005 257 12270.00 8.90 20.70 1.44 5.50 0.20
3987 2005 258 15540.00 12.10 21.30 1.43 5.30 15.80
3987 2005 259 3870.00 8.50 12.50 1.31 3.80 5.00
3987 2005 260 13840.00 6.40 17.00 1.00 2.20 0.00
3987 2005 261 16110.00 4.70 17.90 0.94 1.10 0.00
3987 2005 262 15900.00 6.30 19.50 1.03 1.70 0.00
3987 2005 263 14000.00 8.60 19.00 1.23 2.80 0.00
3987 2005 264 7200.00 10.10 18.40 1.36 2.80 0.00
3987 2005 265 15560.00 9.40 21.10 1.20 4.20 0.00
3987 2005 266 15112.23 8.00 22.30 1.27 4.50 0.00
3987 2005 267 13780.00 10.10 23.60 1.40 2.70 0.00
3987 2005 268 13800.00 10.80 23.10 1.46 3.40 0.00
3987 2005 269 7220.00 11.90 17.70 1.56 3.40 4.00
3987 2005 270 12490.00 9.50 20.70 1.37 3.80 0.70
3987 2005 271 4240.00 9.00 16.70 1.43 3.80 3.00
3987 2005 272 6180.00 8.20 14.70 1.20 4.30 8.00
3987 2005 273 8970.00 7.50 15.60 1.12 4.90 0.00
3987 2005 274 6970.00 6.10 15.30 1.11 4.50 8.90
3987 2005 275 4180.00 10.00 13.00 1.30 2.10 0.00
3987 2005 276 5400.00 9.30 15.40 1.35 2.10 0.00
3987 2005 277 9780.00 11.70 19.10 1.43 4.10 0.00
3987 2005 278 10860.00 9.70 19.90 1.40 5.00 0.00
3987 2005 279 12040.00 9.70 20.10 1.41 4.70 0.00
3987 2005 280 9830.00 10.00 19.50 1.35 5.00 0.00
3987 2005 281 11170.00 9.80 19.70 1.21 4.90 0.00
3987 2005 282 10860.00 9.00 19.80 1.20 3.80 0.00
3987 2005 283 9390.00 7.70 18.50 1.24 3.80 0.00
3987 2005 284 11450.00 7.20 19.80 1.12 5.30 0.00
3987 2005 285 11190.00 8.10 19.00 1.06 5.00 0.00
3987 2005 286 10340.00 6.10 17.80 1.07 4.00 0.00
3987 2005 287 10060.00 6.30 17.40 1.08 2.00 0.00
3987 2005 288 10400.00 3.80 16.20 0.99 2.70 0.00
3987 2005 289 7240.00 1.30 12.90 0.84 2.30 0.00
3987 2005 290 6180.00 5.90 14.80 1.04 2.70 0.00
3987 2005 291 6750.00 2.80 11.80 0.87 3.30 0.00
3987 2005 292 10010.00 0.80 13.30 0.75 4.50 0.00
3987 2005 293 7750.00 3.90 15.30 1.02 3.90 0.10
3987 2005 294 5120.00 10.10 14.40 1.25 3.90 1.20
3987 2005 295 2740.00 10.80 16.70 1.37 5.60 11.80
3987 2005 296 5310.00 7.80 14.80 1.32 4.20 4.50
3987 2005 297 2020.00 6.80 11.00 1.16 2.80 4.70
3987 2005 298 2470.00 10.90 15.30 1.38 6.30 3.90
3987 2005 299 6050.00 9.50 16.00 1.17 7.00 0.00
3987 2005 300 8080.00 8.30 18.60 1.28 3.20 0.00
3987 2005 301 7860.00 7.50 17.60 1.12 5.50 0.00
3987 2005 302 7900.00 5.10 15.20 0.95 4.80 0.00
3987 2005 303 7520.00 5.10 16.80 1.01 4.00 0.00
3987 2005 304 7640.00 4.30 12.70 0.87 4.70 0.00
3987 2005 305 3360.00 4.30 11.90 0.95 3.80 0.10
3987 2005 306 6540.00 5.50 14.10 1.10 4.10 0.00
3987 2005 307 4960.00 8.00 17.00 1.36 4.30 0.50
3987 2005 308 3630.00 9.90 14.10 1.25 3.40 4.70
3987 2005 309 2610.00 5.10 11.00 1.11 4.10 3.90
3987 2005 310 7020.00 3.10 11.40 0.88 4.40 0.00
3987 2005 311 6090.00 0.80 11.70 0.90 3.90 0.00
3987 2005 312 6490.00 4.70 12.90 1.04 3.80 0.00
3987 2005 313 5690.00 3.80 12.70 0.91 4.20 0.00
3987 2005 314 3280.00 4.70 10.90 1.02 3.60 0.10
3987 2005 315 2270.00 8.20 12.40 1.12 3.90 0.10
3987 2005 316 5370.00 3.70 11.30 0.94 4.10 0.00
3987 2005 317 4990.00 1.10 10.60 0.86 2.10 0.00
3987 2005 318 2010.00 4.00 7.20 0.93 2.70 0.00
3987 2005 319 1270.00 3.20 6.20 0.83 5.50 5.20
3987 2005 320 2150.00 0.90 5.30 0.79 3.00 4.80
3987 2005 321 1410.00 -1.20 3.20 0.66 3.40 0.50
3987 2005 322 1580.00 -0.20 1.40 0.63 3.80 0.00
3987 2005 323 1400.00 -2.10 1.40 0.59 4.10 0.30
3987 2005 324 860.00 -0.30 5.40 0.71 4.20 1.60
3987 2005 325 3090.00 -0.90 4.90 0.64 3.10 1.50
3987 2005 326 1450.00 -0.30 3.20 0.62 3.10 0.00
3987 2005 327 470.00 2.80 4.50 0.76 1.90 1.00
3987 2005 328 940.00 -1.50 3.50 0.66 3.20 0.00
3987 2005 329 2400.00 -2.30 0.60 0.48 5.50 2.00
3987 2005 330 4850.00 -3.10 3.50 0.41 5.10 0.00
3987 2005 331 3810.00 -3.50 2.20 0.47 3.40 0.00
3987 2005 332 1150.00 -4.20 0.70 0.54 3.90 1.00
3987 2005 333 2750.00 -4.00 2.30 0.57 3.60 0.00
3987 2005 334 1790.00 -1.10 4.00 0.60 4.70 0.00
3987 2005 335 4390.00 -3.30 4.40 0.48 4.40 0.00
3987 2005 336 2890.00 -3.60 1.10 0.47 6.10 0.00
3987 2005 337 1150.00 -2.80 0.20 0.51 5.20 0.30
3987 2005 338 1540.00 -1.30 5.40 0.70 4.40 2.10
3987 2005 339 1940.00 2.90 7.10 0.82 4.50 0.00
3987 2005 340 3820.00 -0.30 7.50 0.69 2.30 0.00
3987 2005 341 1300.00 -0.60 2.90 0.65 2.60 0.80
3987 2005 342 620.00 0.10 3.70 0.71 1.70 0.30
3987 2005 343 2436.18 -1.00 4.60 0.65 2.40 0.00
3987 2005 344 3600.00 -2.90 2.20 0.55 2.10 0.00
3987 2005 345 400.00 -1.50 3.50 0.65 4.60 0.40
3987 2005 346 1060.00 -1.20 6.70 0.79 4.30 0.00
3987 2005 347 750.00 -1.70 4.20 0.70 4.10 0.50
3987 2005 348 600.00 3.00 5.20 0.82 4.50 0.50
3987 2005 349 1410.00 4.00 7.60 0.80 9.20 8.70
3987 2005 350 680.00 -1.10 6.00 0.71 8.90 10.00
3987 2005 351 830.00 -1.60 0.40 0.58 4.80 0.50
3987 2005 352 1130.00 -3.30 1.00 0.58 6.80 1.10
3987 2005 353 1300.00 0.00 2.60 0.63 4.60 3.00
3987 2005 354 460.00 0.20 6.00 0.76 7.00 2.30
3987 2005 355 1760.00 -0.30 3.00 0.65 2.70 2.30
3987 2005 356 1330.00 3.00 5.90 0.82 6.20 0.90
3987 2005 357 600.00 2.20 6.20 0.83 4.50 4.60
3987 2005 358 840.00 4.30 7.60 0.89 7.40 1.70
3987 2005 359 3400.00 -1.80 4.30 0.61 4.20 0.30
3987 2005 360 770.00 -1.50 -0.20 0.56 3.00 5.20
3987 2005 361 1120.00 -4.30 -1.10 0.49 5.20 0.50
3987 2005 362 1230.00 -5.10 -2.50 0.40 4.20 1.90
3987 2005 363 890.00 -5.30 -1.30 0.46 5.30 7.50
3987 2005 364 2830.00 -10.60 -1.30 0.37 4.20 0.00
3987 2005 365 1130.00 -10.40 2.50 0.47 5.00 0.50
