*---------------------------------------------------------------------------*
* Station name: Potsdam Saekularstation
* Year: 2002
* Author: Pedro Alencar                                   -999.000: NIL VALUE
* Source: DWD
* Comments: Gaps filled with interpolation and storical means
* Longitude: 13.0622, latitude: 52.3812, altitude: 82.0 m.
*
    * Column  Daily value
    * 1       station number
    * 2       year
    * 3       day
    * 4       irradiation                   (kJ m-2 d-1)
    * 5       minimum temperature           (degrees Celsius
    * 6       maximum temperature           (degrees Celsius)
    * 7       early morning vapour pressure (kPa)
    * 8       mean wind speed (height: 2 m) (m s-1)
    * 9       precipitation                 (mm d-1)
    *
** WCCDESCRIPTION=Potsdam, Germany
** WCCFORMAT=2
** WCCYEARNR=2002
*---------------------------------------------------------------------------*
   13.0622 52.3812 82.0 -0.18 -0.55
3987 2002 1 1160.00 -6.40 2.00 0.54 8.10 0.90
3987 2002 2 3930.00 -6.00 2.80 0.50 7.30 0.00
3987 2002 3 3850.00 -11.00 -2.70 0.32 2.80 0.00
3987 2002 4 4250.00 -13.60 -3.10 0.23 2.60 0.00
3987 2002 5 4360.00 -12.10 -1.30 0.26 3.60 0.00
3987 2002 6 490.00 -6.80 2.30 0.58 5.70 1.40
3987 2002 7 690.00 0.10 2.40 0.66 2.70 0.00
3987 2002 8 920.00 -1.10 0.40 0.59 2.00 0.10
3987 2002 9 650.00 -2.00 -0.40 0.56 1.40 0.00
3987 2002 10 450.00 -2.10 -0.80 0.54 1.50 0.00
3987 2002 11 1260.00 -6.10 -0.10 0.46 2.50 0.70
3987 2002 12 570.00 -0.10 0.80 0.62 3.20 1.70
3987 2002 13 1280.00 -1.40 0.70 0.60 2.30 0.00
3987 2002 14 3860.00 -5.40 0.10 0.45 3.40 0.00
3987 2002 15 4590.00 -6.90 -0.50 0.39 4.00 0.00
3987 2002 16 3730.00 -7.90 -0.30 0.42 3.00 0.10
3987 2002 17 4160.00 -2.30 2.80 0.55 3.60 0.00
3987 2002 18 2390.00 -2.10 2.70 0.56 4.20 0.70
3987 2002 19 1110.00 -0.10 3.10 0.65 5.20 0.90
3987 2002 20 2180.00 2.30 6.00 0.74 6.70 5.60
3987 2002 21 870.00 5.20 9.40 0.97 7.80 0.50
3987 2002 22 3940.00 3.80 8.80 0.83 6.40 0.00
3987 2002 23 4240.00 4.90 9.40 0.75 6.30 0.00
3987 2002 24 2330.00 6.10 11.40 0.86 7.80 0.30
3987 2002 25 4140.00 0.70 6.80 0.56 8.40 0.60
3987 2002 26 2040.00 1.80 11.40 0.84 8.90 2.30
3987 2002 27 2150.00 5.70 10.90 0.91 8.50 6.60
3987 2002 28 2870.00 5.90 14.40 0.97 8.70 2.50
3987 2002 29 4510.00 5.70 11.30 0.81 9.40 0.00
3987 2002 30 3470.00 7.90 12.40 1.00 5.60 0.00
3987 2002 31 3560.00 3.90 11.50 0.79 8.20 1.00
3987 2002 32 3050.00 2.00 10.50 0.81 6.28 0.00
3987 2002 33 6130.00 7.70 17.00 0.90 6.10 0.00
3987 2002 34 6760.00 6.10 15.80 0.77 5.60 0.00
3987 2002 35 5990.00 5.70 11.70 0.66 7.10 0.00
3987 2002 36 3060.00 6.80 13.90 0.91 6.40 2.20
3987 2002 37 4680.00 3.30 12.40 0.94 4.50 0.10
3987 2002 38 3460.00 3.20 8.70 0.73 5.60 2.10
3987 2002 39 3900.00 4.70 11.10 0.87 6.80 3.00
3987 2002 40 2910.00 6.40 12.20 1.09 7.10 3.90
3987 2002 41 2850.00 4.70 8.00 0.84 6.90 2.90
3987 2002 42 1430.00 5.10 10.70 1.01 8.00 8.70
3987 2002 43 5890.00 8.40 12.60 0.98 10.50 0.60
3987 2002 44 5870.00 -0.50 8.90 0.70 4.60 0.00
3987 2002 45 8950.00 -3.10 5.00 0.46 3.10 0.00
3987 2002 46 9410.00 -3.70 6.80 0.45 3.20 0.00
3987 2002 47 9500.00 -3.80 8.20 0.46 4.10 0.00
3987 2002 48 8100.00 -2.60 8.70 0.51 4.20 0.00
3987 2002 49 4810.00 -1.50 5.70 0.61 5.60 0.50
3987 2002 50 2660.00 -0.30 5.90 0.61 8.70 4.70
3987 2002 51 4590.00 -0.30 8.90 0.74 6.40 4.20
3987 2002 52 4690.00 -4.20 2.40 0.48 6.60 0.30
3987 2002 53 1080.00 -4.10 3.30 0.55 8.10 10.00
3987 2002 54 5830.00 0.10 4.50 0.60 8.30 1.20
3987 2002 55 4800.00 -0.50 5.00 0.60 7.10 3.10
3987 2002 56 4870.00 -0.60 5.40 0.62 3.70 9.80
3987 2002 57 2900.00 2.10 11.30 0.94 8.60 6.20
3987 2002 58 6970.00 2.20 9.10 0.70 7.90 1.60
3987 2002 59 6790.00 2.00 9.30 0.64 6.60 1.60
3987 2002 60 5570.00 0.60 7.10 0.73 5.40 1.10
3987 2002 61 11970.00 -2.10 5.50 0.50 4.10 0.00
3987 2002 62 10210.00 -0.90 5.60 0.55 6.50 0.00
3987 2002 63 2150.00 3.80 8.00 0.82 4.60 0.00
3987 2002 64 3690.00 5.30 9.30 0.81 3.00 0.00
3987 2002 65 6090.00 5.40 9.60 0.81 6.30 2.00
3987 2002 66 7940.00 3.80 10.90 0.83 11.90 5.50
3987 2002 67 10880.00 3.50 11.10 0.71 6.70 0.00
3987 2002 68 3830.00 3.10 10.20 0.75 6.10 0.90
3987 2002 69 9080.00 2.80 9.70 0.63 8.20 0.70
3987 2002 70 12760.00 1.80 15.50 0.64 5.30 0.00
3987 2002 71 6810.00 4.70 15.50 0.79 3.40 0.00
3987 2002 72 4710.00 2.30 11.50 0.84 3.50 7.40
3987 2002 73 3160.00 0.40 4.60 0.65 4.60 0.00
3987 2002 74 2620.00 0.00 1.40 0.57 6.30 0.80
3987 2002 75 3470.00 1.10 3.70 0.64 3.60 0.00
3987 2002 76 11130.00 2.90 15.30 0.84 2.90 0.00
3987 2002 77 13580.00 3.70 18.90 0.94 4.40 8.80
3987 2002 78 3340.00 6.30 11.30 0.93 7.70 1.30
3987 2002 79 2740.00 2.70 8.60 0.86 5.10 3.40
3987 2002 80 6510.00 2.80 9.90 0.80 5.00 0.70
3987 2002 81 8890.00 0.80 8.70 0.63 6.80 0.00
3987 2002 82 6670.00 0.70 6.40 0.64 5.60 1.00
3987 2002 83 5300.00 0.50 4.50 0.55 4.30 0.00
3987 2002 84 4460.00 -0.20 2.70 0.50 1.70 0.00
3987 2002 85 3320.00 0.20 2.80 0.49 0.90 0.00
3987 2002 86 13310.00 -0.50 7.90 0.48 1.60 0.00
3987 2002 87 17630.00 -2.00 11.90 0.56 1.40 0.00
3987 2002 88 17210.00 2.80 16.30 0.56 2.80 0.00
3987 2002 89 16610.00 2.90 18.90 0.62 3.10 0.00
3987 2002 90 9890.00 5.40 15.80 0.72 2.20 0.00
3987 2002 91 17470.00 3.00 18.10 0.61 3.80 0.00
3987 2002 92 17750.00 4.10 18.80 0.70 5.30 0.00
3987 2002 93 18190.00 4.10 15.80 0.61 6.80 0.00
3987 2002 94 20010.00 1.30 14.00 0.42 6.50 0.00
3987 2002 95 17640.00 -0.40 9.30 0.44 6.30 0.00
3987 2002 96 6500.00 -1.80 5.70 0.48 3.30 0.00
3987 2002 97 19210.00 -2.60 9.20 0.47 2.30 0.00
3987 2002 98 18750.00 -1.90 11.50 0.43 3.80 0.00
3987 2002 99 17060.00 -0.50 11.80 0.47 3.90 0.20
3987 2002 100 10360.00 2.00 11.50 0.59 5.90 0.00
3987 2002 101 7730.00 3.90 10.80 0.75 4.40 0.00
3987 2002 102 5370.00 4.70 14.40 0.92 3.20 0.00
3987 2002 103 5730.00 7.70 13.00 1.05 2.20 0.10
3987 2002 104 3020.00 7.20 8.60 1.06 3.50 8.10
3987 2002 105 1980.00 6.20 7.50 0.99 4.70 13.20
3987 2002 106 3260.00 5.40 7.00 0.93 2.00 1.70
3987 2002 107 11500.00 4.30 12.90 0.91 2.10 3.30
3987 2002 108 11670.00 3.70 13.90 0.89 2.60 0.00
3987 2002 109 15050.00 5.90 18.00 1.05 2.60 4.90
3987 2002 110 8040.00 5.70 13.00 1.09 2.40 0.00
3987 2002 111 17370.00 3.40 16.20 0.86 2.30 0.00
3987 2002 112 23320.00 3.20 19.10 0.70 1.90 0.00
3987 2002 113 10940.00 7.30 18.20 1.06 4.80 1.30
3987 2002 114 8920.00 8.20 13.50 1.13 2.80 0.00
3987 2002 115 6660.00 9.50 16.60 1.29 2.20 0.10
3987 2002 116 12200.00 8.40 17.70 1.16 4.00 7.70
3987 2002 117 13670.00 3.30 13.00 0.86 7.50 3.10
3987 2002 118 10010.00 1.20 12.60 0.88 4.90 0.60
3987 2002 119 10860.00 6.70 14.60 0.91 5.80 1.60
3987 2002 120 13310.00 6.50 15.70 0.89 4.90 0.50
3987 2002 121 12810.00 8.30 19.60 1.01 4.50 6.50
3987 2002 122 9140.00 9.20 15.70 1.27 2.20 0.00
3987 2002 123 15070.00 9.00 18.40 1.28 4.00 0.10
3987 2002 124 3400.00 10.30 12.80 1.30 2.60 4.10
3987 2002 125 7030.00 10.30 15.00 1.32 1.60 2.10
3987 2002 126 12080.00 10.70 18.00 1.39 2.40 0.10
3987 2002 127 5630.00 9.90 12.10 1.23 2.30 0.20
3987 2002 128 20160.00 9.50 25.60 1.25 4.40 0.00
3987 2002 129 24000.00 12.50 27.00 1.13 5.40 0.00
3987 2002 130 22260.00 12.90 27.10 1.26 4.70 0.00
3987 2002 131 18770.00 12.90 25.10 1.49 4.10 18.60
3987 2002 132 17030.00 11.80 21.40 1.43 2.80 0.40
3987 2002 133 19450.00 11.50 21.70 1.35 2.50 0.00
3987 2002 134 17250.00 11.90 22.00 1.36 5.20 4.40
3987 2002 135 14790.00 10.10 18.50 1.15 4.90 0.00
3987 2002 136 24280.00 9.60 24.20 1.34 4.10 0.00
3987 2002 137 24480.00 8.90 21.40 1.30 3.50 0.00
3987 2002 138 29210.00 6.80 22.50 0.96 3.00 0.20
3987 2002 139 4060.00 12.10 15.00 1.39 3.30 7.40
3987 2002 140 20270.00 11.60 22.20 1.34 2.60 0.00
3987 2002 141 24190.00 10.80 24.10 1.32 4.30 0.00
3987 2002 142 26100.00 12.40 27.40 1.44 4.80 0.00
3987 2002 143 22100.00 14.60 27.30 1.71 3.50 21.30
3987 2002 144 11340.00 12.90 18.80 1.51 4.00 0.60
3987 2002 145 12640.00 11.60 20.50 1.47 3.20 6.80
3987 2002 146 4420.00 9.50 13.60 1.39 1.50 4.20
3987 2002 147 17000.00 8.50 20.90 1.28 2.30 0.00
3987 2002 148 5310.00 13.00 16.10 1.55 3.30 8.40
3987 2002 149 24440.00 11.80 22.60 1.41 5.10 0.00
3987 2002 150 26600.00 9.30 20.30 1.07 3.70 0.00
3987 2002 151 16380.00 9.10 21.10 1.19 3.50 1.00
3987 2002 152 23310.00 7.40 19.00 1.04 4.10 0.00
3987 2002 153 28630.00 8.10 23.30 1.10 2.80 0.00
3987 2002 154 25400.00 9.10 23.60 1.32 3.40 0.00
3987 2002 155 25760.00 13.50 27.40 1.43 3.90 0.00
3987 2002 156 23930.00 15.10 27.80 1.34 6.80 0.00
3987 2002 157 15730.00 15.20 23.30 1.56 6.90 11.30
3987 2002 158 2900.00 13.40 15.50 1.63 5.50 6.70
3987 2002 159 5820.00 12.70 17.10 1.51 1.90 0.00
3987 2002 160 15360.00 11.90 20.90 1.54 1.80 0.00
3987 2002 161 14130.00 11.90 20.20 1.62 3.20 4.00
3987 2002 162 19450.00 11.20 20.00 1.27 4.60 0.00
3987 2002 163 10190.00 12.10 19.50 1.49 4.10 8.60
3987 2002 164 7590.00 11.90 15.70 1.51 4.90 0.90
3987 2002 165 11560.00 12.00 17.40 1.41 4.50 0.10
3987 2002 166 14430.00 13.00 25.70 1.73 5.00 0.00
3987 2002 167 17400.00 12.90 22.80 1.54 3.80 0.00
3987 2002 168 26570.00 14.90 28.70 1.86 3.00 0.00
3987 2002 169 28910.00 18.00 33.30 1.97 4.30 0.00
3987 2002 170 18610.00 19.60 25.90 2.02 3.90 0.80
3987 2002 171 19180.00 14.60 28.90 1.79 5.60 1.30
3987 2002 172 17400.00 15.00 21.90 1.62 3.40 0.00
3987 2002 173 25160.00 14.10 26.20 1.64 2.90 0.00
3987 2002 174 17320.00 13.10 23.50 1.54 5.40 0.00
3987 2002 175 23160.00 11.40 21.60 1.20 4.20 0.00
3987 2002 176 22870.00 9.80 21.90 1.26 4.00 0.00
3987 2002 177 22440.00 12.10 24.60 1.35 3.10 0.00
3987 2002 178 19490.38 11.70 22.40 1.31 4.40 1.10
3987 2002 179 18650.00 9.40 18.70 1.19 7.10 1.60
3987 2002 180 18930.00 10.40 18.70 1.15 7.80 0.10
3987 2002 181 13770.00 9.00 20.60 1.20 4.40 0.20
3987 2002 182 8760.00 13.00 18.70 1.38 4.80 2.70
3987 2002 183 11810.00 11.80 19.20 1.53 5.20 4.90
3987 2002 184 12440.00 11.50 23.10 1.47 3.80 0.40
3987 2002 185 6360.00 11.10 17.50 1.44 6.40 0.60
3987 2002 186 23410.00 9.10 24.90 1.23 3.20 0.00
3987 2002 187 13730.00 13.50 24.50 1.57 3.20 0.10
3987 2002 188 14720.00 12.50 21.70 1.61 3.10 0.20
3987 2002 189 27540.00 13.40 29.20 1.55 3.50 0.00
3987 2002 190 28070.00 17.30 34.20 1.58 4.60 0.00
3987 2002 191 23270.00 13.80 32.10 1.85 3.70 26.80
3987 2002 192 17610.00 13.10 22.20 1.49 3.00 0.50
3987 2002 193 20180.00 13.30 25.90 1.47 1.90 0.00
3987 2002 194 15630.00 14.50 26.70 1.58 4.90 0.70
3987 2002 195 4500.00 16.30 20.80 1.86 3.70 15.60
3987 2002 196 16180.00 15.80 22.10 1.73 3.40 0.10
3987 2002 197 20850.00 15.90 28.10 1.83 3.70 0.00
3987 2002 198 7660.00 18.80 23.90 2.17 2.70 8.00
3987 2002 199 8880.00 14.80 19.70 1.81 4.70 1.20
3987 2002 200 3170.00 13.60 15.40 1.66 5.30 0.70
3987 2002 201 13030.00 12.80 20.10 1.55 3.80 0.00
3987 2002 202 21700.00 12.40 25.50 1.53 5.10 2.10
3987 2002 203 7230.00 12.60 16.10 1.40 7.40 4.90
3987 2002 204 10340.00 12.10 20.40 1.48 5.00 3.40
3987 2002 205 12720.00 11.70 20.40 1.59 5.50 2.10
3987 2002 206 12190.00 12.00 18.20 1.37 5.40 0.30
3987 2002 207 7760.00 12.80 17.50 1.55 3.40 0.30
3987 2002 208 19670.00 15.70 26.00 1.75 1.80 0.00
3987 2002 209 26540.00 15.00 29.90 1.68 4.00 0.00
3987 2002 210 24810.00 18.10 32.30 1.84 3.50 0.00
3987 2002 211 25210.00 19.50 33.00 1.72 4.50 0.00
3987 2002 212 21190.00 18.30 31.90 2.08 2.90 0.00
3987 2002 213 16990.00 19.20 33.20 2.17 3.20 15.80
3987 2002 214 9730.00 15.40 23.50 1.96 3.80 0.00
3987 2002 215 25530.00 14.10 26.80 1.66 2.40 0.00
3987 2002 216 15870.00 16.00 26.90 1.88 3.90 38.40
3987 2002 217 6180.00 16.20 20.40 1.97 1.50 5.30
3987 2002 218 19250.00 14.70 24.40 1.78 1.80 0.00
3987 2002 219 13140.00 14.40 25.20 1.90 1.90 2.50
3987 2002 220 14090.00 16.20 24.50 1.97 2.00 0.00
3987 2002 221 17610.00 15.20 25.30 1.82 2.40 0.00
3987 2002 222 15520.00 15.60 26.60 1.94 4.20 0.00
3987 2002 223 18980.00 16.90 27.90 2.01 2.90 6.80
3987 2002 224 1050.00 17.60 20.00 2.05 5.40 84.10
3987 2002 225 3430.00 15.20 17.70 1.79 7.90 16.30
3987 2002 226 7270.00 14.70 22.30 1.84 4.60 0.00
3987 2002 227 19830.00 14.90 26.10 1.82 3.00 0.00
3987 2002 228 17770.00 14.10 26.30 1.93 2.20 0.00
3987 2002 229 16390.00 16.90 28.10 2.07 2.30 0.00
3987 2002 230 21010.00 18.00 28.10 1.91 4.40 0.00
3987 2002 231 20630.00 17.20 29.90 1.85 4.90 0.00
3987 2002 232 22210.00 16.20 28.20 1.52 5.40 0.00
3987 2002 233 21750.00 15.00 29.00 1.64 4.00 0.00
3987 2002 234 19260.00 15.30 28.10 1.89 1.80 14.10
3987 2002 235 17610.00 15.30 28.30 1.76 2.30 0.00
3987 2002 236 17460.00 15.90 28.20 1.69 4.20 0.00
3987 2002 237 18310.00 16.50 26.80 1.80 3.40 0.00
3987 2002 238 18570.00 16.50 29.50 1.89 3.60 0.00
3987 2002 239 17910.00 17.20 29.10 1.74 4.80 0.00
3987 2002 240 18660.00 16.50 29.00 1.77 3.10 0.00
3987 2002 241 16250.00 16.30 27.90 2.00 2.00 0.00
3987 2002 242 17200.00 15.80 26.80 1.87 1.90 0.00
3987 2002 243 13860.00 16.20 26.70 1.91 3.20 0.00
3987 2002 244 16520.00 11.20 21.80 1.29 3.60 0.00
3987 2002 245 17010.00 9.50 23.80 1.24 2.60 0.00
3987 2002 246 16720.00 10.60 24.20 1.40 5.40 0.00
3987 2002 247 17480.00 14.50 27.20 1.63 3.80 0.00
3987 2002 248 15270.00 13.90 25.60 1.63 3.00 0.00
3987 2002 249 17050.00 12.20 24.00 1.38 2.40 0.00
3987 2002 250 15760.00 12.10 25.30 1.40 2.40 0.00
3987 2002 251 16270.00 12.80 26.80 1.50 4.10 0.00
3987 2002 252 16760.00 14.40 27.30 1.55 5.00 0.00
3987 2002 253 14810.00 15.50 27.00 1.59 4.50 0.00
3987 2002 254 13960.00 13.00 24.40 1.45 4.30 0.00
3987 2002 255 18200.00 9.00 23.10 1.11 3.60 0.00
3987 2002 256 17270.00 8.80 22.80 1.33 2.20 0.00
3987 2002 257 9260.00 11.10 19.90 1.48 4.70 0.80
3987 2002 258 16630.00 8.10 19.70 1.04 4.20 0.00
3987 2002 259 9750.00 6.90 17.20 1.12 4.00 0.60
3987 2002 260 5900.00 12.10 18.40 1.44 4.50 0.00
3987 2002 261 7120.00 11.30 17.60 1.36 5.60 0.00
3987 2002 262 14200.00 10.60 20.00 1.25 2.80 0.00
3987 2002 263 6480.00 11.80 18.10 1.26 3.10 0.00
3987 2002 264 9650.00 10.70 16.30 1.20 4.00 0.40
3987 2002 265 3550.00 10.10 12.90 1.29 2.60 28.10
3987 2002 266 1980.00 5.50 10.70 1.00 5.60 6.50
3987 2002 267 11458.87 1.60 15.20 0.84 4.00 0.00
3987 2002 268 14790.00 3.00 15.80 0.97 2.80 2.30
3987 2002 269 4450.00 10.10 14.40 1.33 4.50 2.60
3987 2002 270 8680.00 6.60 13.10 1.00 3.80 0.00
3987 2002 271 10040.00 4.10 13.50 0.95 2.90 0.00
3987 2002 272 9280.00 9.50 18.50 1.26 2.00 0.00
3987 2002 273 11500.00 8.00 17.80 1.13 2.70 0.00
3987 2002 274 12180.00 8.10 18.90 1.17 2.50 0.00
3987 2002 275 13070.00 8.40 19.80 1.19 2.90 0.00
3987 2002 276 10730.00 8.10 19.90 1.37 3.50 0.40
3987 2002 277 9390.00 9.90 16.90 1.29 6.30 0.00
3987 2002 278 6750.00 9.10 14.20 1.19 5.80 10.10
3987 2002 279 3020.00 4.10 11.90 1.16 5.00 7.40
3987 2002 280 8910.00 1.20 10.80 0.80 3.00 0.00
3987 2002 281 2000.00 0.80 8.50 0.89 4.50 0.30
3987 2002 282 8380.00 1.80 12.40 0.85 4.00 0.00
3987 2002 283 12270.00 1.30 10.80 0.64 6.20 0.00
3987 2002 284 11920.00 0.70 10.00 0.57 6.90 0.00
3987 2002 285 9690.00 0.50 8.40 0.56 7.00 0.00
3987 2002 286 1530.00 0.30 3.70 0.63 3.50 7.50
3987 2002 287 2690.00 1.20 8.30 0.82 3.40 2.90
3987 2002 288 2800.00 6.10 10.20 1.05 4.20 0.00
3987 2002 289 5960.00 9.70 16.60 1.35 4.20 3.00
3987 2002 290 3340.00 6.90 13.70 1.20 5.50 0.00
3987 2002 291 3230.00 4.80 8.60 0.90 5.90 3.50
3987 2002 292 5750.00 2.20 8.30 0.84 5.50 2.10
3987 2002 293 6640.00 2.00 9.30 0.78 4.70 0.40
3987 2002 294 1310.00 1.90 10.10 0.84 4.30 2.70
3987 2002 295 1840.00 9.10 12.50 1.30 3.70 4.50
3987 2002 296 4220.00 5.70 16.40 1.23 7.10 2.40
3987 2002 297 5860.00 3.00 9.60 0.81 5.70 0.20
3987 2002 298 5640.00 1.90 13.00 0.96 5.80 9.50
3987 2002 299 4250.00 8.70 12.60 1.01 9.00 0.70
3987 2002 300 1130.00 7.30 12.70 1.04 9.00 9.70
3987 2002 301 4930.00 5.00 10.30 0.85 11.60 0.90
3987 2002 302 6540.00 4.40 10.90 0.88 4.60 1.90
3987 2002 303 4730.00 5.20 9.80 0.92 2.40 0.20
3987 2002 304 4770.00 3.40 10.70 0.85 1.80 0.00
3987 2002 305 6130.00 2.40 11.30 0.87 3.30 14.40
3987 2002 306 2590.00 0.00 7.50 0.83 4.50 1.50
3987 2002 307 3470.00 -1.10 4.40 0.62 5.80 7.00
3987 2002 308 2420.00 -2.30 2.90 0.59 3.30 0.00
3987 2002 309 6070.00 -4.00 3.80 0.45 3.20 0.00
3987 2002 310 6860.00 -5.50 2.90 0.45 4.20 0.00
3987 2002 311 5280.00 -5.60 2.40 0.48 4.00 1.50
3987 2002 312 3580.00 0.80 8.30 0.76 5.40 12.70
3987 2002 313 750.00 0.40 5.10 0.72 7.90 3.10
3987 2002 314 4560.00 0.20 5.60 0.71 3.80 0.00
3987 2002 315 750.00 0.60 2.90 0.69 2.80 4.00
3987 2002 316 4310.00 2.80 10.80 0.89 3.70 0.00
3987 2002 317 3550.00 6.50 11.20 0.90 5.10 0.00
3987 2002 318 4170.00 3.60 10.40 0.88 4.00 0.00
3987 2002 319 1270.00 4.40 8.50 0.98 2.40 1.40
3987 2002 320 2090.00 4.20 9.70 0.98 4.00 1.70
3987 2002 321 730.00 4.90 9.40 1.01 6.40 0.20
3987 2002 322 4560.00 1.90 10.80 0.87 3.50 0.00
3987 2002 323 330.00 -1.20 6.60 0.80 4.10 0.90
3987 2002 324 4520.00 -3.30 2.90 0.51 1.80 0.00
3987 2002 325 3590.00 -3.10 3.30 0.59 5.50 0.00
3987 2002 326 460.00 1.20 3.60 0.74 3.20 5.80
3987 2002 327 1070.00 2.60 5.60 0.82 1.90 0.40
3987 2002 328 3850.00 0.30 6.70 0.79 3.90 0.00
3987 2002 329 980.00 3.00 5.60 0.82 4.00 1.10
3987 2002 330 1390.00 4.50 9.00 0.99 4.60 1.00
3987 2002 331 2460.00 3.60 7.10 0.81 2.70 0.00
3987 2002 332 730.00 4.30 7.00 0.90 4.60 0.00
3987 2002 333 1260.00 4.40 7.00 0.91 3.20 11.40
3987 2002 334 260.00 2.30 6.60 0.85 2.80 7.10
3987 2002 335 880.00 2.20 5.00 0.80 2.30 0.00
3987 2002 336 2080.00 1.90 5.00 0.76 4.20 0.00
3987 2002 337 1020.00 1.10 5.00 0.74 4.40 0.00
3987 2002 338 760.00 0.90 1.60 0.64 3.00 0.00
3987 2002 339 960.00 -1.70 2.00 0.59 3.90 0.20
3987 2002 340 360.00 -3.00 -0.30 0.51 5.40 0.00
3987 2002 341 1730.00 -7.10 -2.90 0.32 7.60 0.00
3987 2002 342 3950.00 -8.10 -3.10 0.29 6.80 0.00
3987 2002 343 3546.93 -10.70 -7.10 0.25 5.60 0.00
3987 2002 344 3640.00 -11.90 -6.90 0.24 5.50 0.00
3987 2002 345 3390.00 -12.10 -4.70 0.26 4.90 0.00
3987 2002 346 3360.00 -10.30 -5.00 0.28 5.00 0.00
3987 2002 347 3010.00 -11.40 -4.70 0.30 3.90 0.00
3987 2002 348 3170.00 -8.80 -2.60 0.34 5.60 0.00
3987 2002 349 1190.00 -7.60 -2.50 0.37 6.10 0.00
3987 2002 350 720.00 -2.50 0.50 0.51 4.60 0.90
3987 2002 351 410.00 -0.90 0.80 0.60 2.80 0.00
3987 2002 352 1540.00 -3.10 0.30 0.56 4.30 0.70
3987 2002 353 1340.00 -1.30 0.40 0.57 1.50 0.00
3987 2002 354 3310.00 -5.90 -0.60 0.46 3.40 0.00
3987 2002 355 1500.00 -2.00 -1.10 0.54 3.90 0.00
3987 2002 356 760.00 -3.60 -0.70 0.50 5.20 1.00
3987 2002 357 2980.00 -5.30 -1.40 0.37 6.30 0.00
3987 2002 358 1900.00 -5.60 -3.30 0.24 7.60 0.80
3987 2002 359 1590.00 -4.80 -0.30 0.36 5.30 0.00
3987 2002 360 2580.00 -0.70 2.30 0.54 4.00 1.40
3987 2002 361 1530.00 0.50 3.10 0.68 4.40 0.40
3987 2002 362 1470.00 1.30 5.40 0.67 4.40 0.00
3987 2002 363 1400.00 2.50 6.90 0.80 5.60 3.40
3987 2002 364 610.00 -2.30 3.80 0.66 3.30 12.30
3987 2002 365 4130.00 -10.20 -2.30 0.33 5.20 0.00
