*---------------------------------------------------------------------------*
* Station name: Potsdam Saekularstation
* Year: 2017
* Author: Pedro Alencar                                   -999.000: NIL VALUE
* Source: DWD
* Comments: Gaps filled with interpolation and storical means
* Longitude: 13.0622, latitude: 52.3812, altitude: 82.0 m.
*
    * Column  Daily value
    * 1       station number
    * 2       year
    * 3       day
    * 4       irradiation                   (kJ m-2 d-1)
    * 5       minimum temperature           (degrees Celsius
    * 6       maximum temperature           (degrees Celsius)
    * 7       early morning vapour pressure (kPa)
    * 8       mean wind speed (height: 2 m) (m s-1)
    * 9       precipitation                 (mm d-1)
    *
** WCCDESCRIPTION=Potsdam, Germany
** WCCFORMAT=2
** WCCYEARNR=2017
*---------------------------------------------------------------------------*
   13.0622 52.3812 82.0 -0.18 -0.55
3987 2017 1 1820.00 -0.90 3.80 0.58 4.20 1.10
3987 2017 2 870.00 -1.40 2.30 0.59 5.00 0.80
3987 2017 3 610.00 0.40 3.70 0.67 7.80 7.80
3987 2017 4 1440.00 -0.90 4.40 0.63 8.40 2.30
3987 2017 5 2430.00 -8.40 -0.80 0.37 4.40 0.00
3987 2017 6 4310.00 -10.30 -4.20 0.28 2.90 0.00
3987 2017 7 1220.00 -9.30 -2.80 0.32 4.00 3.70
3987 2017 8 1050.00 -3.00 -1.20 0.50 1.70 0.10
3987 2017 9 930.00 -2.90 -0.40 0.53 2.20 0.00
3987 2017 10 4160.00 -5.90 0.50 0.41 4.70 0.00
3987 2017 11 1450.00 -6.80 3.00 0.43 6.30 3.70
3987 2017 12 1620.00 1.50 4.60 0.60 7.00 2.20
3987 2017 13 700.00 -1.20 2.10 0.62 5.70 5.10
3987 2017 14 1550.00 -1.40 1.80 0.54 4.60 0.80
3987 2017 15 800.00 -1.80 0.50 0.55 5.10 1.60
3987 2017 16 2060.00 -5.30 -1.60 0.45 2.60 0.00
3987 2017 17 5150.00 -8.00 0.10 0.39 2.20 0.00
3987 2017 18 1760.00 -8.80 -3.60 0.37 1.70 0.00
3987 2017 19 2930.00 -5.20 -1.20 0.41 1.80 0.00
3987 2017 20 1790.00 -2.20 0.90 0.52 2.60 0.00
3987 2017 21 1200.00 -0.70 2.10 0.61 2.10 0.00
3987 2017 22 4900.00 -3.40 3.20 0.50 3.40 0.00
3987 2017 23 620.00 -5.20 -2.30 0.45 2.20 0.10
3987 2017 24 830.00 -2.40 -0.50 0.54 2.70 0.00
3987 2017 25 1180.00 -0.90 0.20 0.57 2.10 0.00
3987 2017 26 4720.00 -3.30 2.40 0.52 3.40 0.00
3987 2017 27 6180.00 -4.70 3.20 0.38 3.30 0.00
3987 2017 28 6050.00 -7.10 -0.40 0.36 3.50 0.00
3987 2017 29 5340.00 -3.70 6.20 0.46 4.50 0.00
3987 2017 30 1480.00 -2.20 2.40 0.55 4.10 6.70
3987 2017 31 1000.00 -0.70 0.10 0.58 3.10 0.00
3987 2017 32 1120.00 -3.60 0.00 0.54 2.40 0.00
3987 2017 33 2860.00 -6.00 0.10 0.48 4.00 0.10
3987 2017 34 1680.00 -0.60 2.80 0.64 4.40 0.50
3987 2017 35 4370.00 0.80 4.30 0.70 4.10 0.00
3987 2017 36 1100.00 0.40 2.30 0.67 3.10 0.40
3987 2017 37 730.00 -2.40 0.40 0.51 3.40 0.20
3987 2017 38 1390.00 -2.20 -0.70 0.43 3.90 0.00
3987 2017 39 2830.00 -5.10 -2.20 0.34 4.00 0.00
3987 2017 40 4600.00 -5.50 -1.70 0.33 4.20 0.00
3987 2017 41 5950.00 -6.10 0.10 0.37 6.00 0.00
3987 2017 42 2490.00 -3.30 -1.20 0.33 5.90 0.00
3987 2017 43 5740.00 -3.60 0.80 0.36 5.20 0.00
3987 2017 44 8440.00 -7.00 2.80 0.37 4.40 0.00
3987 2017 45 8170.00 -8.30 4.00 0.39 4.20 0.00
3987 2017 46 9010.00 -3.60 10.20 0.46 4.00 0.00
3987 2017 47 7440.00 -0.60 12.30 0.70 4.20 0.30
3987 2017 48 1920.00 2.30 6.20 0.82 4.30 1.50
3987 2017 49 1270.00 2.30 4.30 0.72 3.50 0.10
3987 2017 50 5370.00 -0.70 8.60 0.69 4.30 2.10
3987 2017 51 2630.00 4.20 9.50 0.89 6.30 2.90
3987 2017 52 5180.00 3.00 9.80 0.86 6.80 2.30
3987 2017 53 2060.00 2.90 11.30 0.89 8.10 9.30
3987 2017 54 1890.00 4.00 8.20 0.83 6.40 8.20
3987 2017 55 4850.00 0.00 6.90 0.60 7.30 2.00
3987 2017 56 6740.00 -0.70 6.50 0.60 4.90 0.40
3987 2017 57 3980.00 4.60 10.70 0.75 5.60 1.70
3987 2017 58 8260.00 6.10 13.60 0.75 4.90 0.00
3987 2017 59 5510.00 4.00 11.00 0.68 6.00 0.30
3987 2017 60 6040.00 1.70 7.30 0.70 4.90 3.30
3987 2017 61 2880.00 2.90 7.00 0.77 6.90 2.70
3987 2017 62 10950.00 0.90 11.70 0.62 4.50 0.00
3987 2017 63 10870.00 3.30 17.20 0.69 4.20 0.90
3987 2017 64 7550.00 5.70 12.60 0.79 4.60 0.00
3987 2017 65 3670.00 2.90 8.20 0.76 2.50 3.40
3987 2017 66 2670.00 1.60 3.90 0.63 3.20 0.00
3987 2017 67 7550.00 2.00 10.30 0.70 4.00 4.40
3987 2017 68 7810.00 4.60 11.00 0.84 3.90 3.10
3987 2017 69 5720.00 3.90 9.60 0.74 5.50 0.20
3987 2017 70 8110.00 0.80 8.60 0.68 2.60 0.00
3987 2017 71 13000.00 -1.30 6.90 0.59 3.90 0.00
3987 2017 72 10030.00 -2.00 9.80 0.57 3.40 0.00
3987 2017 73 5610.00 1.60 11.20 0.75 3.90 0.00
3987 2017 74 12980.00 3.90 13.90 0.74 5.70 0.00
3987 2017 75 10550.00 2.00 13.80 0.68 4.40 0.00
3987 2017 76 5560.00 4.30 11.70 0.66 5.80 4.10
3987 2017 77 6710.00 2.30 10.90 0.70 8.00 1.80
3987 2017 78 3590.00 -0.80 9.60 0.77 4.70 13.40
3987 2017 79 4260.00 9.10 13.50 1.10 5.70 0.30
3987 2017 80 5590.00 4.80 12.10 0.93 4.50 1.60
3987 2017 81 14710.00 2.40 11.70 0.60 2.90 0.00
3987 2017 82 3580.00 5.20 7.90 0.77 3.70 3.50
3987 2017 83 17240.00 1.00 13.90 0.58 2.70 0.00
3987 2017 84 14590.00 2.10 13.10 0.58 3.40 0.00
3987 2017 85 13590.00 1.40 13.90 0.65 1.70 0.00
3987 2017 86 18140.00 4.10 18.30 0.56 2.50 0.00
3987 2017 87 18360.00 4.70 22.20 0.61 3.30 0.00
3987 2017 88 5100.00 7.40 14.30 1.03 5.70 4.30
3987 2017 89 8980.00 9.90 18.20 1.25 3.90 0.10
3987 2017 90 16170.00 9.90 23.00 1.07 4.80 0.00
3987 2017 91 17730.00 8.90 22.90 1.01 3.10 0.00
3987 2017 92 12910.00 8.40 18.30 1.09 3.50 0.00
3987 2017 93 4830.00 5.50 10.30 0.89 2.70 0.00
3987 2017 94 7100.00 6.20 12.60 0.92 2.30 0.00
3987 2017 95 9130.00 5.70 14.50 0.85 4.50 0.90
3987 2017 96 18530.00 4.10 13.80 0.68 6.40 0.10
3987 2017 97 3010.00 6.30 12.10 0.94 6.90 0.10
3987 2017 98 9750.00 7.60 15.10 0.94 3.60 0.00
3987 2017 99 19450.00 8.20 19.40 0.93 2.40 0.00
3987 2017 100 16890.00 5.30 21.60 0.88 6.40 0.00
3987 2017 101 10290.00 3.30 10.30 0.74 6.00 3.50
3987 2017 102 6960.00 6.20 14.90 0.98 6.10 4.90
3987 2017 103 14120.00 5.20 13.80 0.78 6.80 0.00
3987 2017 104 13450.00 3.10 13.90 0.72 5.30 0.00
3987 2017 105 5760.00 4.20 10.90 0.83 6.00 2.90
3987 2017 106 12080.00 3.30 9.30 0.73 4.70 3.70
3987 2017 107 16470.00 2.30 11.20 0.71 3.20 5.50
3987 2017 108 12190.00 2.10 9.50 0.63 3.90 0.30
3987 2017 109 14710.00 -1.40 7.70 0.48 4.00 0.30
3987 2017 110 18610.00 -2.80 9.70 0.47 2.70 0.00
3987 2017 111 12790.00 3.70 16.50 0.78 6.10 1.20
3987 2017 112 15260.00 3.90 11.50 0.69 7.20 0.10
3987 2017 113 11630.00 2.20 10.20 0.69 6.10 2.10
3987 2017 114 19310.00 0.10 15.30 0.64 4.70 0.00
3987 2017 115 11710.00 2.20 12.50 0.71 4.60 0.40
3987 2017 116 19710.00 0.70 12.20 0.57 2.80 0.00
3987 2017 117 18540.00 0.70 13.20 0.58 2.50 0.00
3987 2017 118 14550.00 2.20 13.30 0.61 2.20 0.30
3987 2017 119 15490.00 3.40 12.80 0.68 3.60 0.00
3987 2017 120 25380.00 0.60 15.30 0.62 5.20 0.00
3987 2017 121 16950.00 3.90 18.00 0.73 6.30 0.00
3987 2017 122 4110.00 8.30 11.30 0.90 6.30 3.20
3987 2017 123 15550.00 8.20 17.50 1.03 4.60 1.40
3987 2017 124 2150.00 7.40 11.30 1.03 3.60 4.00
3987 2017 125 4170.00 8.20 12.10 1.15 1.60 0.00
3987 2017 126 10390.00 9.30 17.40 1.16 3.00 0.00
3987 2017 127 15640.00 7.80 19.20 0.99 2.80 1.50
3987 2017 128 3790.00 1.80 10.00 0.86 3.60 2.60
3987 2017 129 13920.00 1.70 11.20 0.68 2.70 0.20
3987 2017 130 17150.00 4.10 13.80 0.73 3.60 0.00
3987 2017 131 26380.00 4.10 20.90 0.83 3.40 0.00
3987 2017 132 23200.00 8.70 25.50 1.14 4.60 0.20
3987 2017 133 8980.00 12.90 20.60 1.50 2.50 0.90
3987 2017 134 19490.00 11.70 21.90 1.41 2.90 0.20
3987 2017 135 21130.00 11.60 21.30 1.19 3.50 0.00
3987 2017 136 14130.00 11.20 19.70 1.20 2.60 0.20
3987 2017 137 25500.00 13.30 26.80 1.30 3.10 0.00
3987 2017 138 26960.00 13.50 29.40 1.28 3.50 0.00
3987 2017 139 26480.00 14.40 30.80 1.44 3.70 0.00
3987 2017 140 17290.00 11.50 19.70 1.14 5.30 0.00
3987 2017 141 25630.00 9.40 22.50 1.01 2.90 0.00
3987 2017 142 26580.00 10.10 23.90 0.93 2.50 0.00
3987 2017 143 25200.00 11.30 26.30 1.14 3.70 2.30
3987 2017 144 9750.00 9.80 17.80 1.06 5.30 0.10
3987 2017 145 15730.00 8.30 18.90 1.14 3.60 0.00
3987 2017 146 21750.00 11.70 24.90 1.38 3.60 0.00
3987 2017 147 29430.00 12.20 27.90 1.19 3.40 0.00
3987 2017 148 25910.00 13.20 32.30 1.32 4.20 0.00
3987 2017 149 26030.00 17.20 30.60 1.65 2.70 0.00
3987 2017 150 16630.00 18.10 31.60 1.84 4.10 0.50
3987 2017 151 25410.00 11.20 24.60 1.27 6.00 0.00
3987 2017 152 30170.00 8.70 23.60 0.89 4.10 0.00
3987 2017 153 30550.00 10.20 26.20 0.88 2.60 0.00
3987 2017 154 12650.00 12.00 22.70 1.38 3.90 3.80
3987 2017 155 7300.00 12.30 17.90 1.60 4.20 13.80
3987 2017 156 19050.00 12.50 22.70 1.28 2.40 3.30
3987 2017 157 20250.00 12.20 25.80 1.57 4.00 3.80
3987 2017 158 22130.00 10.10 18.90 1.13 6.40 0.60
3987 2017 159 15520.00 11.10 21.00 1.19 4.40 0.00
3987 2017 160 25020.00 13.30 29.20 1.29 4.60 0.20
3987 2017 161 26170.00 12.60 24.10 1.28 2.90 0.00
3987 2017 162 27200.00 14.80 29.00 1.40 3.10 1.20
3987 2017 163 21230.00 15.80 23.20 1.38 6.80 0.00
3987 2017 164 11130.00 12.70 19.70 1.20 6.30 0.00
3987 2017 165 28080.00 10.50 22.90 1.22 3.50 0.00
3987 2017 166 26680.00 12.80 28.10 1.28 3.00 7.20
3987 2017 167 17700.00 12.90 21.20 1.51 5.90 2.40
3987 2017 168 19390.00 12.20 22.70 1.22 5.90 0.00
3987 2017 169 30230.00 11.90 26.20 1.53 2.80 0.00
3987 2017 170 25840.00 16.20 31.10 1.64 2.30 0.00
3987 2017 171 24140.00 16.80 29.40 1.59 3.80 0.00
3987 2017 172 28510.00 11.90 25.00 1.12 2.80 0.00
3987 2017 173 14820.00 13.70 28.50 1.56 3.90 37.80
3987 2017 174 19330.00 16.40 23.60 1.69 6.00 0.00
3987 2017 175 10030.00 17.20 22.70 1.61 4.70 0.50
3987 2017 176 11170.00 15.00 22.20 1.75 4.80 4.10
3987 2017 177 16770.00 12.80 20.90 1.42 3.70 1.40
3987 2017 178 25400.00 10.50 23.50 1.20 2.40 0.00
3987 2017 179 20200.00 13.90 27.00 1.80 3.50 3.50
3987 2017 180 13257.40 16.20 20.50 2.03 5.00 73.50
3987 2017 181 11744.78 13.70 19.50 1.69 6.20 1.60
3987 2017 182 9270.00 13.40 19.00 1.64 4.90 7.10
3987 2017 183 11530.00 12.20 19.50 1.55 5.30 0.50
3987 2017 184 27460.00 10.50 22.80 1.24 4.70 0.70
3987 2017 185 26480.00 13.30 21.60 1.23 4.80 0.00
3987 2017 186 15480.00 13.20 21.10 1.33 2.10 0.30
3987 2017 187 24140.00 13.30 26.10 1.41 1.80 0.00
3987 2017 188 17290.00 15.60 28.10 1.69 3.20 0.30
3987 2017 189 17340.00 16.20 25.40 1.83 3.80 0.20
3987 2017 190 19310.00 13.70 24.70 1.54 2.10 0.00
3987 2017 191 8760.00 15.30 21.80 1.84 3.30 9.00
3987 2017 192 20230.00 14.00 24.10 1.75 3.10 5.20
3987 2017 193 9670.00 12.50 21.30 1.75 4.30 4.90
3987 2017 194 18139.20 11.20 18.80 1.16 5.30 0.00
3987 2017 195 17760.00 11.30 21.80 1.15 1.60 0.00
3987 2017 196 25150.00 13.00 22.70 1.40 3.90 0.30
3987 2017 197 15230.00 12.30 22.20 1.56 3.50 7.20
3987 2017 198 24740.00 14.10 23.40 1.50 3.50 0.00
3987 2017 199 27100.00 12.40 24.90 1.42 2.20 0.00
3987 2017 200 26570.00 14.30 29.20 1.64 3.90 3.80
3987 2017 201 22919.12 17.60 28.60 2.16 3.60 0.00
3987 2017 202 26950.00 17.20 27.20 1.83 3.40 0.00
3987 2017 203 13900.00 17.40 26.70 2.06 4.00 4.00
3987 2017 204 14950.00 16.30 24.60 1.84 3.20 7.10
3987 2017 205 19010.00 14.20 24.20 1.55 2.20 51.50
3987 2017 206 6280.00 14.30 17.80 1.68 3.10 9.40
3987 2017 207 2580.00 14.70 16.30 1.74 4.00 24.90
3987 2017 208 15760.00 13.10 22.60 1.76 3.50 3.00
3987 2017 209 23190.00 14.20 22.80 1.53 4.80 0.00
3987 2017 210 17290.00 14.40 26.00 1.65 4.50 0.00
3987 2017 211 22360.00 18.00 31.90 1.92 5.10 0.70
3987 2017 212 22100.00 18.50 29.50 1.79 3.10 4.20
3987 2017 213 20700.00 17.90 29.80 2.09 3.70 1.20
3987 2017 214 20180.00 17.50 26.90 1.86 2.40 0.10
3987 2017 215 11280.00 17.70 28.00 2.14 3.80 18.60
3987 2017 216 20700.00 16.60 24.80 1.68 4.90 0.00
3987 2017 217 12800.00 15.20 22.60 1.65 3.50 0.10
3987 2017 218 24040.00 13.50 22.20 1.33 4.50 0.00
3987 2017 219 24070.00 11.90 24.90 1.20 2.70 0.00
3987 2017 220 22400.00 13.10 26.80 1.53 4.70 0.30
3987 2017 221 22120.00 16.90 26.90 1.57 3.50 2.90
3987 2017 222 14290.00 15.00 25.10 1.65 3.30 13.10
3987 2017 223 5810.00 14.10 19.70 1.76 3.10 0.90
3987 2017 224 8790.00 12.80 18.40 1.52 5.20 1.20
3987 2017 225 14960.00 13.30 21.40 1.55 3.20 0.00
3987 2017 226 20730.00 13.30 24.80 1.51 2.50 0.00
3987 2017 227 21600.00 13.70 28.00 1.69 4.10 0.00
3987 2017 228 8960.00 16.50 23.30 1.91 2.40 9.90
3987 2017 229 17880.00 14.40 25.80 1.96 3.50 2.40
3987 2017 230 12370.00 16.10 26.20 2.10 3.10 17.30
3987 2017 231 18680.00 13.80 21.30 1.48 4.60 0.00
3987 2017 232 18270.00 11.00 21.20 1.36 4.40 2.90
3987 2017 233 13030.00 12.20 19.80 1.43 5.30 0.10
3987 2017 234 15160.00 10.80 19.10 1.26 3.80 0.00
3987 2017 235 22370.00 9.40 21.70 1.23 2.00 0.00
3987 2017 236 11600.00 10.30 21.10 1.59 3.30 0.20
3987 2017 237 15880.00 14.70 22.60 1.57 3.10 0.00
3987 2017 238 11150.00 13.50 23.90 1.76 3.00 0.00
3987 2017 239 18380.00 13.70 22.70 1.61 4.70 0.00
3987 2017 240 21450.00 12.10 23.10 1.33 2.00 0.00
3987 2017 241 20920.00 11.70 26.80 1.46 3.30 0.00
3987 2017 242 18080.00 14.40 29.50 1.71 4.00 0.00
3987 2017 243 11490.00 14.40 26.40 1.89 4.70 2.60
3987 2017 244 8110.00 11.50 18.20 1.39 2.40 0.00
3987 2017 245 16200.00 10.40 20.60 1.28 2.60 0.00
3987 2017 246 15440.00 8.70 20.00 1.20 2.70 0.00
3987 2017 247 19070.00 9.20 21.00 1.19 3.70 0.00
3987 2017 248 18400.00 9.60 22.70 1.20 3.00 0.00
3987 2017 249 7140.00 12.40 21.60 1.56 5.00 11.10
3987 2017 250 7330.00 11.10 16.80 1.36 5.70 1.90
3987 2017 251 5190.00 10.60 16.90 1.36 5.10 0.90
3987 2017 252 4700.00 13.60 18.20 1.42 5.30 1.40
3987 2017 253 15180.00 11.70 20.20 1.35 3.30 0.00
3987 2017 254 10610.00 10.70 18.70 1.27 5.40 0.10
3987 2017 255 10780.00 9.90 18.10 1.26 4.80 3.50
3987 2017 256 11920.00 9.10 18.90 1.23 7.10 3.70
3987 2017 257 7030.00 10.00 15.00 1.23 5.80 1.80
3987 2017 258 10860.00 8.90 17.00 1.22 5.00 0.20
3987 2017 259 13340.00 6.30 17.60 1.10 3.00 0.00
3987 2017 260 14070.00 6.80 18.60 1.11 2.00 1.10
3987 2017 261 15740.00 7.20 17.20 1.11 2.70 0.00
3987 2017 262 14040.00 5.70 18.00 1.11 2.90 0.00
3987 2017 263 13040.00 7.70 16.90 1.18 3.50 1.90
3987 2017 264 9160.00 10.00 17.10 1.27 2.50 0.00
3987 2017 265 12340.00 10.60 19.00 1.23 1.50 0.00
3987 2017 266 8453.37 8.20 16.80 1.26 2.00 8.70
3987 2017 267 3130.00 12.00 16.00 1.57 2.70 0.60
3987 2017 268 3210.00 12.70 15.20 1.51 2.90 0.70
3987 2017 269 10490.00 12.10 18.80 1.44 4.50 0.50
3987 2017 270 6590.00 12.30 19.10 1.53 4.70 0.00
3987 2017 271 10200.00 11.80 19.10 1.48 4.20 0.00
3987 2017 272 13130.00 10.70 21.50 1.41 4.20 0.00
3987 2017 273 12650.00 8.50 20.40 1.19 4.50 0.10
3987 2017 274 2710.00 10.40 14.00 1.33 3.00 3.00
3987 2017 275 3510.00 9.40 14.80 1.36 5.30 9.20
3987 2017 276 7700.00 9.90 15.30 1.32 5.40 2.00
3987 2017 277 4490.00 9.80 13.20 1.10 7.00 2.80
3987 2017 278 2240.00 8.30 14.20 1.12 8.50 11.90
3987 2017 279 5400.00 8.40 13.40 1.12 7.00 2.20
3987 2017 280 4320.00 8.40 12.10 1.15 6.30 7.20
3987 2017 281 7760.00 4.50 13.60 1.05 5.20 2.40
3987 2017 282 9230.00 3.80 13.50 0.97 4.50 6.50
3987 2017 283 2230.00 9.00 13.10 1.32 4.10 0.70
3987 2017 284 3990.00 12.20 16.00 1.41 5.30 0.20
3987 2017 285 6830.00 9.40 15.70 1.16 7.20 0.20
3987 2017 286 8330.00 8.70 16.10 1.17 4.60 0.00
3987 2017 287 4830.00 11.60 19.10 1.54 4.30 0.00
3987 2017 288 9990.00 11.80 21.30 1.56 3.70 0.00
3987 2017 289 9750.00 10.60 22.20 1.51 4.50 0.00
3987 2017 290 9660.00 12.60 22.00 1.51 3.70 0.00
3987 2017 291 8160.00 10.50 18.80 1.42 2.40 0.00
3987 2017 292 3700.00 8.50 11.80 1.26 3.60 0.00
3987 2017 293 4250.00 8.50 15.50 1.31 3.90 0.70
3987 2017 294 2900.00 9.40 12.80 1.21 3.30 3.50
3987 2017 295 6940.00 9.60 14.50 1.20 4.40 0.00
3987 2017 296 2450.00 7.50 11.50 1.15 3.40 1.80
3987 2017 297 4550.00 8.00 14.20 1.23 3.10 4.80
3987 2017 298 3710.00 11.60 17.10 1.49 5.50 0.10
3987 2017 299 4010.00 10.10 14.80 1.27 5.20 1.20
3987 2017 300 3870.00 7.50 11.70 1.09 6.60 0.70
3987 2017 301 1860.00 8.40 10.80 1.04 8.50 5.10
3987 2017 302 2550.00 4.40 11.60 0.91 9.70 6.20
3987 2017 303 8020.00 2.20 8.80 0.69 6.10 0.00
3987 2017 304 2640.00 3.80 8.70 0.89 4.80 2.20
3987 2017 305 1070.00 7.50 10.70 1.15 5.20 9.70
3987 2017 306 1630.00 7.70 10.90 1.13 4.70 2.00
3987 2017 307 4920.00 5.00 11.40 1.01 3.40 0.00
3987 2017 308 5550.00 3.50 11.70 0.92 4.20 0.00
3987 2017 309 2440.00 7.10 12.80 1.09 4.50 8.40
3987 2017 310 5680.00 3.40 9.00 0.88 3.30 0.00
3987 2017 311 4890.00 2.30 9.00 0.84 2.80 0.00
3987 2017 312 4600.00 5.30 9.30 0.88 4.20 0.00
3987 2017 313 1070.00 5.00 7.30 0.85 2.60 1.60
3987 2017 314 1350.00 4.20 8.00 0.93 5.70 2.70
3987 2017 315 2470.00 3.30 7.20 0.78 6.30 1.00
3987 2017 316 3390.00 1.10 6.10 0.75 3.40 0.70
3987 2017 317 2400.00 0.90 6.60 0.77 3.90 0.00
3987 2017 318 2289.96 -1.00 7.40 0.73 4.00 0.00
3987 2017 319 1410.00 6.10 9.00 0.99 3.10 1.00
3987 2017 320 1680.00 4.60 8.90 1.01 2.30 0.50
3987 2017 321 5110.00 0.70 9.70 0.80 3.80 0.00
3987 2017 322 1580.00 0.80 5.90 0.68 6.40 1.20
3987 2017 323 1640.00 2.00 5.70 0.73 7.80 2.90
3987 2017 324 2690.00 0.90 5.90 0.76 5.50 1.10
3987 2017 325 1300.00 2.70 7.00 0.82 2.30 6.50
3987 2017 326 1640.00 4.80 10.30 1.00 5.20 0.20
3987 2017 327 2410.00 5.00 12.50 0.87 6.30 0.00
3987 2017 328 1780.00 4.50 14.20 1.02 4.50 2.70
3987 2017 329 440.00 1.60 5.50 0.80 3.70 16.10
3987 2017 330 2810.00 -0.10 5.00 0.68 5.20 0.20
3987 2017 331 2590.00 0.90 5.20 0.70 6.00 3.60
3987 2017 332 2290.00 3.80 6.90 0.77 5.20 0.00
3987 2017 333 4180.00 -0.30 5.60 0.63 3.40 0.20
3987 2017 334 3620.00 -1.30 4.20 0.61 2.30 0.00
3987 2017 335 2810.00 -1.30 3.50 0.62 2.50 0.00
3987 2017 336 1750.00 -1.80 3.10 0.66 1.90 0.00
3987 2017 337 3260.00 -2.50 2.40 0.57 4.50 0.80
3987 2017 338 1800.00 0.80 5.10 0.70 6.00 2.10
3987 2017 339 1000.00 2.70 7.00 0.88 7.10 0.70
3987 2017 340 440.00 6.20 7.20 0.77 7.60 0.00
3987 2017 341 3700.00 3.30 7.20 0.67 5.90 2.70
3987 2017 342 3070.00 -0.40 5.30 0.70 6.20 0.90
3987 2017 343 2233.31 -1.50 2.30 0.60 5.90 2.60
3987 2017 344 2730.00 -2.10 1.00 0.51 5.00 5.10
3987 2017 345 1110.00 0.10 5.50 0.68 4.70 2.80
3987 2017 346 750.00 0.60 7.00 0.71 7.20 0.80
3987 2017 347 3240.00 -1.00 3.70 0.59 5.90 6.50
3987 2017 348 1120.00 1.50 4.20 0.69 5.90 1.30
3987 2017 349 810.00 -0.10 2.90 0.66 3.40 0.80
3987 2017 350 800.00 0.30 2.60 0.67 4.00 0.80
3987 2017 351 940.00 0.30 2.50 0.61 3.90 0.10
3987 2017 352 3230.00 -2.10 2.30 0.55 3.10 0.00
3987 2017 353 700.00 -1.30 3.00 0.67 2.90 0.60
3987 2017 354 1300.00 0.80 4.40 0.74 2.30 1.30
3987 2017 355 770.00 4.20 7.20 0.89 5.00 1.10
3987 2017 356 1260.00 3.80 6.50 0.81 5.40 0.00
3987 2017 357 490.00 3.30 9.00 0.89 8.00 0.00
3987 2017 358 490.00 8.80 9.90 0.98 8.40 0.00
3987 2017 359 780.00 2.30 9.70 0.84 5.40 0.00
3987 2017 360 2400.00 1.00 9.50 0.70 5.60 0.10
3987 2017 361 2050.00 -0.50 4.10 0.62 4.40 0.00
3987 2017 362 1250.00 0.80 4.10 0.63 5.20 0.00
3987 2017 363 1900.00 -2.50 3.50 0.52 5.20 0.00
3987 2017 364 1200.00 -2.10 8.70 0.66 5.70 2.80
3987 2017 365 980.00 5.00 11.90 1.01 6.30 1.20
