*---------------------------------------------------------------------------*
* Station name: Potsdam Saekularstation
* Year: 2015
* Author: Pedro Alencar                                   -999.000: NIL VALUE
* Source: DWD
* Comments: Gaps filled with interpolation and storical means
* Longitude: 13.0622, latitude: 52.3812, altitude: 82.0 m.
*
    * Column  Daily value
    * 1       station number
    * 2       year
    * 3       day
    * 4       irradiation                   (kJ m-2 d-1)
    * 5       minimum temperature           (degrees Celsius
    * 6       maximum temperature           (degrees Celsius)
    * 7       early morning vapour pressure (kPa)
    * 8       mean wind speed (height: 2 m) (m s-1)
    * 9       precipitation                 (mm d-1)
    *
** WCCDESCRIPTION=Potsdam, Germany
** WCCFORMAT=2
** WCCYEARNR=2015
*---------------------------------------------------------------------------*
   13.0622 52.3812 82.0 -0.18 -0.55
3987 2015 1 3700.00 0.80 4.70 0.69 5.50 0.10
3987 2015 2 1000.00 2.00 7.60 0.70 8.10 1.50
3987 2015 3 1580.00 2.70 5.40 0.62 8.30 0.10
3987 2015 4 2630.00 0.90 5.20 0.64 7.40 0.50
3987 2015 5 480.00 1.50 3.50 0.71 6.30 1.60
3987 2015 6 700.00 -0.60 2.80 0.66 3.30 0.00
3987 2015 7 1170.00 -1.10 5.30 0.67 4.60 0.50
3987 2015 8 910.00 -0.10 6.50 0.75 5.80 9.00
3987 2015 9 500.00 4.10 8.90 0.80 9.00 14.00
3987 2015 10 660.00 4.20 12.70 0.96 9.20 3.40
3987 2015 11 1160.00 0.40 4.80 0.62 9.20 4.90
3987 2015 12 590.00 3.10 7.50 0.81 7.50 2.40
3987 2015 13 2920.00 6.90 11.90 0.84 7.30 3.40
3987 2015 14 3040.00 2.90 7.10 0.75 5.80 0.20
3987 2015 15 1300.00 0.30 9.50 0.69 6.60 1.10
3987 2015 16 2260.00 4.60 9.40 0.79 4.20 3.40
3987 2015 17 2490.00 -1.20 4.90 0.71 3.30 0.00
3987 2015 18 4630.00 -2.50 3.10 0.55 4.40 0.00
3987 2015 19 1530.00 -3.80 0.60 0.55 4.00 0.00
3987 2015 20 980.00 0.10 1.30 0.62 2.60 2.20
3987 2015 21 2070.00 -1.60 1.30 0.58 2.40 0.00
3987 2015 22 1060.00 -1.80 0.70 0.55 3.80 0.20
3987 2015 23 1120.00 -0.70 0.70 0.55 2.60 0.00
3987 2015 24 1950.00 -1.50 0.70 0.52 3.40 0.10
3987 2015 25 1090.00 -0.50 1.20 0.62 3.90 0.00
3987 2015 26 2130.00 0.70 4.30 0.67 4.00 6.90
3987 2015 27 1280.00 -0.70 4.10 0.69 6.00 0.90
3987 2015 28 3530.00 0.50 5.30 0.67 5.70 3.80
3987 2015 29 3710.00 0.00 3.70 0.57 6.10 4.10
3987 2015 30 1090.00 -0.10 1.40 0.62 3.90 5.00
3987 2015 31 4130.00 -1.00 1.40 0.60 4.10 1.40
3987 2015 32 5690.00 -1.60 4.10 0.57 4.50 0.00
3987 2015 33 2520.00 -1.80 2.20 0.57 5.00 0.30
3987 2015 34 1800.00 -2.00 1.30 0.57 3.20 4.60
3987 2015 35 2490.00 -2.40 -0.30 0.52 3.10 0.00
3987 2015 36 7130.00 -4.20 3.20 0.46 2.50 0.00
3987 2015 37 4950.00 -6.80 -0.40 0.42 2.70 0.00
3987 2015 38 2700.00 -7.10 3.40 0.53 5.90 0.00
3987 2015 39 6820.00 -1.40 3.50 0.43 7.10 1.90
3987 2015 40 1570.00 -0.10 5.30 0.74 6.30 0.90
3987 2015 41 1670.00 3.80 5.30 0.76 4.30 0.00
3987 2015 42 2360.00 2.30 5.60 0.71 2.30 0.00
3987 2015 43 3890.00 -2.60 2.50 0.58 2.00 0.00
3987 2015 44 6090.00 -1.90 5.70 0.56 2.80 0.00
3987 2015 45 8790.00 -3.70 6.70 0.52 3.40 0.00
3987 2015 46 7960.00 -2.40 7.70 0.57 4.80 0.00
3987 2015 47 5360.00 -1.90 3.70 0.54 7.20 0.00
3987 2015 48 7110.00 -3.30 5.10 0.55 4.00 0.00
3987 2015 49 7710.00 -0.40 6.50 0.62 3.60 0.00
3987 2015 50 9460.00 -1.70 7.90 0.57 3.90 0.00
3987 2015 51 7340.00 -3.50 9.40 0.58 4.90 0.00
3987 2015 52 6120.00 0.20 10.70 0.58 5.90 0.10
3987 2015 53 4210.00 -1.00 5.20 0.56 4.10 0.00
3987 2015 54 2620.00 -0.80 4.00 0.62 5.40 4.30
3987 2015 55 7430.00 -0.40 7.60 0.65 4.60 0.00
3987 2015 56 7940.00 -1.10 8.20 0.60 3.50 0.00
3987 2015 57 11420.00 -2.60 9.70 0.54 3.80 0.00
3987 2015 58 11190.00 -1.80 10.70 0.55 3.80 0.90
3987 2015 59 11330.00 0.10 7.70 0.60 4.30 0.00
3987 2015 60 3320.00 0.30 7.70 0.69 6.10 2.90
3987 2015 61 5960.00 0.80 7.40 0.66 6.90 1.90
3987 2015 62 8820.00 1.20 8.20 0.64 6.80 1.40
3987 2015 63 7308.03 0.60 6.20 0.64 6.10 1.40
3987 2015 64 6560.00 1.20 7.60 0.67 4.50 0.10
3987 2015 65 3390.00 0.60 7.90 0.71 4.00 0.00
3987 2015 66 10790.00 2.40 12.60 0.68 4.60 0.00
3987 2015 67 12200.00 4.90 17.80 0.69 4.20 0.00
3987 2015 68 10100.00 4.30 13.00 0.81 3.40 0.00
3987 2015 69 6020.00 2.00 11.70 0.88 3.80 0.60
3987 2015 70 4060.00 1.00 7.50 0.71 4.20 0.30
3987 2015 71 2200.00 -0.50 4.60 0.65 2.70 0.00
3987 2015 72 5560.00 -2.50 5.80 0.59 2.20 0.30
3987 2015 73 2640.00 2.30 6.10 0.73 3.20 1.30
3987 2015 74 2600.00 3.80 7.60 0.77 5.40 0.10
3987 2015 75 12140.00 3.80 13.00 0.83 6.20 0.00
3987 2015 76 12010.00 4.90 18.00 0.78 4.70 0.00
3987 2015 77 16260.00 3.40 15.00 0.46 5.20 0.00
3987 2015 78 15960.00 0.80 13.20 0.43 3.70 0.00
3987 2015 79 13760.00 0.20 13.80 0.45 2.80 0.00
3987 2015 80 3290.00 -0.20 5.20 0.67 3.60 3.20
3987 2015 81 16870.00 -2.10 5.50 0.38 4.50 0.00
3987 2015 82 15790.00 -2.30 12.20 0.51 3.40 0.00
3987 2015 83 10570.00 2.00 14.10 0.71 2.40 0.00
3987 2015 84 15290.00 2.30 16.70 0.78 3.30 0.00
3987 2015 85 2720.00 5.50 9.00 0.86 3.70 0.90
3987 2015 86 8490.00 4.50 12.10 0.83 4.00 1.20
3987 2015 87 7840.00 5.00 10.10 0.72 3.90 0.40
3987 2015 88 4980.00 5.90 12.70 1.04 6.10 4.90
3987 2015 89 7120.00 2.70 8.90 0.71 10.00 7.80
3987 2015 90 8370.00 0.50 11.60 0.72 10.30 3.00
3987 2015 91 10510.00 1.30 8.10 0.62 9.30 2.00
3987 2015 92 11660.00 0.60 8.80 0.63 6.70 0.60
3987 2015 93 9330.00 0.70 10.20 0.63 5.10 0.00
3987 2015 94 17420.00 -1.90 10.80 0.52 3.20 0.00
3987 2015 95 17420.00 -1.90 11.40 0.45 3.10 0.00
3987 2015 96 15740.00 1.00 10.40 0.53 3.70 0.00
3987 2015 97 15100.00 -1.00 13.40 0.68 4.60 0.00
3987 2015 98 3960.00 6.20 10.40 0.88 3.80 0.00
3987 2015 99 16860.00 5.10 17.40 0.86 2.50 0.00
3987 2015 100 17810.00 5.40 20.80 0.90 2.10 0.00
3987 2015 101 16310.00 6.80 22.90 0.96 5.20 2.40
3987 2015 102 17900.00 5.00 16.00 0.60 5.20 0.00
3987 2015 103 14460.00 3.70 12.70 0.61 7.50 0.00
3987 2015 104 14850.00 0.90 15.50 0.71 4.50 0.00
3987 2015 105 20360.00 9.40 23.60 0.91 6.10 0.00
3987 2015 106 22200.00 4.30 15.70 0.69 4.50 0.00
3987 2015 107 12860.00 3.00 12.30 0.68 4.00 0.10
3987 2015 108 17280.00 0.50 12.90 0.61 3.30 0.00
3987 2015 109 21920.00 2.10 16.40 0.62 2.40 0.00
3987 2015 110 22750.00 3.60 20.30 0.70 3.90 0.00
3987 2015 111 23790.00 4.30 22.10 0.69 5.50 0.00
3987 2015 112 14380.00 5.20 15.10 0.75 3.20 0.00
3987 2015 113 23840.00 3.30 19.70 0.79 3.80 0.00
3987 2015 114 21960.00 5.60 21.70 0.81 3.80 0.00
3987 2015 115 14940.00 9.00 23.60 0.86 4.50 1.00
3987 2015 116 11890.00 9.80 18.70 1.27 3.50 3.80
3987 2015 117 3690.00 7.10 12.80 1.16 3.40 0.90
3987 2015 118 8070.00 4.00 11.60 0.79 3.80 1.00
3987 2015 119 24260.00 1.30 15.10 0.63 3.40 0.00
3987 2015 120 13610.00 4.60 17.60 0.88 3.70 6.90
3987 2015 121 22820.00 4.90 15.20 0.83 3.80 0.00
3987 2015 122 20980.00 3.30 16.00 0.72 2.90 0.00
3987 2015 123 21590.00 4.50 20.90 0.86 4.50 4.50
3987 2015 124 21600.00 12.60 22.80 1.37 4.40 0.20
3987 2015 125 9690.00 12.70 24.30 1.56 4.80 0.60
3987 2015 126 19440.00 9.90 21.50 0.98 4.40 0.00
3987 2015 127 19960.00 8.40 17.60 0.95 5.50 0.60
3987 2015 128 17360.00 6.90 20.20 0.92 3.50 0.00
3987 2015 129 15840.00 11.20 22.10 1.22 3.50 0.80
3987 2015 130 11390.00 7.00 15.10 0.93 5.90 0.00
3987 2015 131 22260.00 5.40 22.20 0.80 3.50 0.00
3987 2015 132 16650.00 9.10 27.60 1.20 5.60 5.20
3987 2015 133 20820.00 7.10 19.00 0.93 5.30 0.00
3987 2015 134 10270.00 5.80 12.70 0.89 3.80 0.00
3987 2015 135 24500.00 4.70 17.30 0.88 2.90 0.00
3987 2015 136 15470.00 5.10 16.70 1.02 4.00 1.40
3987 2015 137 17790.00 6.60 16.30 0.84 5.60 0.00
3987 2015 138 21190.00 7.00 22.50 0.90 2.90 0.00
3987 2015 139 18000.00 9.00 20.00 0.92 4.10 0.00
3987 2015 140 13530.00 7.70 17.30 0.89 2.70 0.00
3987 2015 141 20470.00 6.00 17.80 0.83 3.30 0.00
3987 2015 142 22010.00 5.70 20.70 0.86 2.70 0.00
3987 2015 143 15500.00 8.20 21.40 1.15 3.20 0.00
3987 2015 144 27900.00 5.60 21.60 0.88 1.90 0.00
3987 2015 145 22420.00 11.90 23.50 1.08 3.60 0.00
3987 2015 146 17020.00 7.80 16.70 0.91 4.10 0.00
3987 2015 147 11590.00 6.70 14.70 0.87 4.60 0.00
3987 2015 148 16910.00 5.60 21.20 0.94 5.10 0.20
3987 2015 149 19100.00 10.00 20.00 0.98 3.00 1.40
3987 2015 150 21970.00 6.60 18.40 0.95 6.00 0.90
3987 2015 151 24130.00 4.50 22.70 0.84 5.10 0.10
3987 2015 152 7870.00 9.60 17.70 1.27 3.60 3.50
3987 2015 153 24870.00 10.30 24.90 1.24 5.90 0.00
3987 2015 154 21610.00 10.40 22.60 1.19 6.20 0.00
3987 2015 155 29870.00 8.50 23.10 0.93 2.50 0.00
3987 2015 156 29590.00 10.50 30.20 0.97 4.30 0.00
3987 2015 157 23350.00 15.70 31.90 1.45 4.40 0.00
3987 2015 158 23900.00 14.00 24.10 0.86 2.80 0.00
3987 2015 159 23430.00 10.70 22.10 0.95 3.80 0.00
3987 2015 160 22960.00 8.20 21.60 0.94 2.90 0.00
3987 2015 161 18450.00 11.60 22.60 0.98 2.30 0.00
3987 2015 162 27940.00 9.60 25.40 0.73 2.60 0.00
3987 2015 163 23910.00 15.10 27.60 1.15 3.10 0.00
3987 2015 164 17620.00 15.40 30.40 1.87 3.90 28.10
3987 2015 165 19050.00 14.70 20.60 1.60 4.30 0.00
3987 2015 166 27250.00 9.70 20.20 0.96 3.80 0.00
3987 2015 167 16560.00 8.20 15.70 0.92 3.00 0.00
3987 2015 168 27690.00 7.20 22.20 0.95 2.90 2.90
3987 2015 169 13820.00 12.10 20.80 1.32 4.50 0.00
3987 2015 170 14340.00 11.00 18.70 1.03 5.70 0.40
3987 2015 171 11740.00 10.50 16.50 1.28 4.20 12.50
3987 2015 172 19040.00 10.20 18.90 1.15 3.80 0.00
3987 2015 173 11370.00 11.20 18.60 1.31 3.40 10.50
3987 2015 174 6950.00 10.10 14.20 1.31 4.20 14.70
3987 2015 175 13063.65 10.00 16.00 1.20 5.30 0.00
3987 2015 176 21770.00 10.40 23.20 1.24 3.20 0.00
3987 2015 177 12700.00 14.10 22.90 1.53 2.60 0.90
3987 2015 178 10500.00 15.30 23.30 1.77 3.70 0.70
3987 2015 179 25370.00 12.60 23.00 1.24 3.90 0.20
3987 2015 180 23950.00 14.50 27.40 1.35 2.70 0.00
3987 2015 181 28120.00 15.80 26.00 1.38 3.00 0.00
3987 2015 182 30020.00 13.70 27.90 1.25 3.60 0.00
3987 2015 183 29840.00 15.70 31.00 1.33 4.70 0.00
3987 2015 184 26100.00 17.50 33.90 1.52 3.80 0.00
3987 2015 185 24000.00 20.40 37.60 1.66 3.70 2.80
3987 2015 186 24140.00 19.80 35.50 2.14 3.20 11.60
3987 2015 187 22920.00 16.30 25.20 1.69 4.80 0.00
3987 2015 188 28200.00 14.80 32.50 1.46 3.30 4.50
3987 2015 189 18860.00 15.90 22.90 1.58 6.60 3.80
3987 2015 190 18850.00 11.80 18.00 1.17 7.50 0.10
3987 2015 191 20600.00 10.70 19.60 0.97 6.60 0.00
3987 2015 192 22560.00 9.70 23.70 1.20 2.40 0.00
3987 2015 193 12790.00 14.50 24.40 1.51 4.10 5.20
3987 2015 194 9680.00 14.70 19.90 1.77 4.70 1.60
3987 2015 195 9450.00 15.10 21.70 1.90 2.90 10.20
3987 2015 196 25000.00 14.00 24.00 1.44 3.70 0.00
3987 2015 197 22010.00 16.60 27.10 1.68 2.70 0.00
3987 2015 198 20530.00 16.00 32.30 1.75 3.50 0.00
3987 2015 199 20450.00 17.50 27.30 1.66 3.50 0.00
3987 2015 200 11250.00 14.90 21.30 1.70 4.30 17.70
3987 2015 201 27320.00 14.30 24.90 1.39 4.80 0.50
3987 2015 202 17190.00 17.00 27.50 1.89 3.90 0.10
3987 2015 203 18480.00 18.60 29.70 1.87 2.50 4.90
3987 2015 204 18010.00 14.50 23.40 1.59 3.40 0.00
3987 2015 205 23160.00 14.70 26.40 1.50 3.30 3.40
3987 2015 206 17690.00 12.80 26.70 1.58 6.90 1.10
3987 2015 207 20860.00 13.10 21.20 1.10 6.30 0.20
3987 2015 208 12880.00 12.40 22.20 1.45 4.30 3.90
3987 2015 209 12800.00 14.00 20.00 1.42 5.90 0.00
3987 2015 210 19750.00 12.40 21.40 1.11 5.80 0.10
3987 2015 211 14430.00 11.80 19.80 1.13 7.00 0.40
3987 2015 212 19530.00 10.70 19.60 1.05 4.30 0.00
3987 2015 213 25000.00 10.00 26.80 1.05 3.30 0.00
3987 2015 214 26000.00 15.10 30.00 1.17 3.00 0.00
3987 2015 215 25300.00 14.00 32.30 1.33 3.00 0.00
3987 2015 216 23260.00 18.40 35.30 1.57 5.00 4.10
3987 2015 217 23580.00 16.40 26.30 1.54 3.40 0.00
3987 2015 218 23590.00 16.10 34.60 1.58 3.40 0.00
3987 2015 219 16650.00 21.20 37.60 1.74 4.00 0.00
3987 2015 220 20810.00 19.20 33.30 1.86 4.30 0.10
3987 2015 221 24550.00 16.60 29.50 1.53 3.50 0.00
3987 2015 222 21900.00 17.10 33.50 1.77 3.80 0.00
3987 2015 223 21920.00 19.40 33.10 1.91 3.80 0.00
3987 2015 224 19210.00 17.70 29.50 1.91 3.50 0.00
3987 2015 225 21660.00 18.40 30.40 1.65 4.70 0.00
3987 2015 226 20560.00 20.20 34.60 1.67 5.70 0.00
3987 2015 227 15540.00 20.00 30.50 2.12 3.40 0.50
3987 2015 228 18720.00 18.40 31.60 2.12 2.60 46.30
3987 2015 229 14220.00 18.90 28.10 1.94 4.00 0.20
3987 2015 230 2440.00 16.10 19.70 1.85 2.70 1.00
3987 2015 231 7930.00 14.90 19.90 1.77 3.00 0.00
3987 2015 232 22490.00 14.00 25.40 1.28 2.20 0.00
3987 2015 233 22460.00 13.50 27.40 1.05 3.20 0.00
3987 2015 234 22250.00 14.30 27.40 0.98 3.90 0.00
3987 2015 235 19100.00 14.30 25.50 1.13 4.30 1.60
3987 2015 236 16570.00 14.90 27.40 1.75 4.10 9.70
3987 2015 237 10660.00 14.00 21.70 1.61 5.40 0.10
3987 2015 238 18970.00 13.70 26.10 1.42 4.50 0.00
3987 2015 239 11750.00 16.60 27.60 1.50 4.30 12.30
3987 2015 240 12750.00 13.20 20.00 1.58 2.80 0.00
3987 2015 241 16930.00 12.20 24.00 1.46 2.30 0.00
3987 2015 242 18890.00 15.20 30.30 1.78 4.00 0.00
3987 2015 243 19020.00 18.90 34.50 2.11 3.20 0.00
3987 2015 244 17200.00 14.90 28.10 1.92 4.90 3.90
3987 2015 245 17580.00 12.40 20.20 1.23 4.30 0.00
3987 2015 246 8350.00 10.10 19.00 1.34 2.50 1.20
3987 2015 247 17680.00 10.00 19.80 1.24 3.30 0.60
3987 2015 248 12260.00 10.50 19.00 1.22 7.00 1.20
3987 2015 249 6390.00 10.30 16.60 1.29 7.60 11.80
3987 2015 250 15670.00 8.00 17.70 1.09 4.70 0.00
3987 2015 251 17440.00 7.20 19.70 1.11 4.20 0.00
3987 2015 252 12880.00 7.10 18.70 1.11 3.00 0.00
3987 2015 253 13620.00 8.10 19.90 1.17 3.60 1.30
3987 2015 254 8400.00 10.50 17.30 1.43 4.10 0.40
3987 2015 255 14060.00 11.80 22.70 1.47 3.40 0.10
3987 2015 256 13360.00 14.10 24.10 1.59 3.80 0.00
3987 2015 257 6440.00 12.40 20.20 1.65 4.40 4.70
3987 2015 258 11490.00 10.60 19.40 1.32 4.50 0.00
3987 2015 259 9680.00 10.80 23.70 1.47 4.20 1.70
3987 2015 260 8520.00 12.90 24.10 1.65 5.10 2.90
3987 2015 261 13580.00 10.10 19.90 1.32 4.40 0.00
3987 2015 262 11680.00 10.00 20.60 1.38 4.00 0.40
3987 2015 263 9620.00 9.70 17.10 1.27 5.00 1.40
3987 2015 264 9330.00 9.00 17.00 1.24 3.90 0.00
3987 2015 265 5720.00 9.60 18.50 1.26 4.00 0.20
3987 2015 266 7370.00 9.70 17.00 1.23 3.50 0.00
3987 2015 267 11259.49 7.80 19.10 1.18 4.10 0.00
3987 2015 268 11840.00 8.30 19.70 1.17 3.30 0.00
3987 2015 269 12510.00 7.70 18.10 1.10 2.80 0.00
3987 2015 270 13740.00 6.50 17.50 1.01 2.90 0.00
3987 2015 271 13720.00 5.70 19.10 1.02 3.00 0.00
3987 2015 272 12100.00 5.60 18.10 1.00 3.60 0.00
3987 2015 273 12600.00 6.70 17.40 0.96 3.30 0.00
3987 2015 274 14360.00 5.50 17.50 0.76 2.50 0.00
3987 2015 275 13380.00 5.00 19.20 0.82 2.20 0.00
3987 2015 276 13120.00 6.60 20.90 1.02 3.60 0.00
3987 2015 277 10260.00 10.40 19.20 1.22 3.40 0.00
3987 2015 278 11760.00 7.90 19.30 1.18 2.80 0.00
3987 2015 279 5100.00 9.60 17.50 1.27 4.90 0.00
3987 2015 280 2090.00 8.90 13.90 1.33 5.00 15.30
3987 2015 281 2060.00 6.60 9.00 1.02 2.70 7.40
3987 2015 282 4780.00 5.70 11.00 0.94 2.90 0.20
3987 2015 283 11990.00 2.80 11.50 0.57 4.60 0.00
3987 2015 284 12130.00 0.80 9.90 0.53 5.50 0.00
3987 2015 285 11630.00 -1.10 9.10 0.54 4.50 0.00
3987 2015 286 1630.00 3.40 5.00 0.69 2.90 0.00
3987 2015 287 900.00 3.10 6.80 0.83 4.10 9.60
3987 2015 288 1320.00 5.40 7.00 0.96 5.00 9.60
3987 2015 289 1390.00 6.90 8.30 1.03 1.60 12.80
3987 2015 290 2140.00 6.70 9.00 1.03 1.90 0.00
3987 2015 291 6450.00 5.50 11.70 0.97 2.50 3.00
3987 2015 292 1590.00 6.50 8.60 1.04 2.30 1.60
3987 2015 293 1850.00 7.90 10.50 1.14 2.40 3.10
3987 2015 294 3650.00 6.60 11.60 1.09 3.50 0.00
3987 2015 295 2750.00 6.20 11.00 1.09 4.20 0.80
3987 2015 296 7750.00 6.20 14.30 1.12 5.20 0.00
3987 2015 297 8410.00 4.00 13.90 1.00 3.00 0.00
3987 2015 298 2820.00 7.00 13.00 1.08 3.90 0.00
3987 2015 299 8220.00 4.10 12.50 0.93 3.40 0.00
3987 2015 300 8120.00 3.10 12.20 0.93 4.20 0.00
3987 2015 301 7570.00 4.30 11.70 0.91 4.10 0.00
3987 2015 302 5740.00 2.30 8.70 0.85 2.40 0.00
3987 2015 303 3490.00 4.20 9.00 0.96 1.30 0.00
3987 2015 304 7210.00 6.20 15.60 1.05 3.70 0.00
3987 2015 305 7200.00 5.20 14.60 0.93 3.70 0.00
3987 2015 306 7920.00 3.10 14.20 0.88 3.30 0.00
3987 2015 307 7860.00 -0.40 10.30 0.72 2.70 0.00
3987 2015 308 4800.91 -1.00 6.60 0.74 2.10 0.10
3987 2015 309 4630.00 5.50 15.00 1.08 2.80 0.30
3987 2015 310 2630.00 8.00 15.00 1.25 4.00 1.40
3987 2015 311 2320.00 12.10 17.40 1.58 4.50 0.20
3987 2015 312 6490.00 8.70 17.10 1.16 6.20 0.50
3987 2015 313 2850.00 10.00 17.10 1.19 6.90 0.10
3987 2015 314 1060.00 12.60 15.20 1.27 7.90 0.50
3987 2015 315 1080.00 10.70 14.60 1.34 5.90 1.10
3987 2015 316 2810.00 8.40 14.60 1.08 5.30 0.00
3987 2015 317 2680.00 6.20 13.80 1.06 5.60 2.20
3987 2015 318 2910.00 5.20 9.10 0.77 7.20 4.70
3987 2015 319 740.00 5.90 12.90 1.17 6.20 24.20
3987 2015 320 950.00 9.00 12.20 1.16 4.80 2.20
3987 2015 321 1560.00 9.00 13.30 1.24 5.80 4.80
3987 2015 322 2300.00 9.50 13.00 1.06 8.80 0.80
3987 2015 323 3770.00 7.40 13.30 0.94 8.00 1.00
3987 2015 324 2780.00 3.80 9.20 0.85 5.50 0.30
3987 2015 325 2150.00 1.50 6.20 0.74 3.90 3.40
3987 2015 326 2680.00 -0.80 3.30 0.59 4.50 0.30
3987 2015 327 1190.00 -2.10 2.40 0.58 3.20 0.30
3987 2015 328 3890.00 -2.00 3.00 0.54 6.00 0.00
3987 2015 329 1050.00 1.10 3.70 0.64 4.20 0.10
3987 2015 330 1510.00 0.90 5.80 0.74 2.70 0.10
3987 2015 331 3090.00 -0.60 5.20 0.65 4.40 0.00
3987 2015 332 950.00 -2.00 3.40 0.59 5.80 4.40
3987 2015 333 1310.00 0.90 9.00 0.80 7.50 6.60
3987 2015 334 3220.00 2.80 9.00 0.74 7.90 14.30
3987 2015 335 2830.00 3.00 9.20 0.80 6.40 3.70
3987 2015 336 940.00 4.90 10.70 1.00 5.40 0.00
3987 2015 337 3530.00 4.00 10.80 0.81 4.50 0.00
3987 2015 338 830.00 4.40 8.90 0.81 5.80 0.70
3987 2015 339 2580.00 3.70 8.00 0.71 6.70 0.00
3987 2015 340 2580.00 5.50 10.20 0.79 6.60 0.00
3987 2015 341 1360.00 8.10 11.90 1.07 3.40 0.00
3987 2015 342 3610.00 3.80 11.00 0.96 3.70 0.10
3987 2015 343 2578.36 2.10 8.80 0.86 4.90 0.80
3987 2015 344 3590.00 -0.20 5.40 0.64 5.80 0.00
3987 2015 345 960.00 1.30 6.60 0.68 6.20 0.90
3987 2015 346 2630.00 3.30 6.90 0.72 6.20 7.10
3987 2015 347 1080.00 0.30 10.10 0.78 7.20 0.40
3987 2015 348 2730.00 -1.70 2.50 0.62 3.50 0.00
3987 2015 349 700.00 2.50 6.30 0.81 2.90 0.00
3987 2015 350 2150.00 4.30 7.50 0.84 4.00 1.00
3987 2015 351 970.00 7.60 12.10 1.19 4.80 1.30
3987 2015 352 770.00 8.00 11.80 1.20 5.20 1.90
3987 2015 353 2590.00 6.30 11.40 1.02 4.60 0.00
3987 2015 354 2230.00 6.40 11.90 0.99 5.50 1.00
3987 2015 355 1430.00 8.00 10.50 1.04 5.60 2.40
3987 2015 356 1310.00 7.80 12.90 1.02 7.30 0.00
3987 2015 357 1780.00 5.40 13.00 0.90 6.60 0.00
3987 2015 358 3340.00 3.50 10.50 0.88 5.30 1.20
3987 2015 359 2750.00 6.40 10.70 0.90 5.10 0.30
3987 2015 360 1550.00 9.00 14.50 1.09 7.00 0.00
3987 2015 361 2460.00 8.20 12.00 0.98 5.60 0.00
3987 2015 362 3530.00 2.60 11.80 0.87 3.40 0.00
3987 2015 363 2640.00 1.00 5.70 0.65 5.10 0.00
3987 2015 364 3000.00 -2.70 2.30 0.51 5.40 0.00
3987 2015 365 3200.00 -3.60 2.50 0.42 5.20 1.60
