*---------------------------------------------------------------------------*
* Station name: Potsdam Saekularstation
* Year: 2007
* Author: Pedro Alencar                                   -999.000: NIL VALUE
* Source: DWD
* Comments: Gaps filled with interpolation and storical means
* Longitude: 13.0622, latitude: 52.3812, altitude: 82.0 m.
*
    * Column  Daily value
    * 1       station number
    * 2       year
    * 3       day
    * 4       irradiation                   (kJ m-2 d-1)
    * 5       minimum temperature           (degrees Celsius
    * 6       maximum temperature           (degrees Celsius)
    * 7       early morning vapour pressure (kPa)
    * 8       mean wind speed (height: 2 m) (m s-1)
    * 9       precipitation                 (mm d-1)
    *
** WCCDESCRIPTION=Potsdam, Germany
** WCCFORMAT=2
** WCCYEARNR=2007
*---------------------------------------------------------------------------*
   13.0622 52.3812 82.0 -0.18 -0.55
3987 2007 1 2010.00 4.60 10.50 0.87 8.00 1.50
3987 2007 2 1010.00 2.50 5.50 0.73 6.40 2.10
3987 2007 3 1830.00 3.70 6.60 0.79 6.30 2.00
3987 2007 4 1580.00 4.70 8.30 0.88 7.00 0.70
3987 2007 5 1250.00 6.20 7.70 0.91 7.60 1.80
3987 2007 6 830.00 5.80 8.80 1.00 4.60 7.30
3987 2007 7 1170.00 4.10 8.80 0.89 4.80 0.10
3987 2007 8 1730.00 4.00 9.30 0.87 5.60 0.80
3987 2007 9 1300.00 6.40 13.40 1.09 6.20 0.80
3987 2007 10 2040.00 6.90 12.90 0.97 7.60 1.30
3987 2007 11 830.00 4.60 7.60 0.74 9.20 3.20
3987 2007 12 3260.00 5.70 10.20 0.81 10.10 2.70
3987 2007 13 830.00 9.50 12.10 1.05 8.10 0.60
3987 2007 14 2790.00 3.00 11.30 0.75 8.70 0.00
3987 2007 15 4130.00 0.60 7.30 0.65 5.30 0.00
3987 2007 16 1760.00 -0.30 6.60 0.72 4.70 1.60
3987 2007 17 2570.00 4.00 10.10 0.92 5.60 3.50
3987 2007 18 680.00 5.50 12.80 1.01 8.80 36.70
3987 2007 19 1400.00 5.30 9.10 0.85 10.00 2.80
3987 2007 20 1200.00 5.70 13.40 0.97 6.90 1.40
3987 2007 21 2210.00 3.20 8.10 0.69 8.40 0.70
3987 2007 22 2990.00 -4.10 6.50 0.58 6.70 0.00
3987 2007 23 5380.00 -6.40 0.20 0.36 2.40 0.00
3987 2007 24 2760.00 -5.70 -0.80 0.37 4.30 0.10
3987 2007 25 3360.00 -7.60 0.20 0.41 3.80 0.00
3987 2007 26 1670.00 -8.80 1.20 0.41 6.30 1.70
3987 2007 27 5980.00 -2.20 2.70 0.47 7.50 0.30
3987 2007 28 640.00 0.50 6.10 0.71 9.00 3.00
3987 2007 29 2760.00 1.10 6.60 0.72 6.60 0.90
3987 2007 30 1660.00 2.70 6.60 0.82 7.20 1.30
3987 2007 31 3760.00 5.30 8.10 0.76 8.70 0.60
3987 2007 32 4840.00 3.40 8.50 0.75 5.70 0.20
3987 2007 33 1190.00 4.30 8.20 0.94 5.20 3.00
3987 2007 34 4790.00 4.10 8.60 0.74 7.00 0.00
3987 2007 35 1790.00 1.60 6.70 0.80 5.30 0.00
3987 2007 36 2360.00 0.70 3.70 0.68 4.90 0.10
3987 2007 37 2500.00 -1.30 3.80 0.61 4.10 0.30
3987 2007 38 7150.00 -3.30 4.90 0.53 2.90 4.30
3987 2007 39 1050.00 -0.40 0.70 0.60 2.30 2.20
3987 2007 40 1570.00 -1.10 2.90 0.64 2.20 0.70
3987 2007 41 2790.00 -4.20 -1.10 0.43 6.20 0.00
3987 2007 42 2470.00 -4.80 1.10 0.50 6.10 3.50
3987 2007 43 5340.00 1.00 8.70 0.84 4.10 2.40
3987 2007 44 2070.00 4.60 7.60 0.92 5.40 1.40
3987 2007 45 5100.00 5.30 9.60 0.87 3.70 6.30
3987 2007 46 1020.00 3.20 5.30 0.78 4.00 2.10
3987 2007 47 1700.00 2.70 4.40 0.68 3.10 0.00
3987 2007 48 8500.00 1.10 8.90 0.56 6.20 0.00
3987 2007 49 9480.00 -0.80 10.70 0.60 4.10 0.00
3987 2007 50 5070.00 2.30 6.70 0.62 2.60 0.00
3987 2007 51 5960.00 1.20 7.00 0.53 1.60 0.00
3987 2007 52 8000.00 1.40 10.20 0.64 5.10 4.70
3987 2007 53 4530.00 1.80 9.30 0.85 4.20 0.00
3987 2007 54 3020.00 -2.00 1.80 0.52 7.40 0.00
3987 2007 55 8820.00 -2.20 7.70 0.57 6.70 0.00
3987 2007 56 5703.78 4.00 11.60 0.84 5.60 1.20
3987 2007 57 3170.00 3.70 8.80 0.84 6.40 3.40
3987 2007 58 5430.00 1.60 7.70 0.69 6.80 7.10
3987 2007 59 4460.00 2.20 11.90 0.90 6.00 6.80
3987 2007 60 4710.00 4.50 11.20 0.90 6.40 3.60
3987 2007 61 3070.00 4.00 7.70 0.81 7.60 3.70
3987 2007 62 2650.00 0.50 4.40 0.72 3.50 2.10
3987 2007 63 8090.00 1.00 10.30 0.74 3.10 0.00
3987 2007 64 4560.00 0.20 9.80 0.75 5.30 0.00
3987 2007 65 7520.00 3.10 13.20 0.77 5.10 0.10
3987 2007 66 6480.00 5.20 14.30 0.89 3.80 0.00
3987 2007 67 5490.00 2.20 10.60 0.85 4.70 0.00
3987 2007 68 11150.00 1.50 13.90 0.81 3.70 3.50
3987 2007 69 9120.00 3.60 10.70 0.77 4.90 0.00
3987 2007 70 13670.00 4.10 15.70 0.81 5.10 0.00
3987 2007 71 14180.00 5.40 18.80 0.88 2.80 0.00
3987 2007 72 13290.00 5.70 19.80 0.95 3.50 0.00
3987 2007 73 10390.00 2.70 12.30 0.79 4.10 0.00
3987 2007 74 14350.00 2.20 13.70 0.75 3.30 0.00
3987 2007 75 9070.00 2.80 13.40 0.81 5.00 0.80
3987 2007 76 5560.00 5.00 10.60 0.89 8.00 3.50
3987 2007 77 3010.00 1.20 11.20 0.86 7.90 3.30
3987 2007 78 12050.00 -0.90 8.20 0.57 4.60 0.10
3987 2007 79 6690.00 -2.10 5.50 0.61 3.20 0.40
3987 2007 80 2030.00 0.10 3.20 0.67 4.70 12.30
3987 2007 81 1650.00 0.10 3.00 0.66 2.90 15.60
3987 2007 82 11530.00 0.90 11.20 0.78 5.90 4.20
3987 2007 83 14700.00 7.60 15.10 0.74 8.80 0.00
3987 2007 84 16590.00 5.00 16.40 0.68 6.40 0.00
3987 2007 85 17080.00 5.00 16.50 0.63 6.10 0.00
3987 2007 86 17650.00 3.10 17.40 0.61 5.60 0.00
3987 2007 87 16750.00 4.00 17.40 0.66 5.20 0.00
3987 2007 88 16240.00 5.20 16.10 0.70 5.30 0.00
3987 2007 89 15930.00 2.70 14.90 0.72 4.50 0.00
3987 2007 90 15480.00 5.90 17.80 0.67 5.40 0.00
3987 2007 91 16940.00 4.70 18.30 0.58 5.10 0.00
3987 2007 92 16770.00 5.90 18.90 0.63 3.10 0.00
3987 2007 93 9540.00 2.50 10.20 0.72 4.20 0.00
3987 2007 94 20680.00 0.60 11.10 0.49 3.90 0.00
3987 2007 95 7480.00 1.90 11.40 0.78 7.10 0.00
3987 2007 96 8020.00 5.40 13.00 0.86 5.60 0.00
3987 2007 97 21200.00 2.10 13.50 0.65 4.80 0.00
3987 2007 98 9480.00 4.80 11.60 0.84 5.80 0.00
3987 2007 99 8690.00 7.90 15.30 0.89 7.00 0.00
3987 2007 100 8130.00 6.50 16.00 0.99 6.40 0.00
3987 2007 101 12470.00 5.90 17.20 0.95 4.80 0.00
3987 2007 102 20870.00 5.80 21.10 1.00 2.50 0.00
3987 2007 103 21600.00 7.80 24.00 0.84 4.80 0.00
3987 2007 104 22870.00 8.90 25.30 0.69 4.90 0.00
3987 2007 105 21620.00 8.40 23.90 0.83 4.50 0.00
3987 2007 106 22540.00 8.00 26.40 0.82 3.50 0.00
3987 2007 107 16810.00 7.20 20.50 0.98 4.30 0.30
3987 2007 108 16050.00 4.20 14.10 0.67 6.30 0.00
3987 2007 109 22150.00 1.50 18.30 0.69 6.30 0.00
3987 2007 110 11070.00 3.70 9.80 0.54 6.40 0.00
3987 2007 111 23550.00 0.80 13.30 0.55 2.90 0.00
3987 2007 112 22970.00 1.60 18.60 0.54 3.90 0.00
3987 2007 113 22280.00 5.30 24.40 0.70 3.30 0.00
3987 2007 114 14820.00 12.50 21.80 1.17 2.70 0.00
3987 2007 115 21540.00 10.50 25.50 1.13 3.70 0.00
3987 2007 116 24420.00 8.70 25.60 0.87 3.90 0.00
3987 2007 117 24290.00 11.40 28.20 0.95 3.40 0.00
3987 2007 118 23980.00 10.30 27.20 1.03 3.60 0.00
3987 2007 119 26420.00 4.10 17.00 0.53 4.70 0.00
3987 2007 120 21390.00 1.10 19.00 0.64 3.30 0.00
3987 2007 121 26040.00 1.60 16.60 0.49 3.10 0.00
3987 2007 122 22360.00 6.80 20.60 0.63 2.60 0.00
3987 2007 123 24430.00 6.90 21.70 0.80 3.80 0.00
3987 2007 124 27010.00 6.80 22.90 0.56 4.00 0.00
3987 2007 125 26230.00 7.90 24.10 0.70 4.50 0.00
3987 2007 126 25880.00 9.80 25.20 0.84 2.80 0.30
3987 2007 127 5610.00 10.80 14.60 1.28 4.00 23.30
3987 2007 128 12490.00 7.50 16.20 1.19 5.30 17.50
3987 2007 129 17480.00 7.60 17.20 1.03 7.00 5.00
3987 2007 130 8400.00 9.00 17.60 1.34 5.60 4.20
3987 2007 131 10090.00 9.00 17.50 1.32 6.20 5.50
3987 2007 132 10430.00 7.00 17.10 1.24 4.20 8.20
3987 2007 133 20860.00 8.90 21.90 1.32 4.60 4.30
3987 2007 134 19180.00 11.80 23.30 1.43 4.50 15.50
3987 2007 135 8860.00 7.30 14.10 1.24 3.60 8.10
3987 2007 136 22840.00 5.60 18.60 1.01 4.10 6.00
3987 2007 137 18180.00 7.00 14.40 0.89 5.80 0.00
3987 2007 138 28970.00 5.10 18.70 0.80 3.80 0.00
3987 2007 139 23450.00 9.10 25.20 1.38 3.90 0.00
3987 2007 140 24510.00 15.10 27.70 1.48 3.60 0.00
3987 2007 141 26940.00 15.20 30.80 1.59 3.70 0.00
3987 2007 142 24580.00 16.30 27.80 1.88 3.50 0.00
3987 2007 143 15270.00 13.50 21.40 1.56 2.10 0.00
3987 2007 144 22320.00 12.70 26.60 1.53 3.40 0.00
3987 2007 145 21761.43 16.30 31.30 1.77 4.00 18.20
3987 2007 146 18320.00 15.50 27.60 1.95 2.20 5.20
3987 2007 147 12840.00 14.10 23.50 1.88 2.70 3.90
3987 2007 148 14410.00 13.50 22.90 1.78 2.90 21.80
3987 2007 149 15950.00 10.70 25.90 1.80 4.20 5.90
3987 2007 150 17130.00 9.40 18.10 1.08 4.40 0.00
3987 2007 151 21320.00 9.20 20.60 1.12 2.80 0.00
3987 2007 152 22480.00 10.80 23.70 1.32 4.20 0.00
3987 2007 153 16090.00 13.10 21.50 1.55 3.10 0.00
3987 2007 154 5660.00 13.50 18.40 1.56 1.90 0.10
3987 2007 155 5300.00 14.60 18.00 1.66 1.80 0.30
3987 2007 156 10460.00 14.70 22.10 1.75 1.60 0.00
3987 2007 157 21020.00 14.20 26.10 1.83 2.80 0.00
3987 2007 158 23590.00 17.00 30.60 1.99 3.40 0.10
3987 2007 159 28190.00 16.90 30.90 1.67 4.10 0.00
3987 2007 160 25400.00 17.30 31.80 1.67 3.60 0.00
3987 2007 161 28700.00 15.50 30.30 1.51 3.20 0.00
3987 2007 162 27090.00 17.00 31.10 1.40 2.90 0.00
3987 2007 163 22310.00 16.40 31.40 1.63 3.00 9.80
3987 2007 164 20090.00 15.90 24.60 1.78 3.00 0.00
3987 2007 165 20110.00 16.80 27.70 1.76 2.60 0.90
3987 2007 166 19970.00 17.30 28.80 2.04 3.00 27.90
3987 2007 167 16860.00 14.40 23.30 1.68 5.50 1.80
3987 2007 168 23690.00 13.00 24.90 1.43 4.10 0.50
3987 2007 169 12300.00 14.00 23.00 1.69 4.50 1.20
3987 2007 170 29200.00 13.20 25.70 1.54 2.30 0.00
3987 2007 171 22570.00 15.10 29.40 1.79 3.80 1.90
3987 2007 172 5900.00 13.10 22.50 2.02 3.80 33.50
3987 2007 173 20820.00 12.70 22.70 1.56 4.30 0.70
3987 2007 174 15690.00 12.90 19.50 1.62 4.00 11.80
3987 2007 175 21350.00 12.80 23.40 1.57 3.60 0.20
3987 2007 176 20010.00 14.10 28.10 1.77 3.60 7.60
3987 2007 177 16640.00 11.90 18.90 1.41 6.90 7.60
3987 2007 178 18390.00 10.60 16.00 1.04 9.10 0.20
3987 2007 179 17180.00 10.40 18.40 1.22 5.50 2.90
3987 2007 180 18390.00 8.50 20.70 1.33 4.30 0.50
3987 2007 181 16070.00 13.10 19.70 1.37 5.40 0.50
3987 2007 182 17880.00 12.60 24.40 1.57 2.80 0.00
3987 2007 183 9180.00 14.90 22.10 1.93 3.00 3.30
3987 2007 184 18570.00 13.10 22.40 1.50 4.10 0.70
3987 2007 185 9080.00 12.50 17.60 1.54 3.50 6.70
3987 2007 186 10530.00 12.30 17.90 1.53 5.70 6.90
3987 2007 187 16340.00 13.10 20.90 1.38 7.80 0.80
3987 2007 188 13860.00 12.20 20.10 1.45 7.80 7.30
3987 2007 189 27100.00 11.30 22.80 1.31 5.30 0.50
3987 2007 190 8700.00 12.70 19.10 1.44 2.30 10.40
3987 2007 191 15900.00 10.40 19.20 1.40 2.50 1.70
3987 2007 192 15980.00 9.40 18.90 1.41 4.00 10.60
3987 2007 193 6640.00 12.80 18.00 1.57 4.80 3.60
3987 2007 194 13660.00 13.40 23.90 1.73 3.50 0.10
3987 2007 195 27300.00 15.30 30.40 1.97 3.60 0.00
3987 2007 196 27680.00 18.30 33.80 2.04 3.10 0.00
3987 2007 197 24740.00 21.80 37.20 1.90 3.20 1.40
3987 2007 198 21490.00 18.70 27.50 1.88 4.20 0.00
3987 2007 199 21480.00 17.70 27.80 1.62 3.70 0.00
3987 2007 200 23470.00 16.10 27.60 1.58 1.90 0.00
3987 2007 201 16700.00 18.30 26.50 1.78 4.00 0.00
3987 2007 202 23270.00 16.90 26.90 1.69 3.70 4.60
3987 2007 203 8460.00 12.90 20.20 1.75 4.60 12.80
3987 2007 204 20970.00 12.40 23.80 1.49 2.80 0.00
3987 2007 205 12230.00 13.20 23.90 1.57 6.30 2.20
3987 2007 206 17420.00 13.20 21.80 1.42 7.30 0.00
3987 2007 207 22160.00 12.80 26.30 1.45 4.20 0.00
3987 2007 208 21420.00 14.10 23.70 1.41 5.80 0.80
3987 2007 209 7590.00 13.40 20.20 1.65 3.50 10.30
3987 2007 210 7690.00 11.60 16.70 1.52 3.80 10.20
3987 2007 211 12980.00 11.30 16.40 1.25 7.60 0.80
3987 2007 212 14100.00 12.00 18.60 1.20 6.30 0.00
3987 2007 213 23090.00 10.80 20.90 1.25 3.10 0.00
3987 2007 214 17150.00 10.80 25.00 1.49 4.10 0.40
3987 2007 215 16920.00 12.00 21.50 1.44 5.50 0.00
3987 2007 216 21760.00 10.70 23.80 1.35 2.50 0.00
3987 2007 217 25590.00 14.00 26.60 1.40 2.60 0.00
3987 2007 218 25690.00 13.50 27.40 1.46 4.60 0.00
3987 2007 219 23030.00 15.40 29.60 1.78 3.20 0.00
3987 2007 220 19310.00 16.70 27.60 2.05 3.00 21.40
3987 2007 221 23150.00 15.70 30.00 1.96 3.60 0.00
3987 2007 222 10920.00 18.00 24.90 2.16 2.50 0.00
3987 2007 223 4860.00 16.50 21.50 2.11 3.80 0.30
3987 2007 224 4260.00 14.00 18.30 1.77 3.40 0.50
3987 2007 225 17170.00 13.20 25.60 1.72 2.40 0.30
3987 2007 226 20000.00 13.20 25.50 1.58 2.10 0.30
3987 2007 227 16320.00 17.00 27.70 2.01 4.80 6.90
3987 2007 228 11100.00 13.50 24.00 1.92 5.00 0.20
3987 2007 229 16730.00 10.90 21.60 1.30 3.60 0.00
3987 2007 230 16110.00 10.20 21.40 1.28 2.30 0.00
3987 2007 231 18470.00 11.90 25.60 1.42 4.10 0.00
3987 2007 232 19600.00 16.10 28.10 1.68 2.70 20.10
3987 2007 233 12160.00 15.80 22.60 1.87 3.70 4.40
3987 2007 234 13690.00 15.80 24.60 1.87 2.30 0.60
3987 2007 235 16790.00 15.30 25.60 1.88 2.60 20.50
3987 2007 236 16570.00 15.90 24.30 1.93 3.10 3.80
3987 2007 237 16870.00 14.60 24.30 1.86 4.20 0.00
3987 2007 238 15840.00 12.80 24.00 1.66 4.90 0.00
3987 2007 239 13280.00 11.10 19.60 1.22 5.20 0.00
3987 2007 240 17210.00 9.40 18.20 1.11 4.70 0.00
3987 2007 241 18780.00 7.40 18.70 1.01 2.60 0.00
3987 2007 242 14100.00 8.20 19.00 1.23 4.30 3.80
3987 2007 243 6870.00 12.50 16.60 1.52 5.10 1.40
3987 2007 244 9500.00 11.40 18.70 1.42 5.20 0.00
3987 2007 245 11810.00 11.00 21.40 1.43 4.10 8.70
3987 2007 246 8610.00 8.60 16.70 1.40 4.90 9.80
3987 2007 247 9790.00 6.70 13.40 1.05 5.20 7.10
3987 2007 248 17500.00 6.20 18.30 1.05 3.60 0.00
3987 2007 249 10460.00 6.10 17.10 1.29 3.10 0.00
3987 2007 250 11200.00 10.30 18.70 1.40 4.70 0.00
3987 2007 251 4310.00 13.40 16.90 1.52 5.60 0.20
3987 2007 252 15330.00 11.00 18.70 1.23 6.60 0.60
3987 2007 253 4340.00 9.80 14.20 1.31 5.50 7.30
3987 2007 254 11250.00 10.10 17.30 1.33 3.80 0.00
3987 2007 255 9250.00 11.00 16.50 1.34 5.00 0.00
3987 2007 256 7110.00 9.00 14.20 1.07 3.40 0.00
3987 2007 257 14770.00 8.20 19.60 1.23 4.40 0.20
3987 2007 258 13480.00 9.60 16.70 1.06 7.30 0.00
3987 2007 259 16800.00 8.40 20.50 1.13 4.10 0.00
3987 2007 260 14240.00 12.20 24.30 1.46 4.50 2.00
3987 2007 261 5530.00 7.20 15.70 1.28 5.20 5.40
3987 2007 262 12640.00 6.10 14.60 0.95 5.20 0.00
3987 2007 263 14500.00 5.80 18.50 1.09 4.70 0.00
3987 2007 264 13650.00 9.20 20.30 1.16 4.30 0.00
3987 2007 265 14240.00 10.00 21.70 1.28 2.70 0.00
3987 2007 266 15490.00 9.90 23.80 1.32 2.90 0.00
3987 2007 267 12786.92 10.70 24.40 1.32 4.00 0.00
3987 2007 268 5150.00 10.00 15.30 1.35 3.90 1.80
3987 2007 269 11560.00 6.90 17.90 1.13 2.50 0.00
3987 2007 270 2950.00 10.30 14.00 1.38 5.10 16.50
3987 2007 271 4720.00 10.40 16.20 1.47 4.30 14.50
3987 2007 272 3730.00 9.60 13.70 1.33 4.90 3.20
3987 2007 273 4290.00 10.90 15.80 1.31 4.00 0.00
3987 2007 274 9340.00 8.80 17.80 1.32 2.20 2.40
3987 2007 275 2360.00 10.10 14.20 1.38 2.40 0.50
3987 2007 276 11050.00 8.10 15.30 1.22 2.50 0.00
3987 2007 277 4430.00 7.20 14.10 1.25 3.00 0.30
3987 2007 278 6560.00 8.30 14.80 1.30 3.40 0.00
3987 2007 279 6760.00 6.50 14.10 1.09 1.90 0.00
3987 2007 280 10530.00 4.90 16.10 1.02 1.80 0.00
3987 2007 281 9670.00 4.90 15.90 0.99 3.40 0.00
3987 2007 282 5140.00 6.60 12.00 0.88 1.60 0.00
3987 2007 283 11740.00 3.60 13.70 0.83 2.80 0.00
3987 2007 284 4950.00 6.70 11.30 0.97 2.30 0.30
3987 2007 285 4860.00 8.00 15.50 1.18 5.70 0.00
3987 2007 286 8480.00 3.80 12.90 0.86 2.00 0.00
3987 2007 287 11380.00 1.70 13.30 0.74 3.10 0.00
3987 2007 288 11280.00 1.60 17.10 0.83 4.30 0.00
3987 2007 289 6620.00 8.40 17.40 1.20 4.40 0.00
3987 2007 290 7990.00 9.30 18.10 1.23 5.30 3.10
3987 2007 291 8300.00 5.80 11.90 0.91 6.50 0.20
3987 2007 292 8970.00 1.60 10.40 0.71 4.10 0.00
3987 2007 293 7340.00 0.00 10.40 0.72 3.20 0.00
3987 2007 294 5730.00 0.30 8.40 0.75 3.70 0.30
3987 2007 295 6170.00 -2.10 7.30 0.62 3.60 0.00
3987 2007 296 7070.00 0.00 10.20 0.69 3.90 0.00
3987 2007 297 1630.00 5.60 8.00 0.85 3.70 0.00
3987 2007 298 1510.00 6.30 8.60 0.90 3.30 0.00
3987 2007 299 1510.00 5.50 9.80 0.97 3.70 0.10
3987 2007 300 1110.00 6.80 8.40 1.04 2.20 0.90
3987 2007 301 3750.00 2.70 8.10 0.87 2.60 0.00
3987 2007 302 6300.00 3.30 11.80 0.88 4.40 0.10
3987 2007 303 1360.00 4.70 9.80 1.03 3.40 0.50
3987 2007 304 6900.00 3.10 11.90 0.91 3.60 0.00
3987 2007 305 1360.00 6.40 10.80 1.03 4.40 0.20
3987 2007 306 1310.00 10.10 12.60 1.33 3.20 1.60
3987 2007 307 2340.00 8.50 13.60 1.26 5.10 1.00
3987 2007 308 3680.00 1.90 11.00 0.91 4.20 0.00
3987 2007 309 4790.00 0.40 5.30 0.74 3.00 6.10
3987 2007 310 3420.00 2.20 8.20 0.82 7.50 3.30
3987 2007 311 1000.00 2.10 8.20 0.88 8.10 5.30
3987 2007 312 3260.00 5.60 10.40 0.95 6.30 6.20
3987 2007 313 2650.00 2.40 8.80 0.80 8.40 2.80
3987 2007 314 3810.00 -0.30 5.60 0.64 6.60 5.00
3987 2007 315 1380.00 0.20 1.80 0.66 4.70 7.90
3987 2007 316 2974.06 0.30 2.50 0.68 5.20 5.50
3987 2007 317 5820.00 -1.00 5.20 0.63 4.90 0.40
3987 2007 318 1710.00 -0.80 3.20 0.63 3.20 0.20
3987 2007 319 4090.00 -2.00 5.10 0.62 2.80 0.00
3987 2007 320 1150.00 -2.50 3.40 0.61 3.50 0.70
3987 2007 321 1080.00 3.40 6.20 0.86 3.20 1.90
3987 2007 322 1510.00 0.40 6.30 0.78 2.90 0.10
3987 2007 323 3590.00 -1.20 4.20 0.59 5.50 0.00
3987 2007 324 3180.00 -0.70 3.10 0.62 3.90 0.00
3987 2007 325 4550.00 -1.50 5.50 0.61 4.00 0.00
3987 2007 326 2200.00 2.10 7.60 0.76 3.40 0.70
3987 2007 327 1220.00 2.80 7.70 0.87 3.10 2.20
3987 2007 328 3580.00 -1.70 5.60 0.61 4.80 1.60
3987 2007 329 2130.00 -0.50 7.10 0.71 7.00 0.40
3987 2007 330 4120.00 -0.50 3.90 0.55 8.80 0.00
3987 2007 331 3350.00 -2.30 3.30 0.51 6.30 0.00
3987 2007 332 3450.00 -3.80 4.00 0.57 3.30 0.00
3987 2007 333 2170.00 -1.00 3.80 0.59 5.10 3.20
3987 2007 334 1360.00 3.10 6.70 0.82 5.70 2.40
3987 2007 335 1510.00 4.20 8.30 0.92 5.90 6.50
3987 2007 336 1940.00 3.40 9.30 0.87 6.90 3.80
3987 2007 337 1720.00 4.10 8.80 0.85 8.50 5.00
3987 2007 338 2690.00 4.00 6.80 0.78 7.00 0.00
3987 2007 339 1010.00 4.40 10.20 0.91 5.60 0.10
3987 2007 340 2180.00 7.40 10.70 0.95 6.00 5.50
3987 2007 341 2300.00 4.90 13.50 0.99 8.10 2.70
3987 2007 342 2550.00 3.30 7.70 0.71 6.30 0.00
3987 2007 343 2381.23 3.40 7.60 0.74 5.40 0.60
3987 2007 344 3530.00 -0.10 7.10 0.75 3.70 0.00
3987 2007 345 710.00 2.30 5.10 0.78 3.00 0.50
3987 2007 346 520.00 4.30 5.70 0.86 4.10 0.70
3987 2007 347 1410.00 1.70 4.40 0.60 2.90 0.00
3987 2007 348 1600.00 -0.50 3.00 0.55 2.90 0.10
3987 2007 349 3590.00 -4.60 1.40 0.48 3.10 0.00
3987 2007 350 1730.00 -5.00 0.00 0.48 1.90 0.00
3987 2007 351 890.00 -1.10 1.30 0.54 2.80 0.00
3987 2007 352 1098.95 -1.60 -1.00 0.48 1.70 0.00
3987 2007 353 510.00 -1.80 -0.90 0.51 1.20 0.00
3987 2007 354 660.00 -4.90 -1.80 0.47 1.60 0.00
3987 2007 355 1450.00 -6.70 -4.80 0.40 0.80 0.00
3987 2007 356 1050.00 -6.60 -4.40 0.40 0.70 0.00
3987 2007 357 3210.00 -7.90 -0.10 0.47 1.70 0.00
3987 2007 358 750.00 -0.20 0.70 0.62 2.10 0.00
3987 2007 359 3320.00 -2.50 2.20 0.52 3.90 0.00
3987 2007 360 2330.00 -3.70 0.80 0.46 3.60 0.00
3987 2007 361 1190.00 -1.20 1.50 0.59 3.70 0.00
3987 2007 362 850.00 1.10 5.30 0.67 5.20 0.00
3987 2007 363 2300.00 -0.20 4.50 0.56 6.20 0.00
3987 2007 364 1680.00 0.70 5.90 0.69 4.60 1.80
3987 2007 365 1200.00 -1.80 2.60 0.65 4.60 0.10
