*---------------------------------------------------------------------------*
* Station name: Potsdam Saekularstation
* Year: 2004
* Author: Pedro Alencar                                   -999.000: NIL VALUE
* Source: DWD
* Comments: Gaps filled with interpolation and storical means
* Longitude: 13.0622, latitude: 52.3812, altitude: 82.0 m.
*
    * Column  Daily value
    * 1       station number
    * 2       year
    * 3       day
    * 4       irradiation                   (kJ m-2 d-1)
    * 5       minimum temperature           (degrees Celsius
    * 6       maximum temperature           (degrees Celsius)
    * 7       early morning vapour pressure (kPa)
    * 8       mean wind speed (height: 2 m) (m s-1)
    * 9       precipitation                 (mm d-1)
    *
** WCCDESCRIPTION=Potsdam, Germany
** WCCFORMAT=2
** WCCYEARNR=2004
*---------------------------------------------------------------------------*
   13.0622 52.3812 82.0 -0.18 -0.55
3987 2004 1 2400.00 -5.60 -2.00 0.47 1.60 0.00
3987 2004 2 3010.00 -5.30 0.10 0.44 2.40 0.00
3987 2004 3 2830.00 -6.90 -1.10 0.38 2.30 0.00
3987 2004 4 3550.00 -7.10 -3.20 0.33 3.20 0.20
3987 2004 5 4200.00 -11.40 -3.80 0.27 3.00 0.00
3987 2004 6 2220.00 -12.20 -0.10 0.34 4.90 10.00
3987 2004 7 760.00 -0.10 3.50 0.72 4.20 0.20
3987 2004 8 3940.00 -1.10 4.70 0.66 3.50 0.00
3987 2004 9 1140.00 -1.70 2.20 0.61 3.60 0.20
3987 2004 10 600.00 -0.30 2.60 0.68 2.80 0.90
3987 2004 11 1580.00 -0.30 7.00 0.77 5.40 9.90
3987 2004 12 3700.00 1.00 6.30 0.70 5.10 0.70
3987 2004 13 630.00 0.80 6.00 0.76 5.10 6.00
3987 2004 14 1110.00 1.50 6.10 0.68 10.00 3.70
3987 2004 15 1260.00 0.80 2.90 0.69 3.20 2.40
3987 2004 16 1210.00 0.50 4.70 0.70 6.00 6.70
3987 2004 17 1740.00 0.80 5.70 0.76 5.40 4.60
3987 2004 18 3220.00 -3.60 1.40 0.53 3.70 0.00
3987 2004 19 1090.00 -3.20 1.40 0.55 6.00 5.90
3987 2004 20 1070.00 -1.70 1.60 0.55 4.80 0.10
3987 2004 21 3690.00 -5.50 -0.10 0.43 3.10 0.00
3987 2004 22 2400.00 -9.90 -3.40 0.31 2.50 0.00
3987 2004 23 4680.00 -12.00 -2.80 0.28 3.50 0.00
3987 2004 24 5030.00 -12.00 -3.60 0.26 4.30 0.10
3987 2004 25 1330.00 -9.20 -5.90 0.30 3.60 0.50
3987 2004 26 2031.51 -6.30 -3.70 0.39 2.20 0.10
3987 2004 27 2440.00 -6.80 -1.50 0.43 1.40 0.00
3987 2004 28 4550.00 -6.60 0.00 0.44 4.00 0.00
3987 2004 29 4270.00 -3.90 1.10 0.48 5.40 1.20
3987 2004 30 2380.00 -1.70 1.50 0.56 6.00 0.40
3987 2004 31 2650.00 -1.10 7.10 0.57 7.00 4.80
3987 2004 32 1030.00 5.30 10.00 0.95 8.30 12.80
3987 2004 33 2640.00 4.80 10.00 0.96 6.20 7.60
3987 2004 34 1250.00 6.20 11.40 1.14 5.50 4.40
3987 2004 35 2020.00 10.60 13.70 1.10 7.10 0.00
3987 2004 36 2020.00 10.20 14.70 1.11 8.00 3.20
3987 2004 37 2630.00 9.40 13.10 1.15 5.40 6.00
3987 2004 38 2680.00 3.20 12.80 0.86 9.40 2.60
3987 2004 39 2740.00 0.60 4.90 0.66 6.80 3.90
3987 2004 40 4700.00 -1.70 4.10 0.53 8.40 0.00
3987 2004 41 1710.00 -2.30 2.30 0.60 5.60 10.50
3987 2004 42 4560.00 -5.20 2.50 0.55 3.80 0.10
3987 2004 43 3470.00 -6.20 -0.50 0.43 2.10 0.20
3987 2004 44 1340.00 -0.50 4.70 0.71 3.90 0.10
3987 2004 45 2140.00 2.10 6.10 0.76 3.70 0.00
3987 2004 46 2610.00 0.00 4.00 0.61 3.30 0.00
3987 2004 47 2310.00 -1.60 1.70 0.61 3.80 0.00
3987 2004 48 2170.00 1.50 4.80 0.67 5.30 0.10
3987 2004 49 4950.00 0.00 5.50 0.60 4.80 0.00
3987 2004 50 7010.00 -3.50 3.10 0.41 4.00 0.00
3987 2004 51 10250.00 -5.60 3.90 0.31 5.90 0.00
3987 2004 52 9540.00 -4.50 6.60 0.27 5.50 0.00
3987 2004 53 6080.00 -1.80 5.00 0.38 4.00 0.00
3987 2004 54 3190.00 -2.30 1.90 0.47 4.60 0.00
3987 2004 55 10730.00 -5.20 4.70 0.39 4.20 0.30
3987 2004 56 3570.00 -2.60 2.20 0.53 5.10 1.80
3987 2004 57 6630.00 -4.40 2.90 0.43 3.90 0.00
3987 2004 58 4970.00 -4.90 1.40 0.46 2.00 0.00
3987 2004 59 8380.00 -4.40 3.80 0.44 2.30 0.00
3987 2004 60 6040.00 -5.50 2.80 0.45 3.20 0.00
3987 2004 61 7910.00 -3.00 3.20 0.53 4.40 3.00
3987 2004 62 1690.00 0.90 4.80 0.73 5.80 2.10
3987 2004 63 11760.00 -4.10 6.10 0.51 5.70 0.00
3987 2004 64 5980.00 -5.50 1.50 0.38 2.30 0.00
3987 2004 65 13390.00 -6.10 3.70 0.32 3.60 0.00
3987 2004 66 8430.00 -5.20 2.70 0.37 4.30 0.10
3987 2004 67 6580.00 -2.90 3.10 0.52 3.30 1.10
3987 2004 68 12310.00 -3.70 6.10 0.50 2.80 0.00
3987 2004 69 3770.00 0.20 2.80 0.58 3.50 0.60
3987 2004 70 1940.00 0.00 2.50 0.61 5.20 0.30
3987 2004 71 4470.00 1.00 7.30 0.62 5.40 0.00
3987 2004 72 10760.00 -0.60 10.10 0.58 5.70 0.00
3987 2004 73 5910.00 2.00 11.20 0.72 4.70 3.20
3987 2004 74 11330.00 4.50 14.90 0.83 3.80 0.00
3987 2004 75 6740.00 6.10 14.20 0.87 5.70 0.00
3987 2004 76 7884.22 7.00 14.20 1.07 4.80 0.00
3987 2004 77 14490.00 7.20 20.90 1.06 4.45 0.00
3987 2004 78 11130.00 6.70 17.30 1.03 3.00 0.00
3987 2004 79 6760.00 8.10 15.90 0.99 5.90 4.30
3987 2004 80 5000.00 6.10 13.70 1.01 7.40 6.00
3987 2004 81 12460.00 5.30 13.10 0.71 11.20 0.00
3987 2004 82 8600.00 2.10 11.40 0.74 5.90 1.20
3987 2004 83 13270.00 -0.60 10.80 0.64 2.90 0.00
3987 2004 84 8750.00 2.10 9.90 0.62 5.10 0.00
3987 2004 85 5310.00 -1.30 4.40 0.49 5.10 0.00
3987 2004 86 6470.00 -2.40 3.90 0.49 3.40 0.00
3987 2004 87 15780.00 -3.20 7.20 0.45 2.50 0.00
3987 2004 88 4770.00 -0.90 8.10 0.63 3.40 0.00
3987 2004 89 11960.00 4.00 13.30 0.65 2.80 0.00
3987 2004 90 17530.00 2.30 15.70 0.65 3.70 0.00
3987 2004 91 19030.00 2.20 15.80 0.61 5.40 0.00
3987 2004 92 17290.00 4.30 16.60 0.66 6.30 0.00
3987 2004 93 17870.00 4.70 15.50 0.44 8.10 0.00
3987 2004 94 13730.00 3.30 17.30 0.72 4.60 0.50
3987 2004 95 7460.00 5.80 15.50 0.92 5.10 3.30
3987 2004 96 12730.00 3.20 12.90 0.83 4.70 0.50
3987 2004 97 9030.00 2.10 10.70 0.79 4.60 10.00
3987 2004 98 12350.00 1.30 10.60 0.76 3.60 4.40
3987 2004 99 8530.00 1.20 9.70 0.72 2.40 3.70
3987 2004 100 7060.00 2.10 10.50 0.82 4.10 0.90
3987 2004 101 9370.00 1.00 9.50 0.77 3.80 0.40
3987 2004 102 21300.00 -0.50 12.80 0.59 3.40 0.00
3987 2004 103 7090.00 0.70 9.40 0.81 2.60 0.00
3987 2004 104 10720.00 4.70 11.90 0.80 1.70 0.00
3987 2004 105 22660.00 2.60 16.50 0.56 3.10 0.00
3987 2004 106 22210.00 2.30 19.30 0.60 4.30 0.00
3987 2004 107 20868.29 6.40 20.50 0.78 3.90 0.00
3987 2004 108 19370.00 6.20 19.70 0.87 3.60 0.00
3987 2004 109 17380.00 5.80 21.30 0.96 4.20 0.00
3987 2004 110 6390.00 5.40 14.60 1.08 3.60 4.00
3987 2004 111 15600.00 4.20 17.80 0.82 2.60 0.00
3987 2004 112 15270.00 6.60 21.20 0.86 2.60 0.00
3987 2004 113 20410.00 10.10 22.00 0.99 1.90 0.00
3987 2004 114 4980.00 6.90 13.30 1.03 3.20 4.90
3987 2004 115 6770.00 5.70 12.50 0.97 4.10 0.10
3987 2004 116 19900.00 3.70 17.80 0.86 2.80 0.30
3987 2004 117 8030.00 9.20 15.00 1.01 2.30 0.20
3987 2004 118 14340.00 9.30 18.10 0.98 3.10 0.00
3987 2004 119 24200.00 6.70 20.30 0.66 4.90 0.00
3987 2004 120 21430.00 7.40 21.00 0.70 6.60 0.00
3987 2004 121 23270.00 10.20 23.90 0.83 7.50 0.00
3987 2004 122 17390.00 11.80 24.50 1.13 4.50 0.00
3987 2004 123 4970.00 11.70 14.90 1.37 4.50 0.60
3987 2004 124 19220.00 10.90 21.80 1.11 3.50 2.50
3987 2004 125 19260.00 10.00 21.90 1.28 3.80 0.40
3987 2004 126 18570.00 11.20 21.10 1.30 4.10 8.20
3987 2004 127 13610.00 10.10 21.30 1.46 2.30 14.70
3987 2004 128 9870.00 6.70 17.40 1.26 4.50 1.40
3987 2004 129 12590.00 4.60 13.90 0.94 2.90 0.00
3987 2004 130 7530.00 8.10 12.40 1.13 4.10 0.60
3987 2004 131 15880.00 9.70 19.90 1.37 5.40 1.60
3987 2004 132 15620.00 11.00 18.70 1.33 4.20 0.90
3987 2004 133 5870.00 8.80 11.20 1.16 3.00 0.70
3987 2004 134 5910.00 3.50 11.10 1.01 3.40 0.50
3987 2004 135 19070.00 2.60 15.60 0.82 2.70 0.00
3987 2004 136 7170.00 5.70 13.80 1.14 6.10 2.30
3987 2004 137 23120.00 8.50 17.50 1.10 3.90 0.00
3987 2004 138 12580.00 11.90 19.10 1.24 3.00 0.00
3987 2004 139 19050.00 9.70 21.20 1.21 4.50 0.00
3987 2004 140 22570.00 7.10 22.60 0.99 6.50 0.00
3987 2004 141 20800.00 8.70 18.60 0.92 4.10 0.00
3987 2004 142 9760.00 7.00 13.70 0.90 3.10 0.00
3987 2004 143 22890.00 4.00 14.50 0.68 5.30 2.40
3987 2004 144 12760.00 4.10 14.10 0.81 6.00 2.50
3987 2004 145 9780.00 3.50 12.10 0.88 5.10 0.10
3987 2004 146 12280.00 6.30 15.30 0.96 5.10 0.10
3987 2004 147 16150.00 5.60 15.10 0.82 4.40 0.10
3987 2004 148 14400.00 5.50 16.20 1.00 3.50 0.00
3987 2004 149 24327.62 5.70 20.50 0.90 2.10 0.00
3987 2004 150 29770.00 7.20 22.10 0.87 2.70 0.00
3987 2004 151 27380.00 9.90 24.80 0.84 3.60 0.00
3987 2004 152 23790.00 11.50 25.00 0.87 4.20 0.00
3987 2004 153 19710.00 11.80 23.80 1.17 3.50 5.60
3987 2004 154 12720.00 11.70 19.50 1.36 3.10 0.00
3987 2004 155 26890.00 12.30 25.00 1.00 3.20 0.00
3987 2004 156 16040.00 12.40 21.80 1.25 3.00 4.10
3987 2004 157 12150.00 11.70 18.20 1.46 1.70 3.80
3987 2004 158 27370.00 10.20 21.00 1.30 3.60 0.00
3987 2004 159 18650.00 11.00 24.10 1.39 2.40 0.00
3987 2004 160 23150.00 14.20 26.40 1.54 4.30 0.00
3987 2004 161 8300.00 12.70 18.80 1.51 4.20 13.60
3987 2004 162 17110.00 15.10 23.10 1.76 3.60 0.00
3987 2004 163 16700.00 13.80 24.70 1.68 4.10 9.50
3987 2004 164 19770.00 11.40 19.20 1.33 3.70 0.00
3987 2004 165 11100.00 11.40 17.80 1.52 3.80 22.40
3987 2004 166 19560.00 9.70 20.60 1.37 5.40 0.00
3987 2004 167 16400.00 11.40 23.80 1.58 7.50 1.40
3987 2004 168 21300.00 9.20 17.60 0.96 7.60 0.00
3987 2004 169 7170.00 8.30 19.10 1.32 4.30 10.30
3987 2004 170 14010.00 10.80 18.80 1.34 4.90 0.20
3987 2004 171 16000.00 7.70 17.20 1.22 4.40 2.60
3987 2004 172 22150.00 6.30 19.40 0.98 2.80 0.00
3987 2004 173 23570.00 10.40 19.80 1.13 3.60 0.70
3987 2004 174 17980.00 9.10 20.80 1.26 2.90 0.00
3987 2004 175 12590.00 12.30 21.60 1.64 4.60 12.80
3987 2004 176 16660.00 12.10 20.50 1.13 6.50 0.00
3987 2004 177 12510.00 9.90 17.20 1.20 6.00 0.70
3987 2004 178 17410.00 10.90 19.20 1.18 4.40 0.00
3987 2004 179 12420.00 10.90 20.80 1.36 2.70 0.10
3987 2004 180 20240.00 11.80 21.60 1.36 6.60 0.50
3987 2004 181 18490.00 10.70 19.60 1.19 5.80 0.00
3987 2004 182 19800.00 11.30 22.30 1.34 3.60 0.00
3987 2004 183 14210.00 12.00 22.40 1.39 4.50 0.60
3987 2004 184 22090.00 10.90 21.70 1.18 3.70 0.00
3987 2004 185 16810.00 9.50 19.70 1.35 5.10 12.00
3987 2004 186 18390.00 10.20 21.20 1.23 4.60 0.60
3987 2004 187 16090.00 11.20 18.70 1.41 2.80 0.60
3987 2004 188 22730.00 9.90 20.40 1.14 4.00 0.00
3987 2004 189 29010.00 10.60 25.10 1.01 3.10 0.00
3987 2004 190 12340.00 15.20 24.70 1.66 3.80 9.00
3987 2004 191 18680.00 15.50 23.50 1.60 5.00 0.20
3987 2004 192 14310.00 12.40 20.20 1.32 6.20 0.00
3987 2004 193 22140.00 10.20 20.50 1.14 5.20 5.90
3987 2004 194 6720.00 12.10 16.30 1.46 5.80 5.50
3987 2004 195 10060.00 11.60 16.70 1.28 6.50 0.40
3987 2004 196 16650.00 11.80 19.70 1.21 5.30 0.90
3987 2004 197 13240.00 13.00 21.90 1.50 4.70 0.20
3987 2004 198 6990.00 14.70 20.10 1.81 3.60 2.90
3987 2004 199 22930.00 14.20 28.00 1.78 3.00 10.90
3987 2004 200 24980.00 17.10 29.40 2.00 3.50 10.60
3987 2004 201 17750.00 15.60 24.90 1.85 3.70 0.00
3987 2004 202 19460.00 14.60 28.50 1.90 4.50 9.00
3987 2004 203 17040.00 15.50 24.90 1.92 3.30 0.00
3987 2004 204 8000.00 15.10 19.60 1.83 2.00 12.80
3987 2004 205 23090.00 13.70 27.80 1.91 2.60 4.20
3987 2004 206 19100.00 13.40 25.50 1.75 4.30 0.00
3987 2004 207 16460.00 12.20 23.50 1.45 3.60 3.80
3987 2004 208 12750.00 11.70 19.30 1.45 2.80 0.40
3987 2004 209 18600.00 10.80 21.10 1.34 3.70 0.00
3987 2004 210 21970.00 11.30 23.80 1.34 2.30 0.00
3987 2004 211 27290.00 10.90 25.80 1.29 2.90 0.00
3987 2004 212 25960.00 14.30 28.30 1.39 3.30 0.00
3987 2004 213 22050.00 15.10 29.50 1.49 2.50 0.00
3987 2004 214 20830.00 15.00 26.50 1.69 2.50 0.00
3987 2004 215 21750.00 13.60 26.50 1.63 2.40 0.00
3987 2004 216 17620.00 14.40 25.70 1.72 2.30 0.00
3987 2004 217 22470.00 15.90 29.90 1.63 3.10 0.00
3987 2004 218 21840.00 17.60 30.60 1.71 4.40 0.00
3987 2004 219 24320.00 16.50 29.70 1.41 5.00 0.00
3987 2004 220 23550.00 16.40 29.50 1.47 4.60 0.00
3987 2004 221 22840.00 16.50 30.50 1.38 4.30 0.00
3987 2004 222 21090.00 16.70 30.50 1.40 4.30 0.00
3987 2004 223 23440.00 17.60 31.30 1.55 4.50 0.00
3987 2004 224 16840.00 18.50 30.70 1.67 3.80 0.00
3987 2004 225 22500.00 17.30 31.50 1.73 2.50 10.90
3987 2004 226 15280.00 15.50 23.50 1.66 5.90 0.00
3987 2004 227 11400.00 14.40 22.90 1.76 3.60 3.40
3987 2004 228 21630.00 12.50 25.20 1.57 3.10 0.00
3987 2004 229 17310.00 14.40 27.50 1.57 3.60 0.00
3987 2004 230 15370.00 16.10 26.40 1.80 3.70 0.00
3987 2004 231 13520.00 17.00 27.30 1.81 4.00 0.00
3987 2004 232 17180.00 18.30 29.30 1.57 5.30 0.00
3987 2004 233 11790.00 14.70 24.30 1.73 3.90 7.40
3987 2004 234 12950.00 12.80 21.60 1.48 3.60 1.70
3987 2004 235 19010.00 11.10 20.50 1.17 4.10 0.00
3987 2004 236 15370.00 10.70 21.40 1.06 3.30 0.00
3987 2004 237 10110.00 12.90 23.90 1.51 4.40 26.90
3987 2004 238 11450.00 12.90 21.30 1.52 4.80 0.30
3987 2004 239 11190.00 12.80 20.60 1.58 4.00 8.80
3987 2004 240 9960.00 13.80 18.80 1.56 4.60 2.50
3987 2004 241 12800.00 14.00 23.10 1.70 2.80 1.60
3987 2004 242 9410.00 13.50 21.20 1.73 1.90 9.70
3987 2004 243 6270.00 11.60 18.30 1.59 4.60 8.30
3987 2004 244 11610.00 10.20 17.20 1.38 5.40 2.70
3987 2004 245 14450.00 10.90 18.20 1.22 4.00 0.00
3987 2004 246 19670.00 9.40 22.80 1.17 2.70 0.00
3987 2004 247 19100.00 11.60 26.40 1.30 3.80 0.00
3987 2004 248 19260.00 13.00 26.50 1.35 3.00 0.00
3987 2004 249 19470.00 13.20 26.20 1.46 3.10 0.00
3987 2004 250 18720.00 13.50 26.60 1.54 3.10 0.00
3987 2004 251 16960.00 11.70 25.50 1.54 3.00 0.00
3987 2004 252 18410.00 9.00 22.20 1.14 3.30 0.00
3987 2004 253 18880.00 7.00 19.90 0.88 2.00 0.00
3987 2004 254 18780.00 7.00 23.00 0.91 4.40 0.00
3987 2004 255 10330.00 13.80 24.30 1.50 4.40 1.70
3987 2004 256 12170.00 11.30 20.70 1.33 6.50 0.10
3987 2004 257 10830.00 9.40 21.10 1.09 5.20 0.00
3987 2004 258 12550.00 13.90 23.90 1.33 4.80 0.10
3987 2004 259 13010.00 10.60 19.80 1.14 6.00 0.00
3987 2004 260 13970.00 8.70 18.20 1.00 4.10 0.00
3987 2004 261 16190.00 7.40 20.00 0.87 4.00 0.00
3987 2004 262 15980.00 7.60 23.40 0.88 4.80 0.00
3987 2004 263 8230.00 10.20 20.10 1.34 3.80 0.00
3987 2004 264 7700.00 10.00 18.70 1.15 4.80 1.50
3987 2004 265 5770.00 9.40 15.20 1.15 8.60 1.60
3987 2004 266 8670.00 8.80 15.30 0.99 7.80 0.00
3987 2004 267 7066.53 8.40 14.90 1.17 5.80 6.30
3987 2004 268 7360.00 8.40 15.70 1.17 6.20 1.70
3987 2004 269 8420.00 9.30 17.10 1.26 4.50 0.30
3987 2004 270 4430.00 8.50 14.50 1.23 3.30 0.60
3987 2004 271 3490.00 9.90 15.80 1.35 4.60 0.60
3987 2004 272 5240.00 9.30 14.60 1.39 4.20 5.90
3987 2004 273 4800.00 9.90 16.30 1.46 5.40 3.70
3987 2004 274 9150.00 7.10 14.80 1.16 4.10 0.00
3987 2004 275 7820.00 6.70 16.10 1.15 2.20 0.00
3987 2004 276 7850.00 5.70 16.10 1.25 3.30 0.00
3987 2004 277 13300.00 9.00 18.90 1.16 3.60 0.00
3987 2004 278 9580.00 6.90 19.80 1.19 4.80 0.00
3987 2004 279 11770.00 12.50 24.50 1.50 5.00 0.00
3987 2004 280 4950.00 10.90 17.00 1.43 3.30 0.30
3987 2004 281 12190.00 7.90 17.80 1.05 4.50 0.00
3987 2004 282 4530.00 5.50 12.30 0.99 3.20 0.00
3987 2004 283 7340.00 3.90 11.70 0.95 2.60 0.00
3987 2004 284 8990.00 1.60 12.40 0.82 3.00 0.00
3987 2004 285 12260.00 1.30 11.60 0.64 5.20 0.00
3987 2004 286 11890.00 -0.30 10.40 0.60 6.10 0.00
3987 2004 287 8880.00 2.40 12.40 0.69 5.20 0.00
3987 2004 288 8920.30 2.90 13.00 0.78 4.70 0.00
3987 2004 289 6011.24 3.30 9.70 0.94 3.80 6.20
3987 2004 290 5932.81 5.40 10.40 1.02 3.10 4.50
3987 2004 291 6389.84 4.30 10.50 0.93 4.80 1.90
3987 2004 292 5665.79 7.10 11.10 1.01 7.20 2.30
3987 2004 293 8294.06 5.60 13.60 0.97 3.90 0.00
3987 2004 294 6760.00 2.30 12.80 0.89 5.30 1.20
3987 2004 295 7140.00 6.00 19.50 1.12 5.30 0.40
3987 2004 296 9030.00 5.30 16.10 0.95 5.50 0.00
3987 2004 297 3330.00 8.00 16.50 1.23 5.90 0.20
3987 2004 298 6450.00 12.90 19.90 1.37 5.00 0.40
3987 2004 299 6090.00 10.30 19.10 1.29 5.00 0.00
3987 2004 300 4660.00 8.60 13.90 1.05 3.10 0.00
3987 2004 301 6900.00 7.00 13.30 0.99 2.60 0.00
3987 2004 302 1170.00 8.00 10.00 1.10 3.60 0.10
3987 2004 303 3250.00 8.20 14.60 1.25 4.40 3.20
3987 2004 304 920.00 10.00 11.50 1.28 3.20 2.30
3987 2004 305 3390.00 9.00 13.30 1.25 2.40 0.00
3987 2004 306 2040.00 7.30 10.10 1.00 2.70 0.00
3987 2004 307 4430.00 6.90 11.50 0.92 5.80 0.00
3987 2004 308 4040.00 7.10 12.00 1.07 4.10 0.00
3987 2004 309 3250.00 9.00 14.20 1.26 2.80 0.00
3987 2004 310 4980.00 5.40 11.80 0.95 6.70 0.40
3987 2004 311 4050.00 4.30 9.30 0.85 6.80 1.30
3987 2004 312 2240.00 1.60 7.60 0.84 3.70 1.90
3987 2004 313 3350.00 -1.20 4.60 0.69 2.20 0.40
3987 2004 314 330.00 2.20 6.70 0.80 4.50 10.30
3987 2004 315 3510.00 0.60 6.60 0.69 4.60 0.00
3987 2004 316 1320.00 -0.20 3.50 0.69 2.80 0.00
3987 2004 317 1870.00 1.50 6.20 0.75 3.90 8.20
3987 2004 318 4630.00 -0.80 7.00 0.75 6.00 0.30
3987 2004 319 2260.00 -1.90 1.90 0.60 3.40 0.00
3987 2004 320 1790.00 -0.30 6.00 0.75 5.00 0.80
3987 2004 321 2870.00 4.90 8.60 0.92 5.40 9.40
3987 2004 322 560.00 5.40 11.00 1.08 5.90 14.00
3987 2004 323 2650.00 2.10 11.20 0.90 8.40 16.10
3987 2004 324 3740.00 -0.70 2.60 0.60 4.80 1.50
3987 2004 325 1170.00 -0.30 2.00 0.61 7.40 0.10
3987 2004 326 3250.00 -1.70 4.50 0.61 5.70 2.00
3987 2004 327 800.00 0.20 9.70 0.84 6.60 7.50
3987 2004 328 2970.00 -0.20 9.60 0.69 9.00 0.00
3987 2004 329 4920.00 -2.70 2.80 0.54 3.50 0.00
3987 2004 330 4040.00 -1.60 5.30 0.53 3.60 0.00
3987 2004 331 2370.00 -3.10 2.40 0.52 4.80 1.80
3987 2004 332 1020.00 1.80 6.90 0.85 5.70 1.00
3987 2004 333 1270.00 3.30 5.80 0.84 2.90 5.50
3987 2004 334 560.00 1.90 6.10 0.84 2.30 0.10
3987 2004 335 850.00 1.60 3.70 0.73 3.10 0.00
3987 2004 336 820.00 2.40 4.90 0.75 4.10 0.00
3987 2004 337 820.00 -0.20 4.50 0.69 4.00 0.00
3987 2004 338 930.00 0.20 3.40 0.70 3.60 0.00
3987 2004 339 2400.00 -0.70 5.60 0.68 4.10 0.00
3987 2004 340 970.00 -0.80 6.10 0.69 4.30 0.20
3987 2004 341 1250.00 5.60 7.50 0.85 6.10 0.00
3987 2004 342 920.00 4.00 6.90 0.80 4.30 0.00
3987 2004 343 1242.57 2.80 5.20 0.75 4.10 0.00
3987 2004 344 930.00 -0.60 4.00 0.67 1.50 0.00
3987 2004 345 3040.00 -2.30 1.50 0.55 2.90 0.00
3987 2004 346 1010.00 -5.10 1.20 0.55 2.90 0.10
3987 2004 347 870.00 1.20 3.10 0.70 1.70 0.10
3987 2004 348 1250.00 -1.80 1.80 0.62 2.00 0.00
3987 2004 349 1760.96 -4.70 -1.70 0.48 2.80 0.00
3987 2004 350 3524.07 -4.90 4.60 0.48 4.70 0.00
3987 2004 351 3520.00 -0.50 4.90 0.52 5.30 1.00
3987 2004 352 940.00 0.20 6.30 0.69 6.40 3.20
3987 2004 353 1990.00 0.20 3.80 0.66 6.00 5.10
3987 2004 354 1650.00 -3.80 0.50 0.57 4.70 1.70
3987 2004 355 3560.00 -4.40 2.30 0.49 5.90 0.00
3987 2004 356 3850.00 -4.60 3.70 0.47 3.60 0.00
3987 2004 357 1350.00 -6.70 0.60 0.45 5.90 2.00
3987 2004 358 760.00 0.50 8.00 0.80 8.00 3.60
3987 2004 359 1680.00 2.90 8.30 0.83 8.20 2.00
3987 2004 360 1650.00 0.50 8.90 0.77 6.00 0.40
3987 2004 361 940.00 -0.70 3.40 0.66 3.60 5.50
3987 2004 362 580.00 -0.20 3.60 0.67 5.40 0.70
3987 2004 363 2480.00 -1.10 2.30 0.55 3.80 0.50
3987 2004 364 680.00 0.00 2.30 0.67 4.80 0.60
3987 2004 365 1600.00 0.10 4.60 0.66 5.20 0.00
3987 2004 366 1040.00 4.20 6.50 0.84 5.30 3.90
