*---------------------------------------------------------------------------*
* Station name: Potsdam Saekularstation
* Year: 2021
* Author: Pedro Alencar                                   -999.000: NIL VALUE
* Source: DWD
* Comments: Gaps filled with interpolation and storical means
* Longitude: 13.0622, latitude: 52.3812, altitude: 82.0 m.
*
    * Column  Daily value
    * 1       station number
    * 2       year
    * 3       day
    * 4       irradiation                   (kJ m-2 d-1)
    * 5       minimum temperature           (degrees Celsius
    * 6       maximum temperature           (degrees Celsius)
    * 7       early morning vapour pressure (kPa)
    * 8       mean wind speed (height: 2 m) (m s-1)
    * 9       precipitation                 (mm d-1)
    *
** WCCDESCRIPTION=Potsdam, Germany
** WCCFORMAT=2
** WCCYEARNR=2021
*---------------------------------------------------------------------------*
   13.0622 52.3812 82.0 -0.18 -0.55
3987 2021 1 1360.00 0.60 2.70 0.63 2.80 0.30
3987 2021 2 1990.00 -1.80 3.00 0.58 2.70 0.10
3987 2021 3 480.00 -1.70 1.10 0.59 4.60 6.90
3987 2021 4 290.00 0.20 0.50 0.61 3.60 0.40
3987 2021 5 420.00 0.40 2.30 0.64 3.40 1.30
3987 2021 6 1103.31 0.10 2.70 0.66 4.00 0.50
3987 2021 7 760.00 0.00 1.30 0.58 4.30 0.00
3987 2021 8 790.00 -0.50 1.00 0.59 2.80 0.50
3987 2021 9 540.00 -0.20 1.80 0.63 2.70 0.10
3987 2021 10 1980.00 -1.80 1.10 0.56 3.10 0.10
3987 2021 11 1210.00 -1.60 1.10 0.51 4.90 2.30
3987 2021 12 890.00 -0.40 2.90 0.62 6.30 1.60
3987 2021 13 1310.00 -0.70 3.20 0.58 7.00 5.10
3987 2021 14 2250.00 -0.70 2.70 0.58 4.40 0.00
3987 2021 15 710.00 -3.20 0.80 0.48 3.60 0.20
3987 2021 16 1790.00 -3.40 -1.20 0.39 4.10 0.00
3987 2021 17 2380.00 -5.50 -0.40 0.40 1.80 0.00
3987 2021 18 1450.00 -6.40 1.90 0.52 3.70 5.90
3987 2021 19 820.00 0.20 4.60 0.68 5.50 7.10
3987 2021 20 2320.00 2.70 7.90 0.69 5.70 0.20
3987 2021 21 3120.00 4.40 12.60 0.70 6.20 1.10
3987 2021 22 1670.00 0.60 10.50 0.74 5.80 0.50
3987 2021 23 990.00 -0.70 2.50 0.64 2.70 3.50
3987 2021 24 990.00 -0.80 1.40 0.62 2.40 0.90
3987 2021 25 2840.00 -0.30 2.70 0.60 3.30 0.00
3987 2021 26 4570.00 -2.80 2.60 0.54 4.30 0.00
3987 2021 27 5180.00 -1.60 4.60 0.56 3.80 0.20
3987 2021 28 2410.00 -2.60 3.50 0.60 3.40 0.00
3987 2021 29 2170.00 -3.20 0.40 0.47 3.30 6.80
3987 2021 30 2930.00 -4.80 1.70 0.50 2.40 0.00
3987 2021 31 7720.00 -8.80 0.20 0.37 2.80 0.00
3987 2021 32 4720.00 -9.80 0.00 0.35 4.80 0.10
3987 2021 33 3060.00 -1.30 2.50 0.60 3.30 1.80
3987 2021 34 3070.00 0.90 8.90 0.84 4.10 10.10
3987 2021 35 1100.00 -0.10 2.00 0.62 3.40 0.90
3987 2021 36 1810.00 -1.40 0.70 0.54 5.40 1.40
3987 2021 37 2480.00 -4.40 -0.80 0.40 7.10 0.00
3987 2021 38 1480.00 -7.80 -4.40 0.28 8.90 4.80
3987 2021 39 2120.00 -12.80 -6.60 0.24 5.30 4.60
3987 2021 40 2660.00 -12.00 -7.50 0.26 1.60 0.10
3987 2021 41 6040.00 -12.30 -4.40 0.27 2.10 0.10
3987 2021 42 5570.00 -8.70 -1.90 0.35 2.80 0.00
3987 2021 43 9040.00 -10.30 -1.40 0.32 2.40 0.00
3987 2021 44 8970.00 -12.90 -1.50 0.29 3.40 0.00
3987 2021 45 8950.00 -9.70 -0.60 0.33 2.90 0.00
3987 2021 46 6180.00 -13.00 0.60 0.31 4.30 4.50
3987 2021 47 2730.00 -1.70 4.50 0.66 3.40 2.30
3987 2021 48 3290.00 2.40 6.60 0.77 5.30 0.20
3987 2021 49 6960.00 3.40 10.40 0.76 3.70 3.60
3987 2021 50 8520.00 1.30 9.50 0.74 5.10 0.00
3987 2021 51 8430.00 -0.20 12.60 0.74 4.30 0.00
3987 2021 52 10100.00 3.30 16.70 0.78 4.60 0.00
3987 2021 53 10750.00 0.50 13.60 0.70 3.70 0.00
3987 2021 54 8200.00 5.60 18.50 0.89 4.00 0.00
3987 2021 55 9350.00 8.20 19.90 1.05 4.50 0.00
3987 2021 56 9980.00 7.70 19.70 0.97 4.30 1.20
3987 2021 57 3720.00 3.00 10.80 0.85 4.20 0.60
3987 2021 58 3290.00 0.80 6.40 0.69 4.30 0.00
3987 2021 59 2350.00 -0.60 3.40 0.66 3.60 0.00
3987 2021 60 7520.00 -0.60 7.80 0.67 2.40 0.00
3987 2021 61 9790.00 -2.40 10.60 0.63 1.30 0.00
3987 2021 62 11520.00 -1.40 15.30 0.73 3.70 0.00
3987 2021 63 1830.00 2.10 5.70 0.66 3.90 0.00
3987 2021 64 12760.00 -2.20 6.50 0.47 3.10 0.00
3987 2021 65 5810.00 -4.00 3.80 0.51 4.50 0.00
3987 2021 66 3530.00 1.20 4.20 0.54 5.80 0.70
3987 2021 67 14340.00 -2.60 6.40 0.43 2.50 0.00
3987 2021 68 11580.00 -3.30 7.10 0.34 3.30 0.00
3987 2021 69 12840.00 -3.40 8.70 0.39 4.00 1.30
3987 2021 70 5570.00 2.40 12.80 0.79 6.60 5.80
3987 2021 71 8240.00 3.40 10.40 0.68 6.80 1.40
3987 2021 72 4720.00 2.30 10.50 0.75 6.40 7.10
3987 2021 73 4670.00 2.60 7.70 0.73 6.70 2.60
3987 2021 74 6180.00 0.90 8.20 0.73 4.90 9.50
3987 2021 75 6840.00 0.80 8.10 0.63 5.10 0.00
3987 2021 76 7060.00 -1.30 6.00 0.63 2.70 0.60
3987 2021 77 8660.00 -1.60 7.30 0.60 2.60 1.50
3987 2021 78 8260.00 -3.80 4.30 0.49 3.90 0.20
3987 2021 79 11550.00 -3.60 4.20 0.39 3.70 0.00
3987 2021 80 7680.00 1.10 10.10 0.63 6.40 0.80
3987 2021 81 15050.00 -0.40 10.50 0.54 3.70 0.30
3987 2021 82 9616.68 3.70 7.80 0.75 3.80 0.00
3987 2021 83 12110.00 4.60 13.60 0.75 3.40 0.00
3987 2021 84 13770.00 3.60 16.30 0.78 2.60 0.40
3987 2021 85 11220.00 6.70 16.90 0.89 2.40 0.00
3987 2021 86 8160.00 1.50 11.10 0.75 6.40 2.80
3987 2021 87 11970.00 0.30 12.40 0.70 4.80 0.00
3987 2021 88 11400.00 8.90 20.40 0.84 5.20 0.00
3987 2021 89 18730.00 8.30 22.40 0.89 3.60 0.00
3987 2021 90 18880.00 8.40 24.70 0.80 2.60 0.00
3987 2021 91 7680.00 5.10 16.80 0.86 4.20 0.10
3987 2021 92 15580.00 0.50 13.10 0.66 4.60 0.00
3987 2021 93 13990.00 0.80 10.60 0.53 4.20 0.00
3987 2021 94 18340.00 -0.90 11.50 0.56 4.50 0.00
3987 2021 95 7520.00 -1.00 5.90 0.57 7.00 3.50
3987 2021 96 13750.00 -2.10 7.00 0.51 6.10 0.20
3987 2021 97 10880.00 0.70 7.00 0.55 6.80 0.10
3987 2021 98 9380.00 1.40 8.20 0.53 6.50 0.00
3987 2021 99 16580.00 0.10 14.10 0.57 5.00 1.20
3987 2021 100 5540.00 4.90 9.10 0.80 2.50 5.20
3987 2021 101 16050.00 3.10 20.90 0.98 5.20 6.30
3987 2021 102 9700.00 0.70 8.00 0.62 4.40 0.00
3987 2021 103 15460.00 -1.10 10.40 0.57 4.30 0.00
3987 2021 104 15310.00 -0.90 10.10 0.53 3.70 0.00
3987 2021 105 10710.00 -0.90 8.90 0.52 4.00 0.00
3987 2021 106 16540.00 3.10 13.00 0.57 4.10 0.00
3987 2021 107 10950.00 4.90 13.40 0.76 2.80 0.20
3987 2021 108 7140.00 4.30 12.40 0.94 2.30 6.70
3987 2021 109 11280.00 3.10 14.90 0.98 2.80 0.10
3987 2021 110 22990.00 3.30 18.80 0.81 2.40 0.00
3987 2021 111 21270.00 4.00 18.30 0.67 4.60 0.00
3987 2021 112 12590.00 3.80 12.50 0.59 6.70 0.30
3987 2021 113 16100.00 4.20 15.10 0.58 5.20 0.00
3987 2021 114 15670.00 1.80 12.30 0.61 3.70 0.00
3987 2021 115 15260.00 1.10 11.70 0.48 3.30 0.00
3987 2021 116 19440.00 -0.80 10.20 0.43 2.60 0.00
3987 2021 117 26250.00 -0.50 13.90 0.43 4.20 0.00
3987 2021 118 24400.00 2.20 18.60 0.57 4.40 1.20
3987 2021 119 12750.00 7.40 17.90 0.96 4.60 7.10
3987 2021 120 6840.00 6.50 10.50 0.83 4.00 0.00
3987 2021 121 13910.00 5.80 14.20 0.84 2.30 0.00
3987 2021 122 6820.00 5.60 12.90 0.90 4.00 2.60
3987 2021 123 13150.00 2.90 12.00 0.74 5.40 0.70
3987 2021 124 10700.00 5.10 15.90 0.80 6.90 1.80
3987 2021 125 15630.00 4.50 13.80 0.73 7.70 0.90
3987 2021 126 18720.00 2.50 12.70 0.67 4.80 0.70
3987 2021 127 10470.00 0.40 9.60 0.74 4.10 7.40
3987 2021 128 22840.00 2.10 15.50 0.68 3.40 0.00
3987 2021 129 26120.00 9.60 27.30 0.98 4.70 0.00
3987 2021 130 26450.00 12.50 30.70 1.18 4.10 0.00
3987 2021 131 21900.00 13.40 28.40 1.52 3.80 15.60
3987 2021 132 4040.00 11.40 14.00 1.38 4.10 9.00
3987 2021 133 1940.00 10.40 11.50 1.28 4.50 6.40
3987 2021 134 8860.00 7.40 13.30 1.15 4.50 1.80
3987 2021 135 19560.00 6.70 19.10 1.06 3.50 0.70
3987 2021 136 16980.00 7.60 18.30 1.07 3.80 0.80
3987 2021 137 23140.00 8.40 20.00 1.08 3.60 1.00
3987 2021 138 13920.00 7.80 16.40 1.05 4.10 0.50
3987 2021 139 22560.00 7.90 18.00 0.96 3.40 0.00
3987 2021 140 23400.00 9.40 18.20 0.94 3.90 0.00
3987 2021 141 20130.00 9.60 21.20 0.96 5.50 0.60
3987 2021 142 16620.00 8.80 17.30 1.02 5.90 0.40
3987 2021 143 18870.00 7.70 17.50 1.00 5.00 0.00
3987 2021 144 25870.00 7.40 21.80 0.96 4.20 1.00
3987 2021 145 15010.00 8.40 16.60 1.06 5.20 3.70
3987 2021 146 19650.00 8.10 16.90 0.98 5.40 0.00
3987 2021 147 16830.00 8.00 17.10 1.10 5.70 1.00
3987 2021 148 16490.00 8.20 17.90 1.05 4.40 0.30
3987 2021 149 16220.00 6.60 16.50 1.06 5.10 0.00
3987 2021 150 29160.00 7.20 21.40 0.84 3.70 0.00
3987 2021 151 30760.00 5.10 22.90 0.82 2.50 0.00
3987 2021 152 24030.00 10.30 24.60 1.10 3.90 0.00
3987 2021 153 25240.00 11.30 26.20 1.16 3.70 0.00
3987 2021 154 29510.00 12.30 28.60 1.12 4.20 0.40
3987 2021 155 17790.00 14.10 26.20 1.45 4.40 0.30
3987 2021 156 26980.00 13.80 29.00 1.37 4.00 0.00
3987 2021 157 20230.00 14.90 28.60 1.54 3.60 0.00
3987 2021 158 28740.00 12.40 27.50 1.21 3.70 0.00
3987 2021 159 25990.00 14.90 27.60 1.45 3.40 0.00
3987 2021 160 29810.00 13.40 27.70 1.16 2.30 0.00
3987 2021 161 25090.00 17.10 28.10 1.39 3.40 0.00
3987 2021 162 25430.00 17.00 27.60 1.44 2.90 0.00
3987 2021 163 11260.00 13.30 22.80 1.48 5.70 1.30
3987 2021 164 15410.00 10.70 20.90 1.07 5.60 0.00
3987 2021 165 30510.00 10.80 27.80 1.23 2.60 0.00
3987 2021 166 18150.00 14.60 23.80 1.50 3.10 0.00
3987 2021 167 30190.00 11.80 29.30 1.23 3.70 0.00
3987 2021 168 29660.00 17.60 34.60 1.42 4.00 0.00
3987 2021 169 30680.00 19.40 35.50 1.33 4.10 0.00
3987 2021 170 26240.00 20.00 36.00 1.89 3.00 1.60
3987 2021 171 22100.00 20.10 34.10 1.91 3.80 0.60
3987 2021 172 24400.00 19.40 31.40 1.88 4.20 0.00
3987 2021 173 10700.00 14.10 21.80 1.53 3.80 0.10
3987 2021 174 12620.00 13.10 19.80 1.34 2.50 0.00
3987 2021 175 8760.00 14.00 19.20 1.62 1.80 1.80
3987 2021 176 18460.00 15.60 24.90 1.48 2.30 0.00
3987 2021 177 27200.00 14.40 27.40 1.23 2.40 0.00
3987 2021 178 28550.00 13.30 28.20 1.32 2.30 0.00
3987 2021 179 25240.00 16.40 32.10 1.30 2.90 0.00
3987 2021 180 15070.00 17.80 28.40 1.83 2.80 24.10
3987 2021 181 3060.00 16.30 18.30 1.94 4.50 33.70
3987 2021 182 3570.00 13.90 16.30 1.67 5.50 7.40
3987 2021 183 20580.00 14.70 24.20 1.66 4.50 0.00
3987 2021 184 27890.00 13.60 25.30 1.43 3.60 0.00
3987 2021 185 25440.00 14.50 28.10 1.45 2.30 0.00
3987 2021 186 15520.00 16.00 25.80 1.71 3.30 1.30
3987 2021 187 23580.00 16.50 30.30 1.81 4.20 8.00
3987 2021 188 11650.00 16.10 22.40 1.81 2.60 6.20
3987 2021 189 7720.00 15.20 21.00 1.89 2.70 4.20
3987 2021 190 2840.00 13.90 19.00 1.85 4.40 21.80
3987 2021 191 23400.00 14.00 25.00 1.61 4.80 0.00
3987 2021 192 25760.00 15.20 28.90 1.60 3.90 0.00
3987 2021 193 14210.00 17.70 26.10 1.94 2.80 0.00
3987 2021 194 23840.00 17.00 29.80 1.86 3.50 2.20
3987 2021 195 12420.00 17.30 25.20 2.01 3.20 0.00
3987 2021 196 22380.00 15.60 27.50 1.83 2.40 0.00
3987 2021 197 19845.64 17.60 29.70 2.13 3.50 6.80
3987 2021 198 16380.00 18.20 28.90 2.10 4.00 0.00
3987 2021 199 24820.00 15.80 26.80 1.69 3.90 0.00
3987 2021 200 13130.00 13.80 20.30 1.29 3.70 0.00
3987 2021 201 14570.00 13.40 21.20 1.37 3.10 0.00
3987 2021 202 12220.00 12.80 22.90 1.56 2.70 0.00
3987 2021 203 11340.00 16.30 23.00 1.69 2.00 0.00
3987 2021 204 24990.00 14.60 25.40 1.56 2.10 0.00
3987 2021 205 23910.00 15.00 30.80 1.60 3.50 0.00
3987 2021 206 21550.00 18.60 30.70 1.77 3.70 0.00
3987 2021 207 18620.00 18.90 30.90 1.87 3.10 0.00
3987 2021 208 22420.00 17.50 27.80 1.68 4.30 0.00
3987 2021 209 15770.00 17.80 25.10 1.58 3.80 0.00
3987 2021 210 19026.09 13.70 25.30 1.34 5.30 0.00
3987 2021 211 23640.00 12.70 26.60 1.24 4.50 0.00
3987 2021 212 17270.00 16.00 24.50 1.28 5.90 0.00
3987 2021 213 14290.00 13.90 22.00 1.53 3.30 12.10
3987 2021 214 18850.00 12.40 22.40 1.34 4.50 0.00
3987 2021 215 15340.00 11.40 22.40 1.34 2.10 1.80
3987 2021 216 14230.00 14.50 22.50 1.60 2.40 0.50
3987 2021 217 15720.00 13.30 24.20 1.55 3.10 4.80
3987 2021 218 19200.00 14.10 26.30 1.65 2.90 19.00
3987 2021 219 18480.00 14.00 24.10 1.66 3.60 4.80
3987 2021 220 17860.00 12.50 23.30 1.53 5.20 1.80
3987 2021 221 15180.00 11.10 23.30 1.44 4.00 2.10
3987 2021 222 16550.00 12.80 23.60 1.56 3.70 4.20
3987 2021 223 22460.00 12.80 24.10 1.51 3.30 0.00
3987 2021 224 21680.00 14.30 27.20 1.43 2.30 0.00
3987 2021 225 20830.00 16.90 29.50 1.68 3.10 0.00
3987 2021 226 23750.00 15.70 27.50 1.47 3.30 0.00
3987 2021 227 21210.00 14.20 26.50 1.51 2.80 0.00
3987 2021 228 14340.00 11.60 25.20 1.43 6.30 2.20
3987 2021 229 7770.00 11.70 18.60 1.31 7.90 0.30
3987 2021 230 11380.00 13.00 20.10 1.36 5.90 0.20
3987 2021 231 8950.00 14.70 21.30 1.56 5.10 0.20
3987 2021 232 10690.00 14.10 21.00 1.63 3.20 0.80
3987 2021 233 19630.00 13.70 24.20 1.60 2.20 0.00
3987 2021 234 8830.00 14.90 21.40 1.69 3.50 11.80
3987 2021 235 5450.00 14.00 19.60 1.53 3.90 0.00
3987 2021 236 20970.00 10.20 21.90 1.22 3.70 0.00
3987 2021 237 14090.00 7.90 21.90 1.30 4.60 8.00
3987 2021 238 9180.00 12.10 16.90 1.44 5.00 17.40
3987 2021 239 13670.00 12.10 18.40 1.39 3.70 1.70
3987 2021 240 10840.00 12.20 19.50 1.48 2.20 0.80
3987 2021 241 7900.00 14.20 19.20 1.66 2.30 12.10
3987 2021 242 5680.00 13.70 17.90 1.68 3.30 3.20
3987 2021 243 13950.00 11.80 20.40 1.45 4.30 0.00
3987 2021 244 11860.00 11.40 19.90 1.47 3.90 0.00
3987 2021 245 14430.00 11.80 20.50 1.50 3.00 0.00
3987 2021 246 20090.00 10.70 23.60 1.45 3.50 0.00
3987 2021 247 8020.00 10.60 18.20 1.37 3.40 0.00
3987 2021 248 14100.00 10.10 22.30 1.39 2.10 0.00
3987 2021 249 18600.00 10.40 22.90 1.35 2.60 0.00
3987 2021 250 15430.00 12.90 22.60 1.47 2.00 0.00
3987 2021 251 18690.00 12.60 25.40 1.51 3.20 0.00
3987 2021 252 18770.00 12.20 27.40 1.41 3.80 0.00
3987 2021 253 14480.00 15.60 27.20 1.94 3.60 8.00
3987 2021 254 10150.00 15.80 23.40 2.03 3.20 3.50
3987 2021 255 7780.00 14.10 21.50 1.80 3.30 0.40
3987 2021 256 11930.00 12.10 19.60 1.54 3.10 0.00
3987 2021 257 17360.00 11.10 22.50 1.47 3.40 0.00
3987 2021 258 7270.00 14.30 23.60 1.86 4.20 9.90
3987 2021 259 7850.00 15.00 19.00 1.65 5.20 0.90
3987 2021 260 6130.00 12.70 16.40 1.36 5.10 0.00
3987 2021 261 5440.00 12.00 17.20 1.39 3.80 1.00
3987 2021 262 6240.00 11.20 15.50 1.11 2.50 0.00
3987 2021 263 7770.00 10.30 16.20 1.12 1.70 0.00
3987 2021 264 8580.00 9.80 15.50 1.17 3.80 0.10
3987 2021 265 10590.00 10.80 18.80 1.29 3.90 0.00
3987 2021 266 8417.71 9.70 19.30 1.29 7.00 0.50
3987 2021 267 7530.00 11.30 16.70 1.35 6.30 0.00
3987 2021 268 7040.00 14.70 21.00 1.66 4.20 0.00
3987 2021 269 13130.00 14.10 24.80 1.64 3.80 0.50
3987 2021 270 5100.00 14.30 19.50 1.77 3.30 0.20
3987 2021 271 6850.00 11.50 18.30 1.46 3.50 0.20
3987 2021 272 4050.00 8.60 16.80 1.44 3.70 16.70
3987 2021 273 10340.00 8.10 15.60 1.00 5.70 0.00
3987 2021 274 13040.00 6.60 18.00 0.97 4.40 0.00
3987 2021 275 11640.00 9.50 19.80 1.22 4.50 0.00
3987 2021 276 6310.00 14.10 22.10 1.32 5.30 0.20
3987 2021 277 2030.00 12.30 16.40 1.37 2.80 1.20
3987 2021 278 1320.00 10.40 13.50 1.36 2.90 9.40
3987 2021 279 8880.00 7.90 15.50 1.24 4.00 0.00
3987 2021 280 12760.00 6.30 17.70 1.10 2.20 0.00
3987 2021 281 11850.00 5.20 16.80 1.08 3.50 0.00
3987 2021 282 12800.00 3.60 15.10 0.78 4.50 0.00
3987 2021 283 12450.00 1.80 13.90 0.71 3.90 0.00
3987 2021 284 7250.00 3.70 13.90 0.98 4.70 1.30
3987 2021 285 8700.00 3.80 12.60 0.91 5.20 0.00
3987 2021 286 10410.00 3.00 11.40 0.85 4.40 1.80
3987 2021 287 2900.00 7.90 12.80 1.23 5.20 1.10
3987 2021 288 2630.00 6.20 12.80 1.12 5.70 1.20
3987 2021 289 6140.00 4.80 12.60 0.98 3.40 0.10
3987 2021 290 4790.00 5.50 12.10 0.99 3.80 0.80
3987 2021 291 7730.00 7.90 15.30 1.05 3.80 0.00
3987 2021 292 6000.00 7.90 16.10 1.20 4.20 0.00
3987 2021 293 3840.00 12.70 18.60 1.38 6.30 1.00
3987 2021 294 4500.00 6.20 16.30 1.10 9.30 1.40
3987 2021 295 2550.00 4.80 10.20 0.84 8.20 4.00
3987 2021 296 7740.00 4.70 11.00 0.85 5.80 0.00
3987 2021 297 9230.00 2.60 12.30 0.80 3.70 0.00
3987 2021 298 7260.00 2.10 11.00 0.80 4.50 0.00
3987 2021 299 3880.00 5.60 14.20 1.05 4.20 0.00
3987 2021 300 2560.00 9.50 13.80 1.17 4.20 0.00
3987 2021 301 8620.00 6.10 15.60 1.03 3.80 0.00
3987 2021 302 8490.00 3.80 14.40 0.90 4.00 0.00
3987 2021 303 7550.00 5.60 14.20 0.86 4.80 0.00
3987 2021 304 7830.00 9.00 17.50 1.06 4.90 0.00
3987 2021 305 1840.00 7.70 12.20 1.07 4.10 0.80
3987 2021 306 4920.00 4.70 11.80 1.03 2.50 0.00
3987 2021 307 4380.00 2.50 11.60 0.89 3.20 0.00
3987 2021 308 370.00 6.00 8.20 0.95 5.40 50.50
3987 2021 309 2110.00 5.70 9.80 0.98 5.70 0.00
3987 2021 310 3890.00 5.60 11.00 0.93 5.40 0.00
3987 2021 311 2340.00 5.90 9.60 0.90 6.70 1.60
3987 2021 312 3630.00 6.60 11.00 0.97 5.20 0.70
3987 2021 313 4080.00 3.20 11.30 0.96 3.20 0.00
3987 2021 314 5850.00 0.10 9.30 0.75 3.30 0.00
3987 2021 315 5280.00 0.40 9.10 0.83 2.80 0.30
3987 2021 316 2360.00 1.50 8.40 0.89 2.60 0.10
3987 2021 317 4020.00 1.90 8.30 0.80 2.80 0.00
3987 2021 318 1950.00 5.40 7.50 0.84 2.80 0.00
3987 2021 319 770.00 5.10 6.00 0.78 3.50 0.00
3987 2021 320 1290.00 4.70 7.40 0.83 2.70 0.00
3987 2021 321 1040.00 3.70 7.10 0.81 3.90 0.00
3987 2021 322 1770.00 4.30 10.10 0.93 6.00 2.00
3987 2021 323 680.00 9.00 12.40 1.15 7.40 0.00
3987 2021 324 1650.00 9.10 11.60 1.09 5.60 0.00
3987 2021 325 1160.00 3.60 9.30 0.94 4.20 0.50
3987 2021 326 4710.00 -1.20 6.20 0.66 3.50 0.20
3987 2021 327 1060.00 -0.70 6.70 0.83 4.90 0.50
3987 2021 328 1840.00 5.30 8.20 0.92 3.30 0.20
3987 2021 329 1150.00 2.60 5.30 0.68 3.40 0.00
3987 2021 330 4070.00 1.10 6.40 0.65 3.70 0.00
3987 2021 331 1610.00 -0.90 3.30 0.61 3.70 3.70
3987 2021 332 4510.00 -1.60 3.70 0.63 3.20 0.00
3987 2021 333 1230.00 1.00 3.00 0.67 4.00 0.30
3987 2021 334 590.00 1.00 6.00 0.67 7.70 4.50
3987 2021 335 790.00 0.90 8.30 0.79 6.90 2.90
3987 2021 336 4500.00 -3.10 5.40 0.51 7.60 0.00
3987 2021 337 3300.00 -3.20 2.60 0.51 6.00 0.40
3987 2021 338 920.00 0.20 2.00 0.63 3.90 3.80
3987 2021 339 740.00 0.10 1.30 0.63 2.00 0.30
3987 2021 340 1710.00 -1.40 1.70 0.59 1.90 0.00
3987 2021 341 1550.00 -2.10 0.20 0.54 4.60 0.00
3987 2021 342 1280.00 -1.20 0.90 0.52 5.40 0.00
3987 2021 343 1450.21 -2.10 -0.60 0.51 3.00 2.30
3987 2021 344 1380.00 -1.40 0.30 0.58 2.50 0.00
3987 2021 345 1240.00 -2.30 -0.30 0.55 2.10 0.00
3987 2021 346 1320.00 -2.80 4.60 0.63 4.50 0.80
3987 2021 347 820.00 4.40 9.00 0.98 3.30 1.30
3987 2021 348 1020.00 6.00 7.90 0.95 3.90 0.90
3987 2021 349 980.00 6.90 9.50 1.01 4.20 0.10
3987 2021 350 1250.00 3.10 8.80 0.93 5.00 0.10
3987 2021 351 880.00 4.60 6.40 0.81 4.10 0.10
3987 2021 352 770.00 4.40 7.30 0.89 4.40 0.60
3987 2021 353 680.00 0.30 7.00 0.83 6.90 1.60
3987 2021 354 3200.00 -1.60 2.50 0.58 4.20 0.40
3987 2021 355 810.00 -0.80 0.40 0.58 2.20 0.00
3987 2021 356 3650.00 -4.20 1.00 0.48 3.30 0.00
3987 2021 357 1090.00 -4.40 1.20 0.50 3.90 10.40
3987 2021 358 490.00 -4.90 5.70 0.69 5.10 7.80
3987 2021 359 3850.00 -8.80 -3.00 0.33 1.70 0.00
3987 2021 360 4140.00 -10.40 -3.60 0.29 4.80 0.00
3987 2021 361 1460.00 -8.70 -0.60 0.39 5.60 0.00
3987 2021 362 1270.00 -4.30 2.40 0.53 5.00 3.00
3987 2021 363 770.00 1.90 5.40 0.82 3.80 0.20
3987 2021 364 680.00 5.00 12.30 1.15 5.80 3.40
3987 2021 365 800.00 11.00 13.30 1.28 7.10 3.90
