*---------------------------------------------------------------------------*
* Station name: Potsdam Saekularstation
* Year: 2018
* Author: Pedro Alencar                                   -999.000: NIL VALUE
* Source: DWD
* Comments: Gaps filled with interpolation and storical means
* Longitude: 13.0622, latitude: 52.3812, altitude: 82.0 m.
*
    * Column  Daily value
    * 1       station number
    * 2       year
    * 3       day
    * 4       irradiation                   (kJ m-2 d-1)
    * 5       minimum temperature           (degrees Celsius
    * 6       maximum temperature           (degrees Celsius)
    * 7       early morning vapour pressure (kPa)
    * 8       mean wind speed (height: 2 m) (m s-1)
    * 9       precipitation                 (mm d-1)
    *
** WCCDESCRIPTION=Potsdam, Germany
** WCCFORMAT=2
** WCCYEARNR=2018
*---------------------------------------------------------------------------*
   13.0622 52.3812 82.0 -0.18 -0.55
3987 2018 1 2860.00 3.70 11.50 0.78 6.10 3.50
3987 2018 2 970.00 1.80 5.60 0.79 4.20 2.80
3987 2018 3 1990.00 1.60 7.90 0.80 7.70 14.30
3987 2018 4 1380.00 5.00 7.50 0.83 7.00 1.30
3987 2018 5 1730.00 3.90 9.60 0.80 6.20 0.00
3987 2018 6 2150.00 2.90 6.50 0.77 4.00 0.00
3987 2018 7 1870.00 -2.40 3.80 0.55 4.30 0.00
3987 2018 8 4020.00 -4.50 1.30 0.38 5.50 0.00
3987 2018 9 2120.00 -2.80 4.50 0.44 6.80 0.00
3987 2018 10 3270.00 -0.50 4.90 0.68 3.60 0.00
3987 2018 11 850.00 -0.30 2.50 0.66 1.50 1.40
3987 2018 12 450.00 0.60 2.20 0.68 3.90 0.00
3987 2018 13 970.00 -0.40 0.60 0.50 5.20 0.00
3987 2018 14 4280.00 -3.40 0.50 0.42 5.00 0.00
3987 2018 15 3940.00 -2.80 3.00 0.47 5.80 4.10
3987 2018 16 2590.00 0.20 5.00 0.69 6.10 1.30
3987 2018 17 1340.00 -1.10 2.00 0.60 5.70 2.70
3987 2018 18 520.00 0.30 5.20 0.64 8.00 5.90
3987 2018 19 1060.00 -0.30 3.60 0.66 3.70 2.20
3987 2018 20 2680.00 -1.10 2.80 0.62 3.40 0.30
3987 2018 21 950.00 -1.40 0.20 0.58 2.20 0.00
3987 2018 22 2100.00 -1.30 1.50 0.54 3.80 0.20
3987 2018 23 1880.00 -0.60 5.30 0.69 2.60 0.70
3987 2018 24 3060.00 4.70 10.60 0.98 5.80 0.20
3987 2018 25 930.00 6.90 10.50 1.01 4.00 9.00
3987 2018 26 860.00 5.30 7.00 0.95 2.10 0.70
3987 2018 27 2130.00 3.90 7.10 0.81 3.30 0.00
3987 2018 28 2040.00 5.20 9.20 0.89 7.10 0.50
3987 2018 29 1140.00 4.70 10.80 1.00 8.80 2.60
3987 2018 30 3070.00 1.40 6.50 0.66 6.90 0.00
3987 2018 31 1600.00 0.30 8.80 0.79 5.80 4.70
3987 2018 32 5290.00 0.20 5.90 0.62 4.80 0.00
3987 2018 33 3780.00 -1.00 4.70 0.60 4.70 0.40
3987 2018 34 1790.00 -1.10 2.40 0.59 3.30 0.10
3987 2018 35 6660.00 -3.70 2.50 0.49 2.30 0.10
3987 2018 36 4780.00 -4.90 2.40 0.45 2.70 0.00
3987 2018 37 7620.00 -6.70 0.20 0.33 3.00 0.00
3987 2018 38 4260.00 -5.20 1.80 0.39 2.80 0.00
3987 2018 39 7310.00 -7.80 1.30 0.36 1.70 0.00
3987 2018 40 6090.00 -7.80 1.70 0.41 2.80 0.00
3987 2018 41 3620.00 -1.40 3.50 0.51 3.30 0.00
3987 2018 42 2960.00 -0.60 3.40 0.59 4.90 0.90
3987 2018 43 5220.00 -2.10 5.20 0.56 4.90 0.10
3987 2018 44 7170.00 -3.20 4.90 0.48 3.60 0.00
3987 2018 45 8130.00 -4.20 4.40 0.45 3.40 0.00
3987 2018 46 5760.00 -3.60 2.60 0.49 4.40 0.30
3987 2018 47 7740.00 -1.20 6.90 0.60 5.20 0.00
3987 2018 48 2970.00 -1.50 4.00 0.59 2.40 0.00
3987 2018 49 3220.00 0.40 3.40 0.55 2.10 0.00
3987 2018 50 6780.00 -2.00 5.20 0.48 2.70 0.00
3987 2018 51 9210.00 -3.70 4.30 0.44 3.80 0.00
3987 2018 52 7310.00 -4.90 4.10 0.43 2.80 0.00
3987 2018 53 7790.00 -4.00 3.20 0.44 2.60 0.00
3987 2018 54 10420.00 -6.30 0.30 0.30 3.50 0.00
3987 2018 55 9230.00 -6.70 1.30 0.30 4.60 0.00
3987 2018 56 10590.00 -9.90 -1.20 0.26 2.70 0.00
3987 2018 57 8210.00 -10.60 -2.40 0.26 3.70 0.00
3987 2018 58 10040.00 -11.90 -2.80 0.20 3.10 0.00
3987 2018 59 9750.00 -12.20 -5.50 0.19 5.20 0.00
3987 2018 60 11590.00 -12.10 -4.00 0.19 5.60 0.00
3987 2018 61 11510.00 -13.30 -2.90 0.20 5.10 0.00
3987 2018 62 12050.00 -12.40 -1.60 0.22 4.70 0.00
3987 2018 63 11050.00 -9.50 4.40 0.27 4.90 0.30
3987 2018 64 7110.00 -3.40 10.00 0.50 3.60 0.00
3987 2018 65 6780.00 -3.50 5.60 0.54 3.40 6.90
3987 2018 66 2850.00 0.00 1.50 0.64 2.60 2.00
3987 2018 67 6150.00 0.30 9.40 0.69 4.70 5.70
3987 2018 68 6610.00 1.20 8.80 0.67 5.20 0.10
3987 2018 69 5200.00 0.00 9.90 0.86 3.90 0.60
3987 2018 70 10990.00 5.10 16.60 1.03 4.00 0.00
3987 2018 71 2520.00 5.60 9.90 1.04 3.90 11.60
3987 2018 72 5260.00 3.50 11.50 0.98 5.50 1.70
3987 2018 73 3020.00 2.50 5.70 0.71 3.70 0.00
3987 2018 74 3450.00 1.80 5.20 0.64 5.40 0.00
3987 2018 75 1340.00 -2.80 1.80 0.47 7.30 1.80
3987 2018 76 9960.00 -5.30 -1.10 0.26 9.00 0.00
3987 2018 77 15980.00 -6.20 1.70 0.21 8.50 0.00
3987 2018 78 16930.00 -6.80 4.10 0.23 4.10 0.00
3987 2018 79 5370.00 -5.60 2.00 0.44 3.40 3.00
3987 2018 80 15550.00 -5.30 6.50 0.45 3.90 0.00
3987 2018 81 2390.00 0.40 3.70 0.65 4.90 4.90
3987 2018 82 3210.00 1.10 3.70 0.72 2.00 2.20
3987 2018 83 9350.00 -0.70 7.10 0.59 2.80 0.00
3987 2018 84 15590.00 -1.00 11.50 0.58 2.40 0.00
3987 2018 85 6220.00 1.70 9.70 0.69 3.00 0.00
3987 2018 86 11040.00 -1.40 9.10 0.54 2.40 0.50
3987 2018 87 1670.00 0.30 1.80 0.62 5.20 8.50
3987 2018 88 5870.00 0.80 8.20 0.69 6.00 0.10
3987 2018 89 16120.00 -0.20 12.10 0.63 3.80 0.00
3987 2018 90 2310.00 0.90 4.70 0.68 4.30 2.60
3987 2018 91 3210.00 0.50 2.80 0.63 7.20 1.30
3987 2018 92 17940.00 -1.40 10.10 0.58 4.40 1.10
3987 2018 93 14770.00 4.70 19.40 0.98 4.60 0.00
3987 2018 94 16470.00 9.60 21.20 1.00 4.00 3.50
3987 2018 95 11590.00 2.60 15.60 0.91 6.50 1.30
3987 2018 96 20830.00 -0.10 13.30 0.57 3.60 0.00
3987 2018 97 20820.00 2.90 21.10 0.64 4.80 0.00
3987 2018 98 20170.00 8.00 21.30 0.92 4.20 0.00
3987 2018 99 18420.00 6.60 22.40 0.97 2.90 0.00
3987 2018 100 19050.00 10.70 25.20 1.08 5.00 0.50
3987 2018 101 16090.00 11.00 20.60 1.21 5.20 0.10
3987 2018 102 15210.00 9.70 25.30 1.20 6.20 0.00
3987 2018 103 7980.00 10.60 20.60 1.45 4.60 11.80
3987 2018 104 11190.00 9.10 18.00 1.27 4.20 9.40
3987 2018 105 17530.00 8.20 22.50 1.15 2.80 0.00
3987 2018 106 5440.00 9.60 13.90 1.28 2.40 1.40
3987 2018 107 19570.00 8.20 19.90 1.08 2.70 0.00
3987 2018 108 21960.00 9.70 24.90 1.09 3.00 0.00
3987 2018 109 21490.00 10.70 25.10 1.28 2.90 0.00
3987 2018 110 22240.00 11.70 28.50 1.32 4.00 0.00
3987 2018 111 22650.00 10.80 23.00 1.16 3.40 0.00
3987 2018 112 22150.00 8.30 24.90 1.12 3.10 0.40
3987 2018 113 15190.00 10.90 22.10 1.31 5.20 0.20
3987 2018 114 11110.00 8.10 17.00 1.05 4.40 0.40
3987 2018 115 12970.00 7.60 19.30 1.12 6.10 1.40
3987 2018 116 13760.00 5.80 14.20 0.98 5.20 3.20
3987 2018 117 19710.00 3.30 16.50 0.84 3.30 0.00
3987 2018 118 21730.00 6.30 22.70 0.92 3.50 0.00
3987 2018 119 22070.00 11.30 25.20 1.19 3.00 0.00
3987 2018 120 17530.00 10.90 23.80 1.21 5.90 0.00
3987 2018 121 22730.00 6.40 16.60 0.76 5.90 0.00
3987 2018 122 11440.00 4.90 15.20 0.82 3.40 0.00
3987 2018 123 21910.00 7.00 20.20 0.93 3.60 0.00
3987 2018 124 25970.00 5.30 19.70 0.70 2.90 0.00
3987 2018 125 25500.00 4.70 20.50 0.76 3.60 0.00
3987 2018 126 26490.00 7.60 23.30 0.99 3.70 0.00
3987 2018 127 26470.00 10.00 25.40 1.10 4.00 0.00
3987 2018 128 26370.00 10.80 26.70 1.09 4.30 0.00
3987 2018 129 24550.00 12.70 28.00 1.29 4.40 0.00
3987 2018 130 19150.00 14.60 27.50 1.51 4.00 0.00
3987 2018 131 7450.00 10.90 18.10 1.33 3.20 0.00
3987 2018 132 21310.00 10.10 23.70 1.44 3.20 0.00
3987 2018 133 26480.00 13.60 27.70 1.23 4.90 0.00
3987 2018 134 27270.00 12.50 25.40 0.99 5.40 0.00
3987 2018 135 15820.00 10.90 24.00 1.17 3.60 15.30
3987 2018 136 19000.00 11.40 22.50 1.42 2.80 0.00
3987 2018 137 22410.00 10.60 21.30 1.30 5.00 0.00
3987 2018 138 9380.00 9.50 14.10 1.14 4.00 0.00
3987 2018 139 23180.00 11.30 22.60 1.02 2.90 0.00
3987 2018 140 29150.00 8.00 22.90 0.79 4.30 0.00
3987 2018 141 28050.00 9.30 24.20 0.92 4.70 0.00
3987 2018 142 28240.00 10.70 25.70 0.94 3.80 0.00
3987 2018 143 26990.00 12.00 26.60 1.12 4.20 0.00
3987 2018 144 26440.00 13.90 26.00 1.19 5.40 0.00
3987 2018 145 25450.00 13.80 27.80 1.20 4.20 0.00
3987 2018 146 28610.00 14.00 28.30 1.29 3.20 0.00
3987 2018 147 19710.00 13.80 28.40 1.57 3.20 0.40
3987 2018 148 24460.00 15.80 32.20 1.60 4.50 0.00
3987 2018 149 28680.00 18.20 32.60 1.33 5.20 0.00
3987 2018 150 24070.00 18.20 33.20 1.56 3.60 0.00
3987 2018 151 24560.00 17.10 31.90 1.66 3.30 0.00
3987 2018 152 21710.00 18.10 30.40 1.90 3.20 15.70
3987 2018 153 15830.00 17.40 25.10 2.03 4.50 1.70
3987 2018 154 11530.00 16.40 24.00 1.94 3.30 0.30
3987 2018 155 24660.00 15.10 26.60 1.79 2.80 0.00
3987 2018 156 21250.00 13.80 24.50 1.44 3.30 0.00
3987 2018 157 29490.00 12.30 25.10 0.89 5.40 0.00
3987 2018 158 29270.00 12.00 29.00 0.99 4.70 0.00
3987 2018 159 29520.00 14.80 31.80 1.11 3.80 0.00
3987 2018 160 28160.00 17.80 32.10 1.42 3.60 0.00
3987 2018 161 16900.00 16.50 30.10 2.00 2.80 6.10
3987 2018 162 22580.00 15.50 24.50 1.52 3.40 0.00
3987 2018 163 21650.00 13.40 21.10 1.18 3.60 0.00
3987 2018 164 8290.00 13.80 16.90 1.23 3.80 0.00
3987 2018 165 29650.00 10.90 23.90 1.04 2.60 0.00
3987 2018 166 18620.00 15.30 24.60 1.45 2.60 0.00
3987 2018 167 19190.00 16.50 26.80 1.41 2.40 0.00
3987 2018 168 23680.00 14.20 25.90 1.35 4.50 0.00
3987 2018 169 16460.00 13.40 24.80 1.32 3.40 0.00
3987 2018 170 17500.00 16.40 25.60 1.58 4.10 0.00
3987 2018 171 18330.00 15.60 28.90 1.69 2.50 0.00
3987 2018 172 15980.00 10.50 27.60 1.36 5.90 1.00
3987 2018 173 14680.00 9.70 18.70 1.08 5.80 3.40
3987 2018 174 14170.00 11.00 18.00 1.24 7.00 2.10
3987 2018 175 7560.00 11.20 14.70 1.41 4.80 2.90
3987 2018 176 18450.00 11.20 22.40 1.42 3.60 0.00
3987 2018 177 16790.00 11.40 24.30 1.42 3.60 0.00
3987 2018 178 21510.00 11.70 25.20 1.34 3.50 0.00
3987 2018 179 23360.00 14.40 29.00 1.48 4.00 0.00
3987 2018 180 28720.00 14.30 30.80 1.34 4.00 0.00
3987 2018 181 27200.00 11.30 23.20 0.93 4.40 0.00
3987 2018 182 27880.00 8.90 23.80 0.89 3.70 0.00
3987 2018 183 28600.00 8.60 25.20 0.96 2.70 0.00
3987 2018 184 30400.00 11.70 28.90 1.02 3.10 0.00
3987 2018 185 29760.00 14.50 31.90 1.10 2.50 0.00
3987 2018 186 27020.00 17.20 32.10 1.37 3.10 0.00
3987 2018 187 13080.00 14.10 23.90 1.31 4.90 0.00
3987 2018 188 28750.00 11.30 27.40 1.12 5.20 0.00
3987 2018 189 18920.00 13.80 27.70 1.46 3.80 0.00
3987 2018 190 23950.00 14.80 24.20 1.33 4.50 0.00
3987 2018 191 13490.00 13.60 20.20 1.23 2.00 0.00
3987 2018 192 19380.00 12.30 24.70 1.39 1.70 32.40
3987 2018 193 6500.00 13.90 20.70 1.74 4.20 6.80
3987 2018 194 26380.00 14.60 27.60 1.63 4.00 0.00
3987 2018 195 28680.00 13.80 24.50 1.50 3.90 0.00
3987 2018 196 28420.00 12.50 25.80 1.37 2.30 0.00
3987 2018 197 27360.00 14.40 28.90 1.54 2.10 0.00
3987 2018 198 23410.00 15.70 30.50 1.62 3.10 0.00
3987 2018 199 25190.00 17.80 27.10 1.56 4.80 0.00
3987 2018 200 18180.00 15.60 27.50 1.47 3.70 0.00
3987 2018 201 26350.00 13.90 28.50 1.26 2.70 0.00
3987 2018 202 23200.00 15.00 28.80 1.30 3.20 0.00
3987 2018 203 13960.00 17.60 27.90 1.51 2.00 0.00
3987 2018 204 27530.00 16.00 28.70 1.55 3.40 0.00
3987 2018 205 26620.00 16.20 31.50 1.69 2.10 0.00
3987 2018 206 24890.00 19.70 33.20 1.77 2.70 0.00
3987 2018 207 26730.00 17.60 33.40 1.72 3.30 0.00
3987 2018 208 23820.00 18.60 33.20 1.87 3.70 0.00
3987 2018 209 24290.00 19.10 34.00 1.94 3.50 5.60
3987 2018 210 24160.00 16.50 29.60 1.79 2.90 0.00
3987 2018 211 24210.00 20.60 34.00 1.74 4.00 0.00
3987 2018 212 25060.00 20.10 36.30 1.62 3.90 7.10
3987 2018 213 16800.00 20.40 31.70 2.14 3.60 0.00
3987 2018 214 18950.00 21.20 31.00 1.96 3.70 0.00
3987 2018 215 24650.00 19.60 33.40 1.57 2.90 0.00
3987 2018 216 23350.00 20.20 34.40 1.71 3.00 1.30
3987 2018 217 20620.00 16.10 26.00 1.56 3.80 0.00
3987 2018 218 25980.00 14.30 30.00 1.33 2.70 0.00
3987 2018 219 24410.00 16.20 36.10 1.32 3.60 0.00
3987 2018 220 20570.00 20.90 37.80 1.54 3.80 0.00
3987 2018 221 22660.00 20.10 34.90 1.95 3.80 3.80
3987 2018 222 16710.00 17.00 24.20 1.42 5.00 0.00
3987 2018 223 17950.00 14.00 23.70 1.08 5.80 0.00
3987 2018 224 23660.00 10.80 27.50 1.02 3.60 0.00
3987 2018 225 18030.00 14.40 33.00 1.26 3.50 0.00
3987 2018 226 13190.00 16.50 24.60 1.72 4.70 1.50
3987 2018 227 17600.00 15.70 25.60 1.56 3.90 0.00
3987 2018 228 22540.00 15.70 30.10 1.46 3.10 0.00
3987 2018 229 21220.00 16.70 32.40 1.51 3.80 0.00
3987 2018 230 17340.00 17.10 26.60 1.50 2.40 0.00
3987 2018 231 21750.00 15.10 31.10 1.34 2.50 0.00
3987 2018 232 7980.00 16.10 23.90 1.66 4.40 0.00
3987 2018 233 21010.00 14.60 25.10 1.27 3.00 0.00
3987 2018 234 22000.00 12.50 28.90 1.23 3.00 0.00
3987 2018 235 19500.00 17.60 34.80 1.47 3.40 0.00
3987 2018 236 11130.00 15.30 23.60 1.46 4.20 0.00
3987 2018 237 11190.00 11.40 21.50 1.12 3.90 0.40
3987 2018 238 16910.00 9.30 20.70 0.93 3.90 0.00
3987 2018 239 9100.00 11.50 22.70 1.09 5.10 0.10
3987 2018 240 15150.00 14.20 23.20 1.28 3.30 0.00
3987 2018 241 19650.00 11.80 28.40 1.22 4.20 0.30
3987 2018 242 12691.36 13.20 20.10 1.55 5.10 2.70
3987 2018 243 16840.00 10.70 20.90 1.15 4.00 0.00
3987 2018 244 18160.00 9.90 23.50 1.18 2.60 0.00
3987 2018 245 4810.00 13.80 22.40 1.51 3.40 0.10
3987 2018 246 15930.00 17.30 29.40 1.57 4.60 0.00
3987 2018 247 16880.00 14.50 27.40 1.46 2.80 0.00
3987 2018 248 11900.00 13.80 26.10 1.50 2.70 0.00
3987 2018 249 15160.00 14.80 26.10 1.42 4.10 0.70
3987 2018 250 9460.00 12.80 23.60 1.48 3.10 0.30
3987 2018 251 18610.00 10.20 22.70 1.01 3.10 0.00
3987 2018 252 17130.00 13.40 26.40 0.90 2.80 0.00
3987 2018 253 10000.00 13.60 26.40 1.12 3.20 0.00
3987 2018 254 14250.00 15.50 26.70 1.21 4.40 0.00
3987 2018 255 15340.00 15.20 28.40 1.38 4.50 0.20
3987 2018 256 4330.00 13.20 16.30 1.36 2.20 0.70
3987 2018 257 9980.00 12.70 20.50 1.27 1.90 0.00
3987 2018 258 12360.00 11.30 21.20 1.13 4.30 0.00
3987 2018 259 12950.00 10.10 23.00 1.07 2.80 0.00
3987 2018 260 15090.00 11.70 27.90 0.96 3.10 0.00
3987 2018 261 15900.00 12.60 31.00 1.11 4.30 0.00
3987 2018 262 14470.00 14.90 29.40 1.35 3.60 0.00
3987 2018 263 13780.00 16.60 29.40 1.34 3.50 0.00
3987 2018 264 9610.00 10.60 29.90 1.36 6.30 2.20
3987 2018 265 8990.00 9.60 17.40 0.99 5.50 0.70
3987 2018 266 8006.17 8.10 13.10 1.09 3.70 15.30
3987 2018 267 12260.00 5.90 13.90 0.86 7.80 0.00
3987 2018 268 14400.00 4.20 14.80 0.73 4.40 0.00
3987 2018 269 12350.00 4.60 17.40 0.71 5.40 0.00
3987 2018 270 12830.00 13.20 23.40 1.25 4.60 0.00
3987 2018 271 11560.00 5.80 17.10 0.87 4.40 0.00
3987 2018 272 14620.00 4.00 15.40 0.74 2.70 0.00
3987 2018 273 14090.00 4.60 18.80 0.68 3.70 0.00
3987 2018 274 7640.00 4.80 14.10 0.90 4.00 0.70
3987 2018 275 7369.41 4.40 10.70 0.91 6.20 0.90
3987 2018 276 9190.00 8.00 14.60 0.90 8.00 0.00
3987 2018 277 6540.00 7.70 15.00 1.08 4.10 0.00
3987 2018 278 12440.00 9.90 20.30 1.05 3.70 0.00
3987 2018 279 10920.00 8.50 22.70 1.14 4.20 0.00
3987 2018 280 4980.00 5.20 15.30 1.01 4.20 0.00
3987 2018 281 10670.00 2.90 15.20 0.80 2.90 0.00
3987 2018 282 8540.00 6.20 19.40 1.11 2.80 0.00
3987 2018 283 11450.00 9.10 23.40 1.27 4.10 0.00
3987 2018 284 11480.00 11.00 24.10 1.13 4.90 0.00
3987 2018 285 10750.00 10.30 25.30 1.15 3.70 0.00
3987 2018 286 10690.00 10.30 25.60 1.14 3.80 0.00
3987 2018 287 10670.00 9.50 23.60 1.03 4.60 0.00
3987 2018 288 9020.00 9.50 22.10 0.88 3.80 0.00
3987 2018 289 8630.00 8.90 21.30 0.97 2.70 0.00
3987 2018 290 9070.00 8.10 20.30 1.08 1.90 0.00
3987 2018 291 4610.00 7.90 13.50 1.20 2.70 0.00
3987 2018 292 8790.00 4.40 14.20 0.88 2.50 0.00
3987 2018 293 6310.00 3.40 13.00 0.80 3.00 0.00
3987 2018 294 9020.00 5.10 14.50 0.88 2.80 0.00
3987 2018 295 2830.00 3.80 11.20 0.89 3.90 2.50
3987 2018 296 1110.00 4.00 11.40 1.00 8.60 6.20
3987 2018 297 6220.00 5.50 11.90 0.80 6.50 1.50
3987 2018 298 2420.00 9.30 12.70 1.07 7.40 0.40
3987 2018 299 2600.00 6.60 12.20 0.96 4.40 0.00
3987 2018 300 3390.00 2.80 9.30 0.74 5.10 0.00
3987 2018 301 3320.00 2.40 8.20 0.72 4.30 0.10
3987 2018 302 1110.00 3.70 6.00 0.72 6.70 0.10
3987 2018 303 6700.00 6.10 20.00 0.97 6.70 0.10
3987 2018 304 7770.00 5.60 12.50 0.71 4.80 0.00
3987 2018 305 4310.00 3.60 11.20 0.87 4.30 0.00
3987 2018 306 4770.00 5.50 13.20 0.89 3.60 0.00
3987 2018 307 3490.00 4.00 10.40 0.86 2.20 0.00
3987 2018 308 1430.00 4.40 10.70 1.05 3.50 0.00
3987 2018 309 4080.00 9.00 14.30 1.13 4.00 0.00
3987 2018 310 6460.00 7.90 17.90 1.08 4.00 0.00
3987 2018 311 5760.00 6.70 15.20 1.10 3.30 0.00
3987 2018 312 3800.00 5.40 14.20 1.05 3.00 0.20
3987 2018 313 2320.00 6.70 10.90 1.07 3.30 0.00
3987 2018 314 4170.00 4.40 11.80 0.97 3.60 0.30
3987 2018 315 2220.00 6.20 11.00 1.03 4.00 1.40
3987 2018 316 2670.00 8.40 15.70 1.07 4.60 1.10
3987 2018 317 1860.00 6.30 11.90 1.12 4.10 9.90
3987 2018 318 4740.00 4.50 11.00 0.93 3.70 0.00
3987 2018 319 2460.00 3.40 9.70 0.84 3.80 0.00
3987 2018 320 5600.00 0.80 8.90 0.67 4.60 0.00
3987 2018 321 5580.00 -2.90 5.60 0.55 4.80 0.00
3987 2018 322 3050.00 -3.30 5.10 0.58 3.10 0.00
3987 2018 323 2030.00 2.00 5.50 0.67 5.90 0.40
3987 2018 324 620.00 1.60 3.20 0.53 7.00 0.00
3987 2018 325 1300.00 0.40 1.80 0.52 5.70 0.00
3987 2018 326 1000.00 0.40 1.90 0.54 4.30 0.00
3987 2018 327 930.00 0.20 3.30 0.64 3.10 0.00
3987 2018 328 1040.00 -0.60 2.70 0.65 2.30 0.20
3987 2018 329 1850.00 2.40 6.30 0.77 2.80 0.40
3987 2018 330 910.00 -0.30 3.80 0.62 3.70 0.00
3987 2018 331 2170.00 -3.40 1.90 0.50 2.00 0.00
3987 2018 332 4330.00 -2.00 3.00 0.44 3.50 0.00
3987 2018 333 3510.00 -2.50 3.00 0.37 5.60 0.00
3987 2018 334 1210.00 0.20 1.80 0.47 3.90 1.50
3987 2018 335 2320.00 0.70 6.70 0.74 3.70 0.00
3987 2018 336 1120.00 3.80 10.40 0.88 5.50 2.90
3987 2018 337 2300.00 7.80 12.90 1.15 5.10 1.20
3987 2018 338 3140.00 1.00 10.00 0.76 6.50 0.00
3987 2018 339 3800.00 -0.60 6.50 0.59 4.10 0.00
3987 2018 340 860.00 0.90 9.20 0.72 4.40 0.70
3987 2018 341 870.00 8.70 12.00 1.15 5.60 6.30
3987 2018 342 1460.00 4.30 8.70 0.77 7.50 2.10
3987 2018 343 1557.39 5.20 8.10 0.85 7.50 0.60
3987 2018 344 1660.00 3.10 5.70 0.66 8.60 0.10
3987 2018 345 690.00 1.70 4.60 0.69 6.30 0.60
3987 2018 346 1180.00 0.80 3.60 0.67 2.60 0.10
3987 2018 347 770.00 0.10 2.90 0.61 2.40 0.00
3987 2018 348 1080.00 -2.10 0.50 0.49 3.00 0.00
3987 2018 349 920.00 -1.10 0.60 0.49 2.40 0.00
3987 2018 350 1230.00 -1.70 0.20 0.44 3.30 0.00
3987 2018 351 1430.00 -1.80 2.00 0.58 1.90 0.30
3987 2018 352 2120.00 -1.00 6.20 0.71 3.30 0.00
3987 2018 353 1727.59 -1.30 3.20 0.60 4.20 0.00
3987 2018 354 1810.00 2.00 5.70 0.73 3.50 1.30
3987 2018 355 780.00 3.60 10.80 0.89 5.60 6.50
3987 2018 356 780.00 3.50 9.00 0.80 5.60 6.10
3987 2018 357 1200.00 3.70 7.20 0.86 4.80 2.90
3987 2018 358 690.00 0.20 5.20 0.61 4.90 0.10
3987 2018 359 1130.00 2.70 5.50 0.70 6.90 0.00
3987 2018 360 410.00 4.10 6.00 0.81 6.20 0.10
3987 2018 361 650.00 3.50 5.50 0.82 5.30 0.10
3987 2018 362 680.00 4.80 6.50 0.85 5.10 0.80
3987 2018 363 590.00 4.30 6.40 0.85 5.00 4.70
3987 2018 364 1390.00 1.60 7.40 0.80 6.60 0.20
3987 2018 365 1250.00 1.40 7.90 0.86 3.50 0.30
