*---------------------------------------------------------------------------*
* Station name: Potsdam Saekularstation
* Year: 2006
* Author: Pedro Alencar                                   -999.000: NIL VALUE
* Source: DWD
* Comments: Gaps filled with interpolation and storical means
* Longitude: 13.0622, latitude: 52.3812, altitude: 82.0 m.
*
    * Column  Daily value
    * 1       station number
    * 2       year
    * 3       day
    * 4       irradiation                   (kJ m-2 d-1)
    * 5       minimum temperature           (degrees Celsius
    * 6       maximum temperature           (degrees Celsius)
    * 7       early morning vapour pressure (kPa)
    * 8       mean wind speed (height: 2 m) (m s-1)
    * 9       precipitation                 (mm d-1)
    *
** WCCDESCRIPTION=Potsdam, Germany
** WCCFORMAT=2
** WCCYEARNR=2006
*---------------------------------------------------------------------------*
   13.0622 52.3812 82.0 -0.18 -0.55
3987 2006 1 1960.00 -1.00 4.60 0.68 4.30 0.00
3987 2006 2 1900.00 -0.60 2.90 0.65 1.90 0.00
3987 2006 3 950.00 -1.00 1.20 0.62 2.70 0.00
3987 2006 4 1130.00 -1.20 0.90 0.56 2.50 0.00
3987 2006 5 470.00 -0.90 1.00 0.59 6.60 0.00
3987 2006 6 450.00 -2.40 -0.60 0.51 6.30 0.00
3987 2006 7 730.00 -5.10 -1.20 0.50 5.80 0.00
3987 2006 8 2110.00 -8.00 -4.20 0.37 5.40 0.00
3987 2006 9 4100.00 -10.10 -3.80 0.31 4.70 0.00
3987 2006 10 4150.00 -8.60 -0.80 0.37 3.80 0.00
3987 2006 11 4370.00 -5.50 3.50 0.46 4.80 1.40
3987 2006 12 3110.00 0.70 4.60 0.67 2.40 0.00
3987 2006 13 1560.00 -2.30 1.10 0.59 4.10 0.00
3987 2006 14 4350.00 -5.60 1.20 0.47 4.20 0.00
3987 2006 15 4740.00 -7.80 -1.20 0.36 4.60 0.00
3987 2006 16 4430.00 -9.10 -1.10 0.33 4.20 0.00
3987 2006 17 3790.00 -7.20 -0.10 0.39 4.70 5.70
3987 2006 18 690.00 -3.70 0.30 0.50 3.40 0.80
3987 2006 19 1700.00 -4.20 -1.80 0.43 2.30 3.10
3987 2006 20 970.00 -4.50 3.30 0.57 5.00 6.20
3987 2006 21 1280.00 -7.20 3.50 0.65 4.40 2.70
3987 2006 22 5460.00 -15.80 -7.20 0.19 3.60 0.00
3987 2006 23 5490.00 -18.00 -12.30 0.12 3.30 0.00
3987 2006 24 5410.00 -17.70 -7.40 0.17 3.50 0.00
3987 2006 25 3050.00 -7.60 -2.50 0.28 3.70 0.00
3987 2006 26 4930.00 -9.80 -3.10 0.27 3.00 0.00
3987 2006 27 5480.00 -12.30 -3.30 0.24 3.70 0.00
3987 2006 28 5820.00 -11.80 -2.20 0.25 2.50 0.00
3987 2006 29 4860.58 -9.80 0.50 0.30 1.40 0.00
3987 2006 30 3030.00 -7.60 0.00 0.45 3.80 0.00
3987 2006 31 1830.00 -2.60 0.60 0.56 4.70 0.00
3987 2006 32 2240.00 -3.80 -1.30 0.50 3.60 0.00
3987 2006 33 940.00 -3.60 -1.30 0.51 3.30 0.10
3987 2006 34 1410.00 -1.60 0.40 0.58 2.80 0.30
3987 2006 35 3580.00 -8.30 0.40 0.48 2.80 1.90
3987 2006 36 5940.00 -9.30 -1.80 0.30 2.20 0.00
3987 2006 37 5130.00 -10.50 0.20 0.35 4.20 8.30
3987 2006 38 1020.00 0.10 4.50 0.74 7.60 6.10
3987 2006 39 1340.00 1.50 3.80 0.73 6.10 3.30
3987 2006 40 4130.00 -0.10 3.40 0.60 7.50 10.50
3987 2006 41 980.00 -0.30 0.40 0.60 4.00 0.60
3987 2006 42 4080.00 -1.00 1.90 0.57 2.80 0.40
3987 2006 43 5630.00 -2.70 2.60 0.52 2.70 0.00
3987 2006 44 3680.00 -2.80 2.80 0.52 2.70 0.00
3987 2006 45 8740.00 -6.20 3.00 0.41 2.90 0.00
3987 2006 46 4230.00 -3.20 4.30 0.60 4.80 3.00
3987 2006 47 3570.00 1.00 5.30 0.73 3.50 1.00
3987 2006 48 2500.00 1.10 5.80 0.74 3.80 3.50
3987 2006 49 6690.00 2.60 9.00 0.70 4.80 0.00
3987 2006 50 4410.00 -0.30 6.80 0.71 3.60 0.00
3987 2006 51 3474.05 -1.00 3.40 0.63 3.50 3.70
3987 2006 52 3055.30 0.10 2.60 0.61 3.80 0.00
3987 2006 53 1710.00 -1.10 0.80 0.48 3.30 0.00
3987 2006 54 6020.00 -4.30 1.30 0.42 1.70 0.00
3987 2006 55 10230.00 -4.20 4.20 0.41 6.60 0.00
3987 2006 56 1800.00 -2.80 -1.50 0.40 4.60 0.00
3987 2006 57 4280.00 -6.00 2.00 0.43 2.70 0.80
3987 2006 58 11230.00 -7.90 2.60 0.36 3.20 0.00
3987 2006 59 5470.00 -6.00 2.60 0.47 4.60 0.20
3987 2006 60 6290.00 -2.50 3.30 0.54 4.30 1.20
3987 2006 61 7760.00 -3.40 3.60 0.43 5.40 0.00
3987 2006 62 7860.00 -4.00 3.20 0.42 3.70 0.00
3987 2006 63 8660.00 -4.90 3.90 0.42 3.90 0.00
3987 2006 64 7130.00 -3.80 4.80 0.48 5.40 2.20
3987 2006 65 6130.00 -7.70 2.40 0.48 3.20 1.60
3987 2006 66 9510.00 -3.80 2.90 0.48 3.10 0.00
3987 2006 67 10680.00 -5.90 4.10 0.41 4.00 0.10
3987 2006 68 3670.00 -2.30 0.60 0.51 3.50 2.60
3987 2006 69 2180.00 -1.10 0.80 0.59 2.30 6.90
3987 2006 70 4130.00 -5.10 -0.60 0.46 3.80 3.70
3987 2006 71 6300.00 -6.40 -0.50 0.42 3.90 0.20
3987 2006 72 9840.00 -9.20 0.90 0.36 2.60 0.00
3987 2006 73 12160.00 -8.60 2.60 0.34 2.10 0.00
3987 2006 74 4950.00 -5.20 1.10 0.47 2.40 0.00
3987 2006 75 7760.00 -0.70 5.50 0.53 3.10 0.00
3987 2006 76 7190.00 -0.80 4.60 0.54 3.20 0.00
3987 2006 77 2500.00 -2.00 -0.10 0.53 2.60 0.00
3987 2006 78 5690.00 -2.50 2.10 0.53 4.40 0.00
3987 2006 79 3570.00 -0.20 4.40 0.62 3.20 0.00
3987 2006 80 12330.00 -2.90 4.50 0.44 2.10 0.00
3987 2006 81 14960.00 -4.00 5.70 0.42 2.90 0.00
3987 2006 82 17920.00 -4.30 6.20 0.38 2.00 0.00
3987 2006 83 15150.00 -3.90 9.00 0.36 5.10 1.30
3987 2006 84 2530.00 0.60 5.20 0.72 3.40 2.20
3987 2006 85 5020.00 2.90 14.90 1.06 4.50 9.30
3987 2006 86 7840.00 9.00 19.00 1.28 4.40 1.30
3987 2006 87 11340.00 6.70 16.00 0.92 5.00 0.90
3987 2006 88 8660.00 2.60 12.20 0.84 5.10 0.80
3987 2006 89 6300.00 1.50 10.90 0.95 5.20 4.60
3987 2006 90 8820.00 7.00 14.70 1.11 6.80 3.50
3987 2006 91 8920.00 6.30 14.80 1.00 4.70 0.10
3987 2006 92 13110.00 3.90 16.30 0.92 4.60 2.90
3987 2006 93 7700.00 1.60 13.00 0.85 6.00 1.80
3987 2006 94 10540.00 0.60 8.70 0.69 4.20 2.20
3987 2006 95 18250.00 -0.60 8.70 0.54 4.90 0.00
3987 2006 96 14120.00 -1.80 9.70 0.58 3.80 0.00
3987 2006 97 12640.00 2.40 12.80 0.65 4.10 0.00
3987 2006 98 17660.00 3.40 16.10 0.58 5.30 0.00
3987 2006 99 16550.00 2.50 12.30 0.60 5.20 0.00
3987 2006 100 11100.00 1.40 8.80 0.62 2.80 0.00
3987 2006 101 8480.00 -0.20 7.60 0.60 3.30 0.00
3987 2006 102 5890.00 2.20 7.10 0.73 3.10 0.80
3987 2006 103 8900.00 2.70 11.60 0.87 4.60 3.30
3987 2006 104 11850.00 3.30 12.70 0.82 6.20 0.10
3987 2006 105 20160.00 2.40 14.30 0.67 3.50 1.90
3987 2006 106 5960.00 7.30 16.30 1.16 4.60 6.00
3987 2006 107 7830.00 5.50 12.90 1.03 3.90 2.80
3987 2006 108 14880.00 4.50 15.40 0.86 4.50 0.10
3987 2006 109 15170.00 5.20 15.30 0.87 2.70 0.00
3987 2006 110 20420.00 6.80 18.70 0.86 3.60 0.00
3987 2006 111 13570.00 7.40 20.60 0.94 3.40 0.30
3987 2006 112 6790.00 8.70 14.40 1.21 2.00 16.30
3987 2006 113 11990.00 7.00 15.70 1.07 2.40 0.10
3987 2006 114 10340.00 7.20 15.00 1.05 2.50 0.00
3987 2006 115 23540.00 5.80 22.00 0.98 3.20 0.00
3987 2006 116 12040.00 10.50 23.20 1.19 3.40 7.10
3987 2006 117 3010.00 8.90 13.80 1.43 2.70 0.90
3987 2006 118 17680.00 6.40 14.90 0.80 3.60 0.10
3987 2006 119 5790.00 3.10 8.10 0.87 2.50 4.20
3987 2006 120 14610.00 2.60 12.80 0.75 3.00 0.00
3987 2006 121 21830.00 3.60 15.80 0.76 3.80 0.30
3987 2006 122 14850.00 7.80 18.60 0.94 3.10 0.00
3987 2006 123 24610.00 7.00 24.00 1.00 4.00 0.00
3987 2006 124 23790.00 10.50 24.30 0.99 5.30 0.00
3987 2006 125 22160.00 9.80 23.60 0.86 5.10 0.00
3987 2006 126 19390.00 9.90 24.20 0.75 4.40 0.00
3987 2006 127 23120.00 10.90 25.10 0.78 4.40 0.00
3987 2006 128 22102.92 10.60 24.60 0.88 3.90 0.00
3987 2006 129 25050.00 10.10 24.70 0.92 4.60 0.00
3987 2006 130 27000.00 7.20 24.40 0.77 3.90 0.00
3987 2006 131 25812.15 6.90 25.00 0.80 2.40 0.00
3987 2006 132 24710.00 10.90 26.10 0.95 2.40 0.00
3987 2006 133 16170.00 10.70 22.50 1.22 3.40 0.00
3987 2006 134 12650.00 6.20 16.30 1.01 4.10 0.00
3987 2006 135 20760.00 4.10 18.60 0.81 2.00 0.00
3987 2006 136 21010.00 11.90 23.90 1.16 5.90 0.00
3987 2006 137 15620.00 10.20 18.60 1.13 3.30 0.00
3987 2006 138 6680.00 9.70 17.40 1.49 4.20 10.00
3987 2006 139 12310.00 9.70 17.00 1.30 5.80 3.50
3987 2006 140 17110.00 8.90 18.80 1.17 5.90 4.60
3987 2006 141 9400.00 8.80 16.60 1.22 5.90 0.20
3987 2006 142 18220.00 10.30 24.80 1.38 4.90 4.30
3987 2006 143 18440.00 6.70 17.90 1.15 6.50 1.10
3987 2006 144 22930.00 5.10 17.60 0.93 5.10 0.60
3987 2006 145 9650.00 7.20 14.10 1.14 4.50 3.40
3987 2006 146 18280.00 7.10 14.80 1.00 4.30 0.20
3987 2006 147 9860.00 9.30 17.90 1.31 2.90 12.00
3987 2006 148 17140.00 8.50 16.00 1.14 7.90 0.80
3987 2006 149 18890.00 8.40 16.00 1.04 4.40 0.30
3987 2006 150 15710.00 6.10 13.30 1.03 5.40 1.10
3987 2006 151 12670.00 8.00 15.10 1.14 4.10 10.70
3987 2006 152 18890.00 6.30 13.30 0.87 4.50 0.00
3987 2006 153 27470.00 5.20 19.00 0.93 2.00 0.00
3987 2006 154 10840.00 7.50 14.90 1.24 3.80 4.00
3987 2006 155 15370.00 7.40 14.80 1.00 6.00 0.00
3987 2006 156 16680.00 5.50 14.60 0.91 3.90 0.00
3987 2006 157 18650.00 8.40 18.50 1.16 2.70 8.40
3987 2006 158 26840.00 7.30 20.40 0.99 1.90 0.00
3987 2006 159 25120.00 10.20 22.70 1.11 3.00 0.00
3987 2006 160 27080.00 11.10 23.80 1.32 2.60 0.00
3987 2006 161 27980.00 12.00 24.30 1.25 3.20 0.00
3987 2006 162 30180.00 12.00 26.90 1.14 2.50 0.00
3987 2006 163 29830.00 15.20 29.90 1.35 2.90 0.00
3987 2006 164 29370.00 16.40 30.70 1.31 2.80 0.00
3987 2006 165 26700.00 16.20 31.40 1.48 2.40 0.00
3987 2006 166 19930.00 16.70 27.70 1.93 2.10 1.30
3987 2006 167 16440.00 16.50 26.30 2.03 2.60 11.50
3987 2006 168 13900.00 12.50 19.40 1.50 4.00 0.00
3987 2006 169 27450.00 11.90 24.90 1.46 2.80 0.00
3987 2006 170 21810.00 14.20 29.90 1.81 3.70 7.60
3987 2006 171 23680.00 16.80 28.60 2.12 2.10 0.00
3987 2006 172 21320.00 17.50 28.50 2.03 3.80 0.00
3987 2006 173 20470.00 13.60 25.20 1.53 4.10 0.00
3987 2006 174 21560.00 11.50 21.70 1.16 2.70 0.00
3987 2006 175 25450.00 13.10 26.80 1.28 2.90 0.00
3987 2006 176 22660.00 16.60 32.10 1.74 3.60 3.30
3987 2006 177 24140.00 18.90 27.80 1.98 4.60 0.00
3987 2006 178 25140.00 17.50 26.90 1.65 4.10 0.00
3987 2006 179 21410.00 12.40 21.30 1.37 3.10 0.00
3987 2006 180 22400.00 11.50 23.80 1.21 3.10 0.00
3987 2006 181 9130.00 13.50 19.80 1.32 2.20 0.00
3987 2006 182 23070.00 12.90 28.70 1.39 2.60 0.00
3987 2006 183 29870.00 14.90 29.10 1.13 4.30 0.00
3987 2006 184 30490.00 14.70 29.90 1.05 4.60 0.00
3987 2006 185 30180.00 15.20 31.20 1.00 4.20 0.00
3987 2006 186 29840.00 16.90 32.90 1.21 4.30 0.00
3987 2006 187 23470.00 17.60 33.30 1.74 3.50 0.50
3987 2006 188 22100.00 18.50 32.40 2.03 2.80 50.10
3987 2006 189 13900.00 16.60 25.50 2.07 2.70 5.40
3987 2006 190 24540.00 15.90 29.60 1.83 2.40 0.00
3987 2006 191 24760.00 17.90 27.90 1.77 3.70 0.00
3987 2006 192 25260.00 17.90 31.40 1.82 3.00 0.00
3987 2006 193 26160.00 18.10 28.90 1.93 2.90 0.00
3987 2006 194 23340.00 19.00 32.30 2.08 2.90 11.40
3987 2006 195 24170.00 13.80 24.50 1.50 4.40 0.00
3987 2006 196 25850.00 11.50 26.10 1.29 2.80 0.00
3987 2006 197 27390.00 11.60 26.60 1.17 3.20 0.00
3987 2006 198 29000.00 14.00 29.70 1.19 2.40 0.00
3987 2006 199 28790.00 17.20 32.70 1.25 3.50 0.00
3987 2006 200 28300.00 17.10 33.20 1.43 1.90 0.00
3987 2006 201 25110.00 20.00 36.10 1.45 2.90 0.00
3987 2006 202 24910.00 20.00 32.30 1.81 3.80 0.00
3987 2006 203 27220.00 17.10 32.10 1.67 2.20 0.00
3987 2006 204 16440.00 19.30 32.30 1.78 2.70 0.00
3987 2006 205 25790.00 18.00 31.30 1.79 3.10 0.00
3987 2006 206 23720.00 18.30 30.90 1.68 2.20 0.00
3987 2006 207 26250.00 18.80 33.70 1.51 3.10 0.00
3987 2006 208 24940.00 19.40 35.60 1.43 3.00 0.20
3987 2006 209 15800.00 19.40 32.40 1.77 3.40 17.10
3987 2006 210 15470.00 18.50 27.50 2.14 3.10 0.00
3987 2006 211 23450.00 17.70 29.90 1.94 2.50 0.30
3987 2006 212 16860.00 17.50 26.30 1.80 3.70 0.00
3987 2006 213 18689.63 14.20 26.20 1.46 3.50 0.20
3987 2006 214 19710.00 13.50 23.50 1.42 5.50 0.10
3987 2006 215 16940.00 13.00 23.10 1.35 1.90 0.00
3987 2006 216 17530.00 13.10 24.70 1.40 2.60 0.00
3987 2006 217 10340.00 13.40 22.40 1.78 4.00 19.20
3987 2006 218 8260.00 16.50 22.80 2.01 4.10 3.70
3987 2006 219 16960.00 15.30 26.10 1.58 4.90 0.00
3987 2006 220 19280.00 16.20 24.20 1.49 5.00 0.00
3987 2006 221 14060.00 14.80 22.50 1.46 4.30 0.00
3987 2006 222 9850.00 13.50 20.00 1.52 2.80 6.40
3987 2006 223 13760.00 11.40 19.20 1.36 2.10 0.00
3987 2006 224 18830.00 11.80 21.10 1.31 2.00 1.40
3987 2006 225 5030.00 12.00 15.80 1.54 2.00 3.90
3987 2006 226 20510.00 10.10 22.60 1.34 4.20 1.70
3987 2006 227 9740.00 12.40 20.40 1.51 5.90 4.30
3987 2006 228 18230.00 11.80 24.90 1.58 2.70 0.70
3987 2006 229 16450.00 14.60 25.60 1.76 2.00 0.00
3987 2006 230 10090.00 15.60 24.40 1.89 4.30 0.00
3987 2006 231 22230.00 13.50 27.80 1.57 3.20 4.10
3987 2006 232 17990.00 13.90 25.00 1.72 4.20 4.40
3987 2006 233 12020.00 13.90 20.90 1.63 4.80 0.30
3987 2006 234 12990.00 12.20 19.80 1.58 4.90 1.50
3987 2006 235 8030.00 13.80 19.90 1.63 5.10 0.40
3987 2006 236 17550.00 12.30 23.70 1.39 2.90 1.90
3987 2006 237 10870.00 13.50 22.10 1.54 1.90 1.00
3987 2006 238 7390.00 12.50 18.50 1.61 2.00 4.90
3987 2006 239 11180.00 12.90 19.10 1.62 4.20 7.60
3987 2006 240 16630.00 11.60 20.30 1.38 4.20 4.60
3987 2006 241 7130.00 10.60 14.30 1.36 5.70 2.60
3987 2006 242 7940.00 10.60 16.30 1.40 6.60 2.30
3987 2006 243 15480.00 13.20 19.80 1.34 6.50 0.00
3987 2006 244 8740.00 14.50 22.00 1.65 4.40 0.80
3987 2006 245 15540.00 15.50 25.50 1.67 3.80 0.40
3987 2006 246 5020.00 16.90 20.90 1.92 6.00 3.70
3987 2006 247 13780.00 14.80 20.30 1.49 8.60 0.00
3987 2006 248 15460.00 13.10 21.50 1.33 7.00 0.00
3987 2006 249 12150.00 15.60 24.50 1.75 3.50 0.10
3987 2006 250 15220.00 13.10 27.70 1.74 4.50 0.20
3987 2006 251 13251.90 10.30 20.60 1.19 6.70 0.00
3987 2006 252 10750.00 8.70 18.60 1.29 3.00 0.00
3987 2006 253 18750.00 10.90 23.40 1.34 3.00 0.00
3987 2006 254 18790.00 10.40 26.40 1.25 4.60 0.00
3987 2006 255 18220.00 10.90 26.70 1.28 4.60 0.00
3987 2006 256 18010.00 11.30 26.00 1.28 4.40 0.00
3987 2006 257 17590.00 11.10 26.50 1.29 4.50 0.00
3987 2006 258 16170.00 13.40 27.40 1.32 6.40 0.00
3987 2006 259 13650.00 16.60 26.10 1.34 5.80 0.00
3987 2006 260 12880.00 15.80 26.70 1.50 4.30 0.00
3987 2006 261 14600.00 13.60 27.10 1.64 3.40 0.00
3987 2006 262 6190.00 15.50 20.20 1.58 3.60 0.00
3987 2006 263 12701.18 12.10 20.90 1.21 3.60 0.00
3987 2006 264 15760.00 8.60 25.10 1.16 4.00 0.00
3987 2006 265 15690.00 11.30 26.90 1.24 5.30 0.00
3987 2006 266 15780.00 11.90 25.10 1.21 5.20 0.00
3987 2006 267 15349.12 12.60 27.60 1.29 5.20 0.00
3987 2006 268 14840.00 13.40 26.10 1.32 4.80 0.00
3987 2006 269 14320.00 12.60 25.60 1.46 3.30 0.10
3987 2006 270 3670.00 12.50 18.10 1.69 3.20 1.90
3987 2006 271 10780.00 12.20 21.50 1.52 2.80 0.10
3987 2006 272 13400.00 12.10 24.30 1.43 3.20 0.00
3987 2006 273 12550.00 13.40 24.20 1.53 3.80 0.10
3987 2006 274 7797.21 13.80 20.40 1.66 2.80 3.20
3987 2006 275 6450.00 13.40 18.90 1.42 5.80 0.00
3987 2006 276 5220.00 11.80 16.70 1.37 3.50 0.20
3987 2006 277 5300.00 10.80 16.40 1.37 4.20 0.00
3987 2006 278 7360.00 8.80 17.00 1.18 3.90 0.30
3987 2006 279 5290.00 8.60 17.80 1.30 5.70 0.70
3987 2006 280 5460.00 10.20 18.00 1.30 6.00 3.20
3987 2006 281 8830.00 9.00 16.80 1.14 5.10 0.00
3987 2006 282 12070.00 6.00 20.60 1.09 3.40 0.00
3987 2006 283 9950.00 8.00 19.00 1.21 2.20 0.00
3987 2006 284 8350.00 8.50 19.60 1.28 4.10 0.00
3987 2006 285 10540.00 7.70 18.70 1.27 2.70 0.00
3987 2006 286 2340.00 10.80 14.90 1.37 2.60 0.00
3987 2006 287 1320.00 8.40 12.10 1.23 3.10 0.10
3987 2006 288 4590.00 7.80 11.90 1.06 1.70 0.00
3987 2006 289 6700.00 5.60 16.10 1.11 2.70 0.00
3987 2006 290 11000.00 2.30 15.30 0.82 3.90 0.00
3987 2006 291 8974.68 2.00 15.90 0.89 4.10 0.00
3987 2006 292 6890.00 4.90 17.00 0.94 3.70 0.00
3987 2006 293 3190.00 7.70 15.00 1.22 3.70 1.80
3987 2006 294 7440.00 9.80 19.40 1.35 4.50 0.00
3987 2006 295 7800.00 10.60 18.80 1.28 4.50 0.30
3987 2006 296 5560.00 12.50 19.40 1.43 5.70 1.00
3987 2006 297 5940.00 12.50 19.60 1.42 6.90 0.30
3987 2006 298 8740.00 7.50 16.50 1.10 5.20 0.10
3987 2006 299 7360.00 7.40 21.90 1.13 5.90 0.00
3987 2006 300 8480.00 10.00 18.30 1.10 6.90 0.90
3987 2006 301 4870.00 8.10 14.10 1.16 4.00 5.00
3987 2006 302 3520.00 6.60 15.20 1.30 6.30 5.00
3987 2006 303 3250.00 4.30 9.80 0.94 3.70 0.30
3987 2006 304 3810.00 9.30 14.10 1.04 6.20 1.40
3987 2006 305 2500.00 -0.60 9.50 0.73 9.90 2.20
3987 2006 306 6402.16 -2.10 5.40 0.52 4.90 0.00
3987 2006 307 7480.00 -2.70 5.20 0.53 3.20 0.00
3987 2006 308 1760.00 -1.10 8.40 0.85 6.30 1.00
3987 2006 309 710.00 8.30 10.80 1.15 9.30 3.70
3987 2006 310 2820.00 8.70 13.50 1.10 8.40 0.00
3987 2006 311 3000.00 3.90 11.00 0.91 5.10 0.00
3987 2006 312 6180.00 2.90 11.70 0.82 4.80 0.50
3987 2006 313 3600.00 5.70 11.30 0.93 8.60 1.00
3987 2006 314 6190.00 3.30 9.50 0.79 5.10 0.00
3987 2006 315 880.00 3.80 8.10 0.82 6.00 3.70
3987 2006 316 2420.00 5.10 7.70 0.79 9.00 0.00
3987 2006 317 1160.00 3.90 9.70 0.92 6.80 5.60
3987 2006 318 1890.00 7.20 11.90 1.06 5.40 0.60
3987 2006 319 5320.00 9.10 15.50 1.21 5.30 0.00
3987 2006 320 5570.00 8.30 17.90 1.11 5.70 0.00
3987 2006 321 2510.00 8.80 16.10 1.06 4.90 0.80
3987 2006 322 3000.00 8.90 14.80 1.19 3.40 0.00
3987 2006 323 2540.00 5.80 11.50 1.04 3.80 2.40
3987 2006 324 3980.00 4.30 8.30 0.77 4.60 1.00
3987 2006 325 1390.00 4.80 8.80 0.92 5.30 0.30
3987 2006 326 4030.00 1.90 9.10 0.79 3.50 0.00
3987 2006 327 1110.00 1.60 9.10 0.82 6.10 7.10
3987 2006 328 4070.00 7.90 12.40 1.13 4.30 0.00
3987 2006 329 1710.00 8.10 12.50 0.95 5.50 0.00
3987 2006 330 2560.00 7.80 13.40 1.09 3.40 0.00
3987 2006 331 3820.00 3.40 12.20 0.97 3.60 0.00
3987 2006 332 3870.00 3.40 10.50 0.89 3.60 0.00
3987 2006 333 910.00 3.30 8.90 0.98 3.80 0.90
3987 2006 334 4210.00 1.10 10.40 0.85 3.00 0.00
3987 2006 335 4040.00 -0.80 8.80 0.75 4.60 0.00
3987 2006 336 4070.00 2.00 7.30 0.75 5.30 0.00
3987 2006 337 2600.00 4.90 10.20 0.82 5.70 3.00
3987 2006 338 2510.00 5.10 10.50 0.91 5.90 1.40
3987 2006 339 2160.00 6.50 14.80 1.15 6.90 0.20
3987 2006 340 1280.00 8.30 14.10 1.06 5.40 0.50
3987 2006 341 3520.00 4.30 9.70 0.79 6.30 0.80
3987 2006 342 3030.00 6.00 12.60 0.86 6.30 0.00
3987 2006 343 2293.81 4.90 11.40 0.81 4.10 0.00
3987 2006 344 3040.00 0.40 6.40 0.75 4.40 0.00
3987 2006 345 2220.00 -0.50 6.00 0.69 6.40 9.70
3987 2006 346 1890.00 2.80 6.90 0.84 5.20 3.00
3987 2006 347 2220.00 4.20 8.50 0.88 6.60 0.10
3987 2006 348 1060.00 6.40 10.00 0.90 6.10 0.00
3987 2006 349 3370.00 2.30 9.20 0.74 5.00 0.00
3987 2006 350 2450.00 3.50 9.80 0.76 6.50 1.50
3987 2006 351 1990.00 1.50 5.70 0.75 4.80 0.10
3987 2006 352 1760.00 1.00 4.90 0.72 3.90 0.00
3987 2006 353 2320.00 1.20 5.20 0.71 4.00 0.00
3987 2006 354 720.00 1.80 6.00 0.81 5.00 1.10
3987 2006 355 1340.00 5.20 6.60 0.92 2.10 0.00
3987 2006 356 690.00 4.30 6.10 0.80 3.40 0.00
3987 2006 357 920.00 3.40 5.20 0.79 2.90 0.10
3987 2006 358 710.00 2.00 4.80 0.76 3.50 0.90
3987 2006 359 2920.00 2.00 7.50 0.84 1.50 0.10
3987 2006 360 1650.00 -0.60 2.40 0.66 1.60 0.00
3987 2006 361 920.00 -1.30 0.30 0.57 2.60 0.00
3987 2006 362 520.00 -1.10 0.80 0.59 4.10 4.00
3987 2006 363 790.00 -0.10 3.80 0.70 3.10 0.10
3987 2006 364 1920.00 -0.20 6.10 0.69 5.80 4.10
3987 2006 365 1540.00 5.80 10.40 0.87 8.50 1.20
