*---------------------------------------------------------------------------*
* Station name: Potsdam Saekularstation
* Year: 2000
* Author: Pedro Alencar                                   -999.000: NIL VALUE
* Source: DWD
* Comments: Gaps filled with interpolation and storical means
* Longitude: 13.0622, latitude: 52.3812, altitude: 82.0 m.
*
    * Column  Daily value
    * 1       station number
    * 2       year
    * 3       day
    * 4       irradiation                   (kJ m-2 d-1)
    * 5       minimum temperature           (degrees Celsius
    * 6       maximum temperature           (degrees Celsius)
    * 7       early morning vapour pressure (kPa)
    * 8       mean wind speed (height: 2 m) (m s-1)
    * 9       precipitation                 (mm d-1)
    *
** WCCDESCRIPTION=Potsdam, Germany
** WCCFORMAT=2
** WCCYEARNR=2000
*---------------------------------------------------------------------------*
   13.0622 52.3812 82.0 -0.18 -0.55
3987 2000 1 1070.00 -1.10 2.00 0.63 3.80 1.80
3987 2000 2 1420.00 2.00 4.00 0.71 4.80 0.00
3987 2000 3 970.00 3.60 6.50 0.76 5.70 0.00
3987 2000 4 400.00 4.30 6.00 0.81 5.00 3.50
3987 2000 5 3390.00 -0.60 6.00 0.62 6.90 0.00
3987 2000 6 3840.00 -1.80 4.80 0.63 5.00 0.70
3987 2000 7 2150.00 2.00 7.00 0.78 4.40 0.00
3987 2000 8 3250.00 -0.50 5.50 0.69 4.90 1.60
3987 2000 9 1910.00 2.90 5.10 0.77 2.90 0.00
3987 2000 10 1100.00 -0.20 3.10 0.62 2.60 0.00
3987 2000 11 3850.00 -2.50 3.00 0.53 2.70 0.00
3987 2000 12 4180.00 -4.20 1.70 0.50 3.40 0.00
3987 2000 13 4420.00 -5.60 -0.20 0.38 4.00 0.00
3987 2000 14 950.00 -5.80 -0.90 0.45 2.40 0.00
3987 2000 15 900.00 -2.80 -0.10 0.50 2.40 0.00
3987 2000 16 800.00 -4.20 3.60 0.68 5.40 1.00
3987 2000 17 570.00 3.60 7.20 0.87 10.00 1.50
3987 2000 18 3410.00 1.30 7.10 0.62 8.10 2.50
3987 2000 19 4060.00 -1.80 2.30 0.49 6.00 0.20
3987 2000 20 640.00 -3.60 4.10 0.71 8.90 6.50
3987 2000 21 4460.00 -4.20 4.10 0.42 6.40 1.50
3987 2000 22 820.00 -4.10 -1.40 0.45 4.20 4.00
3987 2000 23 5500.00 -10.10 -1.60 0.29 2.80 0.20
3987 2000 24 3490.00 -8.80 -1.60 0.33 3.30 0.00
3987 2000 25 3730.00 -11.00 -2.30 0.32 4.10 0.10
3987 2000 26 900.00 -5.70 2.40 0.63 7.20 0.40
3987 2000 27 720.00 1.40 2.90 0.61 7.60 0.00
3987 2000 28 960.00 0.70 2.40 0.52 7.20 0.40
3987 2000 29 590.00 0.20 7.40 0.77 8.60 8.60
3987 2000 30 4940.00 2.10 6.70 0.62 9.60 4.30
3987 2000 31 4000.00 3.10 11.20 0.79 10.30 1.50
3987 2000 32 1830.00 5.20 9.90 0.87 6.20 1.30
3987 2000 33 910.00 4.70 7.70 0.86 7.50 4.40
3987 2000 34 4960.00 0.90 7.40 0.64 7.70 0.70
3987 2000 35 2490.00 -1.40 7.40 0.79 6.90 0.60
3987 2000 36 1240.00 4.50 8.10 0.91 7.20 0.00
3987 2000 37 5630.00 4.70 13.30 0.78 4.70 0.10
3987 2000 38 2390.00 4.60 10.20 0.80 6.20 0.20
3987 2000 39 2540.00 5.50 9.60 0.94 7.60 5.30
3987 2000 40 2740.00 3.00 9.30 0.64 10.80 2.90
3987 2000 41 5100.00 3.90 8.90 0.71 6.10 2.30
3987 2000 42 5220.00 0.60 8.60 0.67 5.50 0.00
3987 2000 43 8230.00 -1.90 7.20 0.56 5.80 0.20
3987 2000 44 2380.00 0.40 3.60 0.66 6.10 6.90
3987 2000 45 6330.00 0.00 5.70 0.62 6.60 0.40
3987 2000 46 3410.00 -0.30 9.20 0.72 5.40 0.10
3987 2000 47 2890.00 0.40 5.10 0.63 6.40 0.80
3987 2000 48 6380.00 -2.30 4.80 0.57 4.50 0.00
3987 2000 49 6060.00 -1.80 5.80 0.57 3.90 0.30
3987 2000 50 2080.00 0.80 3.80 0.67 2.90 2.00
3987 2000 51 4480.00 -0.50 3.00 0.59 3.00 0.00
3987 2000 52 8350.00 -3.00 2.70 0.48 2.10 0.00
3987 2000 53 2460.00 -3.90 1.00 0.54 2.20 1.60
3987 2000 54 4710.00 0.00 6.40 0.64 2.80 0.00
3987 2000 55 2290.00 -2.00 6.40 0.69 5.40 5.00
3987 2000 56 2960.00 0.40 4.10 0.67 4.90 1.60
3987 2000 57 5300.00 1.70 6.40 0.71 5.20 0.00
3987 2000 58 11060.00 -0.60 9.90 0.62 5.00 0.00
3987 2000 59 10450.00 5.10 17.70 0.84 7.60 2.70
3987 2000 60 7970.00 2.40 10.20 0.73 5.80 2.30
3987 2000 61 6180.00 2.70 8.80 0.75 6.90 0.00
3987 2000 62 9250.00 1.40 7.00 0.55 7.10 4.60
3987 2000 63 4150.00 2.00 9.70 0.73 9.10 1.80
3987 2000 64 7050.00 -0.10 5.10 0.52 8.80 0.40
3987 2000 65 7600.00 -0.70 4.10 0.52 7.90 0.00
3987 2000 66 6870.00 0.10 8.80 0.64 7.10 0.00
3987 2000 67 4610.00 5.80 13.00 0.92 9.10 2.40
3987 2000 68 1230.00 8.30 11.20 1.15 9.20 5.70
3987 2000 69 3290.00 4.50 12.10 1.03 9.10 6.70
3987 2000 70 10400.00 -1.70 7.10 0.52 4.50 3.30
3987 2000 71 5660.00 1.70 10.20 0.86 8.10 3.50
3987 2000 72 3550.00 0.90 4.40 0.57 2.50 0.00
3987 2000 73 6910.00 1.80 11.30 0.81 3.80 1.60
3987 2000 74 2410.00 4.40 9.90 0.96 6.20 8.20
3987 2000 75 10030.00 0.60 7.10 0.55 8.50 8.80
3987 2000 76 5590.00 0.20 5.60 0.60 3.90 5.60
3987 2000 77 10590.00 0.10 6.80 0.52 3.80 0.00
3987 2000 78 14410.00 -1.50 8.70 0.51 2.20 0.00
3987 2000 79 14820.00 -0.30 10.10 0.56 4.00 0.00
3987 2000 80 3290.00 0.70 6.20 0.77 4.40 0.00
3987 2000 81 4440.00 3.50 7.50 0.81 3.60 0.00
3987 2000 82 14340.00 -0.50 12.60 0.77 2.30 0.00
3987 2000 83 12760.00 3.40 13.70 0.75 2.70 0.00
3987 2000 84 9610.00 1.00 10.70 0.52 6.00 0.30
3987 2000 85 7050.00 4.80 13.50 0.93 4.20 0.00
3987 2000 86 8430.00 5.80 15.20 0.84 3.60 3.20
3987 2000 87 3860.00 4.30 7.10 0.80 3.50 0.60
3987 2000 88 1410.00 3.00 7.10 0.87 3.40 5.20
3987 2000 89 2410.00 4.50 8.20 0.89 5.50 0.00
3987 2000 90 1930.00 5.20 8.10 0.82 6.00 2.30
3987 2000 91 2100.00 4.00 5.60 0.80 3.40 0.40
3987 2000 92 7290.00 0.90 10.70 0.81 2.60 0.00
3987 2000 93 14340.00 2.00 14.00 0.79 3.40 0.00
3987 2000 94 19530.00 2.50 18.90 0.77 5.40 0.00
3987 2000 95 4810.00 4.90 11.80 0.98 4.20 1.50
3987 2000 96 6640.00 1.70 8.20 0.67 5.40 0.00
3987 2000 97 21010.00 -1.70 11.20 0.52 4.50 0.00
3987 2000 98 3370.00 0.70 8.20 0.76 4.70 0.00
3987 2000 99 7250.00 0.40 8.00 0.77 2.70 0.00
3987 2000 100 19220.00 2.90 10.50 0.49 4.00 0.00
3987 2000 101 18570.00 -1.10 12.00 0.55 3.00 0.00
3987 2000 102 15370.00 0.10 13.50 0.62 2.90 0.00
3987 2000 103 6960.00 1.80 10.90 0.88 4.20 6.70
3987 2000 104 15870.00 0.90 13.80 0.67 6.00 0.70
3987 2000 105 6300.00 5.10 10.70 0.84 4.50 4.30
3987 2000 106 13590.00 2.80 20.50 1.12 4.10 15.70
3987 2000 107 15110.00 4.80 15.50 0.79 4.80 0.00
3987 2000 108 17400.00 4.70 22.80 0.97 5.10 0.00
3987 2000 109 17630.00 9.40 19.40 0.98 2.50 1.20
3987 2000 110 11980.00 9.60 18.60 1.29 4.00 2.70
3987 2000 111 20860.00 7.70 20.30 1.11 2.10 0.00
3987 2000 112 20940.00 9.00 25.60 1.23 3.70 0.00
3987 2000 113 21620.00 12.10 26.50 1.31 4.20 0.00
3987 2000 114 21180.00 13.80 30.00 1.22 3.60 0.00
3987 2000 115 18990.00 11.10 22.10 1.25 5.10 0.00
3987 2000 116 5480.00 9.00 12.80 1.06 2.70 0.00
3987 2000 117 23860.00 6.80 23.20 1.26 3.80 0.00
3987 2000 118 21180.00 11.00 26.30 1.30 4.60 0.00
3987 2000 119 15870.00 14.70 27.00 1.33 5.50 0.00
3987 2000 120 22590.00 14.20 29.00 1.28 5.20 2.90
3987 2000 121 17900.00 13.20 29.00 1.41 3.60 1.60
3987 2000 122 16830.00 12.20 25.10 1.55 2.70 0.80
3987 2000 123 23630.00 13.50 23.60 1.01 5.20 0.00
3987 2000 124 24900.00 7.80 21.80 0.68 4.20 0.00
3987 2000 125 25530.00 9.40 24.20 0.68 3.60 0.00
3987 2000 126 26160.00 9.00 25.60 0.84 3.80 0.00
3987 2000 127 25770.00 9.40 26.50 1.04 4.00 0.00
3987 2000 128 25700.00 12.60 27.40 0.99 5.40 0.00
3987 2000 129 24500.00 13.70 29.20 1.12 4.90 0.00
3987 2000 130 23750.00 13.10 27.00 1.31 2.80 0.00
3987 2000 131 19740.00 14.30 27.40 1.55 2.20 2.30
3987 2000 132 26100.00 12.30 27.10 1.34 3.00 0.00
3987 2000 133 28190.00 10.80 20.40 0.71 5.50 0.00
3987 2000 134 28270.00 6.80 21.80 0.75 3.70 0.00
3987 2000 135 28370.00 9.40 26.80 0.91 2.20 0.00
3987 2000 136 28350.00 13.10 29.40 0.98 2.30 0.00
3987 2000 137 22420.00 14.20 31.40 1.10 1.90 0.00
3987 2000 138 23550.00 15.20 31.50 1.25 4.30 0.60
3987 2000 139 13510.00 11.10 20.00 1.12 3.00 0.00
3987 2000 140 13510.00 6.50 16.40 1.08 2.60 21.80
3987 2000 141 12100.00 8.20 13.20 1.11 3.00 1.90
3987 2000 142 19800.00 7.30 17.40 1.07 2.50 1.40
3987 2000 143 3700.00 10.00 12.60 1.30 2.60 9.60
3987 2000 144 17540.00 7.40 19.30 1.16 3.00 0.00
3987 2000 145 13570.00 10.00 20.40 1.28 4.20 0.00
3987 2000 146 10330.00 12.80 21.40 1.47 5.40 1.20
3987 2000 147 22780.00 7.60 20.30 1.02 3.70 0.00
3987 2000 148 11950.00 10.60 21.90 1.34 5.50 3.00
3987 2000 149 15370.00 7.30 20.10 1.13 5.40 0.00
3987 2000 150 20790.00 8.20 16.90 0.93 6.10 1.50
3987 2000 151 18910.00 6.60 16.30 0.94 3.60 0.30
3987 2000 152 26520.00 7.80 19.80 0.90 2.40 0.00
3987 2000 153 21470.00 8.10 21.90 0.99 4.00 0.00
3987 2000 154 29960.00 15.00 29.40 1.27 4.20 0.00
3987 2000 155 28240.00 14.00 26.50 1.40 2.70 14.60
3987 2000 156 18000.00 14.60 27.40 1.78 3.90 0.00
3987 2000 157 15670.00 15.50 23.20 1.69 3.40 0.70
3987 2000 158 10430.00 13.40 16.90 1.35 6.40 0.00
3987 2000 159 19790.00 9.70 18.90 0.99 6.00 0.00
3987 2000 160 29260.00 7.20 21.60 1.00 3.60 0.00
3987 2000 161 30340.00 10.80 28.50 1.12 4.80 0.00
3987 2000 162 27810.00 15.20 33.10 1.51 4.50 0.00
3987 2000 163 23620.00 17.90 29.00 1.85 4.00 2.70
3987 2000 164 26250.00 13.30 23.40 1.26 4.20 0.00
3987 2000 165 29900.00 13.40 30.90 1.42 3.60 0.00
3987 2000 166 21730.00 14.70 25.80 1.55 2.50 2.90
3987 2000 167 14180.00 12.30 19.10 1.43 5.40 0.50
3987 2000 168 18680.00 8.90 17.60 0.83 6.80 0.00
3987 2000 169 30730.00 6.60 21.10 0.88 3.60 0.00
3987 2000 170 26160.00 9.20 26.90 0.92 2.60 0.00
3987 2000 171 29900.00 14.00 33.80 1.22 3.20 0.00
3987 2000 172 28760.00 18.00 36.30 1.16 3.40 0.00
3987 2000 173 25110.00 20.80 36.60 1.41 3.10 0.00
3987 2000 174 17940.00 18.10 30.60 1.96 3.00 5.50
3987 2000 175 18890.00 14.60 24.10 1.40 3.40 0.00
3987 2000 176 11970.00 11.30 18.90 1.30 3.90 1.20
3987 2000 177 11790.00 11.10 17.60 1.11 6.70 0.30
3987 2000 178 14230.00 10.30 16.80 0.94 7.10 0.10
3987 2000 179 14330.00 9.70 15.60 0.87 7.70 0.70
3987 2000 180 14220.00 9.20 16.60 0.90 5.60 0.00
3987 2000 181 10800.00 9.20 15.20 1.00 5.20 0.00
3987 2000 182 8690.00 10.40 16.10 1.07 5.20 0.30
3987 2000 183 25340.00 7.70 24.40 1.14 4.20 0.90
3987 2000 184 14640.00 13.00 22.70 1.34 1.90 0.00
3987 2000 185 12800.00 14.60 25.40 1.60 4.30 1.30
3987 2000 186 15180.00 13.60 23.50 1.67 2.50 0.00
3987 2000 187 11240.00 15.10 22.00 1.59 5.40 8.00
3987 2000 188 17600.00 14.00 22.50 1.52 4.80 0.10
3987 2000 189 21880.00 9.60 22.20 1.21 2.50 0.00
3987 2000 190 13640.00 12.30 18.20 1.08 4.60 0.00
3987 2000 191 17070.00 10.70 21.80 1.09 4.00 0.60
3987 2000 192 13620.00 13.00 21.20 1.43 4.90 3.20
3987 2000 193 19590.00 13.40 23.00 1.22 5.10 0.00
3987 2000 194 9760.00 12.30 17.80 1.17 7.70 0.00
3987 2000 195 17970.00 9.00 21.00 1.12 5.50 0.30
3987 2000 196 11710.00 12.20 19.30 1.40 3.30 4.70
3987 2000 197 21460.00 10.60 19.00 1.19 4.00 0.00
3987 2000 198 19230.00 9.00 21.50 1.23 2.50 0.00
3987 2000 199 20780.00 13.10 21.30 1.24 5.20 0.00
3987 2000 200 7930.00 12.30 15.90 1.18 5.50 0.30
3987 2000 201 6830.00 12.10 15.70 1.27 6.00 0.10
3987 2000 202 11430.00 12.30 19.90 1.23 6.40 0.60
3987 2000 203 6900.00 11.50 16.30 1.41 5.30 4.40
3987 2000 204 7110.00 13.10 17.60 1.66 2.90 4.30
3987 2000 205 23170.00 11.80 23.80 1.53 1.80 0.00
3987 2000 206 20000.00 13.00 25.60 1.50 2.50 0.10
3987 2000 207 12330.00 15.90 25.90 1.74 3.30 2.10
3987 2000 208 14740.00 16.00 24.20 1.77 4.00 0.10
3987 2000 209 18050.00 15.60 24.20 1.57 3.80 1.50
3987 2000 210 14320.00 15.60 22.20 1.66 3.60 1.50
3987 2000 211 4710.00 13.80 16.90 1.68 4.80 6.80
3987 2000 212 10370.00 13.80 19.10 1.58 4.60 0.00
3987 2000 213 13120.00 13.80 19.80 1.43 4.10 0.00
3987 2000 214 23950.00 10.90 26.80 1.36 2.80 0.00
3987 2000 215 11750.00 15.90 24.50 1.74 4.00 4.80
3987 2000 216 18070.00 12.10 24.80 1.51 3.20 0.00
3987 2000 217 19180.00 13.90 25.60 1.48 2.10 0.40
3987 2000 218 22870.00 12.50 25.70 1.47 2.50 0.00
3987 2000 219 25300.00 11.60 25.00 1.45 2.70 0.50
3987 2000 220 21520.00 14.00 21.00 1.28 4.70 0.00
3987 2000 221 11210.00 10.70 18.50 1.30 3.10 0.90
3987 2000 222 24280.00 9.80 21.60 1.16 3.90 0.00
3987 2000 223 12430.00 11.90 26.70 1.66 3.10 1.50
3987 2000 224 9130.00 16.10 21.60 1.68 3.80 0.00
3987 2000 225 17910.00 14.30 25.00 1.43 1.80 0.00
3987 2000 226 21780.00 15.20 29.90 1.45 2.70 0.00
3987 2000 227 23490.00 15.40 32.50 1.31 2.90 0.00
3987 2000 228 15940.00 17.50 30.30 1.96 3.50 11.60
3987 2000 229 15650.00 16.10 25.50 1.68 3.10 8.50
3987 2000 230 18190.00 15.00 25.70 1.80 3.20 3.00
3987 2000 231 16100.00 15.70 24.30 1.56 2.90 17.70
3987 2000 232 13830.00 16.70 26.00 2.01 3.10 2.80
3987 2000 233 16020.00 17.20 26.40 2.04 4.10 20.40
3987 2000 234 12800.00 14.70 23.30 1.77 4.20 0.40
3987 2000 235 19310.00 12.90 22.10 1.38 2.70 2.80
3987 2000 236 20290.00 12.70 21.40 1.26 2.20 0.00
3987 2000 237 20170.00 10.30 22.30 1.18 4.20 0.00
3987 2000 238 14910.00 14.20 20.70 1.35 5.00 0.00
3987 2000 239 22400.00 9.50 22.70 1.12 4.70 0.00
3987 2000 240 20600.00 11.60 24.70 1.17 5.20 0.30
3987 2000 241 3930.00 13.50 18.30 1.73 3.10 26.80
3987 2000 242 15660.00 12.20 23.20 1.50 1.80 0.20
3987 2000 243 19590.00 13.10 22.20 1.30 2.00 0.20
3987 2000 244 11800.00 13.90 22.00 1.49 2.00 0.90
3987 2000 245 16090.00 11.80 23.80 1.51 2.70 1.50
3987 2000 246 9450.00 12.70 18.50 1.49 3.80 30.40
3987 2000 247 2510.00 12.10 14.00 1.47 6.80 4.90
3987 2000 248 6470.00 9.30 15.80 1.19 4.80 2.10
3987 2000 249 11190.00 9.30 16.90 1.25 3.70 5.00
3987 2000 250 15160.00 9.30 19.50 1.26 3.70 7.50
3987 2000 251 11560.00 11.10 19.50 1.41 2.30 0.00
3987 2000 252 8170.00 10.70 19.20 1.51 4.10 0.40
3987 2000 253 9710.00 15.00 23.00 1.82 3.30 0.10
3987 2000 254 12910.00 14.80 22.50 1.69 1.70 0.00
3987 2000 255 7530.00 12.00 19.10 1.55 2.90 0.00
3987 2000 256 14000.00 9.90 22.60 1.52 3.60 0.00
3987 2000 257 8990.00 14.70 22.50 1.64 4.40 0.10
3987 2000 258 6560.00 12.90 19.20 1.50 3.70 1.10
3987 2000 259 10950.00 12.10 18.90 1.30 4.90 0.00
3987 2000 260 5090.00 11.70 18.30 1.42 4.60 5.80
3987 2000 261 2280.00 9.30 13.00 1.28 2.80 0.00
3987 2000 262 16050.00 8.30 16.70 0.96 4.60 0.00
3987 2000 263 16290.00 4.60 13.80 0.87 6.00 0.00
3987 2000 264 6950.00 5.80 12.00 0.91 6.60 0.00
3987 2000 265 16190.00 7.40 17.70 1.05 7.00 0.00
3987 2000 266 11740.00 6.00 18.60 1.09 3.70 0.00
3987 2000 267 14508.11 8.40 19.00 1.04 4.30 0.00
3987 2000 268 15560.00 4.80 16.60 0.85 5.00 0.00
3987 2000 269 13120.00 4.80 19.30 1.14 3.80 1.50
3987 2000 270 7800.00 10.60 19.70 1.36 2.60 0.00
3987 2000 271 12720.00 9.90 24.40 1.55 3.60 0.00
3987 2000 272 10770.00 13.70 23.00 1.65 4.40 0.00
3987 2000 273 13720.00 11.80 24.00 1.33 5.00 0.00
3987 2000 274 13320.00 11.20 23.50 1.26 5.30 0.00
3987 2000 275 11180.00 10.90 23.10 1.44 3.80 4.00
3987 2000 276 7410.00 12.50 19.00 1.42 3.70 0.00
3987 2000 277 12640.00 8.80 20.40 1.35 2.70 0.00
3987 2000 278 6990.00 12.50 19.70 1.50 2.50 0.00
3987 2000 279 6700.00 11.90 19.40 1.51 1.40 0.60
3987 2000 280 2540.00 9.60 14.30 1.25 3.70 1.30
3987 2000 281 1650.00 7.80 10.70 1.13 3.30 7.90
3987 2000 282 5310.00 7.40 11.90 1.06 2.90 0.20
3987 2000 283 2910.00 8.10 10.90 1.14 2.70 0.10
3987 2000 284 3790.00 6.20 10.80 1.04 5.10 1.10
3987 2000 285 5670.00 5.40 15.00 1.03 5.20 1.60
3987 2000 286 7310.00 8.90 15.70 1.22 3.50 0.00
3987 2000 287 7070.00 9.60 16.20 1.35 2.40 0.00
3987 2000 288 8650.00 9.60 18.30 1.29 2.40 0.00
3987 2000 289 1730.00 10.40 15.10 1.50 5.90 0.00
3987 2000 290 6910.00 10.80 18.80 1.43 4.80 0.00
3987 2000 291 6000.00 9.90 16.20 1.26 3.40 0.00
3987 2000 292 6400.00 8.40 14.50 1.16 2.00 0.00
3987 2000 293 3630.00 9.30 14.70 1.22 3.20 0.00
3987 2000 294 3330.00 6.40 13.80 1.15 3.80 0.00
3987 2000 295 8890.00 6.60 16.40 0.95 4.50 0.00
3987 2000 296 8830.00 6.30 18.20 1.14 3.20 0.00
3987 2000 297 8900.00 5.30 16.40 1.03 4.10 0.60
3987 2000 298 4950.00 8.80 15.70 1.13 6.30 0.00
3987 2000 299 2990.00 9.50 14.40 1.13 6.20 0.00
3987 2000 300 3010.00 6.80 14.10 0.99 5.70 1.80
3987 2000 301 4590.00 5.80 12.10 0.98 5.50 0.50
3987 2000 302 2140.00 9.10 12.90 1.30 4.10 0.30
3987 2000 303 5940.00 8.20 16.10 0.97 5.60 0.00
3987 2000 304 2490.00 7.80 14.80 0.89 7.80 0.00
3987 2000 305 1590.00 9.40 15.90 0.90 5.60 0.00
3987 2000 306 6380.00 5.40 13.70 0.85 5.60 0.00
3987 2000 307 7480.00 3.80 12.60 0.86 4.80 0.00
3987 2000 308 2030.00 6.00 10.00 0.96 3.60 1.70
3987 2000 309 5440.00 4.40 12.30 0.90 3.30 0.00
3987 2000 310 6170.00 1.20 10.00 0.74 3.90 0.00
3987 2000 311 4130.00 0.80 7.60 0.78 6.30 2.70
3987 2000 312 6470.00 6.80 13.80 0.97 4.40 0.00
3987 2000 313 5440.00 4.80 13.00 0.83 5.50 0.00
3987 2000 314 5340.00 4.80 11.90 0.83 5.00 0.00
3987 2000 315 6000.00 3.00 10.20 0.73 5.80 0.00
3987 2000 316 5930.00 3.10 9.40 0.72 5.30 0.00
3987 2000 317 4870.00 2.50 11.70 0.68 5.60 0.00
3987 2000 318 2180.00 7.20 11.60 0.90 4.80 0.10
3987 2000 319 1950.00 6.70 10.80 1.06 1.80 8.40
3987 2000 320 5000.00 5.10 10.20 0.90 3.50 0.00
3987 2000 321 5270.00 2.60 9.70 0.74 4.40 0.00
3987 2000 322 1010.00 0.10 4.20 0.75 3.20 2.90
3987 2000 323 4760.00 2.00 7.00 0.70 5.00 0.00
3987 2000 324 5470.00 1.50 7.60 0.60 6.10 0.30
3987 2000 325 4080.00 -0.10 8.90 0.79 4.10 0.00
3987 2000 326 810.00 2.60 5.90 0.85 2.90 4.80
3987 2000 327 3230.00 1.90 9.20 0.87 5.10 0.00
3987 2000 328 3600.00 3.20 9.70 0.87 4.00 0.00
3987 2000 329 2510.00 1.80 7.50 0.82 4.10 0.00
3987 2000 330 1390.00 3.30 6.00 0.84 2.10 0.40
3987 2000 331 2860.00 2.60 5.50 0.77 3.70 0.00
3987 2000 332 2240.00 2.30 7.90 0.85 4.30 0.00
3987 2000 333 1430.00 1.00 8.20 0.86 4.90 0.80
3987 2000 334 3180.00 7.70 12.50 1.06 4.60 0.00
3987 2000 335 2550.00 5.90 11.70 1.03 4.00 0.00
3987 2000 336 3260.00 2.60 7.80 0.82 4.10 0.00
3987 2000 337 1090.00 3.00 9.00 0.97 3.80 0.10
3987 2000 338 3370.00 2.30 8.90 0.89 4.50 0.00
3987 2000 339 3350.00 2.40 8.30 0.79 4.30 0.00
3987 2000 340 3610.00 3.30 9.80 0.85 3.80 0.00
3987 2000 341 3840.00 0.30 6.90 0.69 4.40 0.00
3987 2000 342 3450.00 2.00 8.60 0.78 4.50 0.00
3987 2000 343 2428.86 3.10 9.40 0.96 5.40 0.50
3987 2000 344 3160.00 5.40 10.50 0.93 5.20 0.00
3987 2000 345 1950.00 3.90 8.40 0.88 5.60 2.10
3987 2000 346 880.00 6.80 9.40 0.99 6.60 2.50
3987 2000 347 960.00 8.10 12.90 1.29 5.50 1.00
3987 2000 348 2520.00 8.60 13.40 0.86 7.80 0.60
3987 2000 349 1770.00 5.80 9.70 0.80 6.00 0.90
3987 2000 350 2200.00 3.20 7.10 0.78 6.60 2.90
3987 2000 351 610.00 1.20 5.10 0.67 9.90 2.80
3987 2000 352 610.00 2.80 4.00 0.70 6.20 1.70
3987 2000 353 2240.00 -0.50 3.20 0.64 3.50 0.00
3987 2000 354 670.00 -2.20 1.40 0.63 1.30 0.00
3987 2000 355 870.00 -2.80 0.80 0.54 3.80 0.00
3987 2000 356 3220.00 -3.20 -0.70 0.40 4.80 0.00
3987 2000 357 3070.00 -6.50 -1.70 0.36 4.20 0.00
3987 2000 358 3700.00 -7.60 -0.90 0.36 3.50 0.00
3987 2000 359 730.00 -3.20 -1.20 0.49 1.60 7.10
3987 2000 360 1060.00 -1.80 -0.60 0.55 2.10 1.00
3987 2000 361 900.00 -2.60 -1.10 0.52 3.50 8.20
3987 2000 362 1310.00 -2.40 1.00 0.61 3.60 0.10
3987 2000 363 1140.00 -0.50 1.70 0.59 4.30 0.00
3987 2000 364 2940.00 -3.50 0.90 0.48 5.30 0.00
3987 2000 365 3060.00 -3.50 0.70 0.52 3.90 1.10
3987 2000 366 2600.00 -3.30 0.30 0.50 5.30 0.30
