*---------------------------------------------------------------------------*
* Station name: Potsdam Saekularstation
* Year: 2009
* Author: Pedro Alencar                                   -999.000: NIL VALUE
* Source: DWD
* Comments: Gaps filled with interpolation and storical means
* Longitude: 13.0622, latitude: 52.3812, altitude: 82.0 m.
*
    * Column  Daily value
    * 1       station number
    * 2       year
    * 3       day
    * 4       irradiation                   (kJ m-2 d-1)
    * 5       minimum temperature           (degrees Celsius
    * 6       maximum temperature           (degrees Celsius)
    * 7       early morning vapour pressure (kPa)
    * 8       mean wind speed (height: 2 m) (m s-1)
    * 9       precipitation                 (mm d-1)
    *
** WCCDESCRIPTION=Potsdam, Germany
** WCCFORMAT=2
** WCCYEARNR=2009
*---------------------------------------------------------------------------*
   13.0622 52.3812 82.0 -0.18 -0.55
3987 2009 1 390.00 -7.40 -1.70 0.47 2.50 0.00
3987 2009 2 1730.00 -8.90 -0.20 0.48 2.00 1.40
3987 2009 3 2210.00 -10.40 -0.50 0.38 5.60 0.70
3987 2009 4 900.00 -0.40 0.70 0.61 3.80 8.60
3987 2009 5 4220.00 -12.00 0.00 0.38 2.90 0.00
3987 2009 6 4430.00 -18.60 -6.50 0.20 2.40 0.00
3987 2009 7 1300.00 -18.90 -4.10 0.28 5.00 0.10
3987 2009 8 2970.00 -11.90 -6.20 0.31 2.80 0.00
3987 2009 9 1930.00 -10.60 -2.40 0.39 3.90 0.00
3987 2009 10 920.00 -6.60 -0.50 0.49 2.80 0.00
3987 2009 11 4740.00 -9.20 -1.20 0.34 4.40 0.00
3987 2009 12 4860.00 -6.90 0.00 0.33 5.30 0.00
3987 2009 13 2560.00 -5.30 2.20 0.39 5.10 0.00
3987 2009 14 3440.00 -8.30 -0.10 0.37 2.60 0.50
3987 2009 15 1080.00 -0.10 2.10 0.65 2.60 0.00
3987 2009 16 1250.00 -2.10 0.80 0.56 3.00 0.00
3987 2009 17 3140.00 -2.80 1.80 0.54 3.90 0.50
3987 2009 18 3870.00 0.10 6.70 0.68 5.30 2.50
3987 2009 19 4030.00 -0.30 4.80 0.64 5.80 2.70
3987 2009 20 1630.00 -0.80 5.20 0.71 4.30 0.00
3987 2009 21 1630.00 -2.20 1.00 0.59 2.60 0.00
3987 2009 22 5370.00 -3.00 4.30 0.55 4.00 0.00
3987 2009 23 3170.00 -2.80 3.60 0.58 6.30 2.90
3987 2009 24 1830.00 0.30 3.90 0.70 5.00 0.80
3987 2009 25 5270.00 -1.40 6.10 0.64 2.90 0.00
3987 2009 26 2030.00 -1.30 0.60 0.59 3.70 0.00
3987 2009 27 2730.00 -2.20 2.40 0.59 1.90 0.00
3987 2009 28 1640.00 -3.40 -1.60 0.50 1.10 0.00
3987 2009 29 2590.00 -4.20 -2.00 0.48 1.30 0.00
3987 2009 30 1210.00 -2.70 0.00 0.53 1.40 0.00
3987 2009 31 2110.00 -2.00 1.90 0.55 2.70 0.30
3987 2009 32 960.00 -4.20 -0.50 0.45 6.70 0.10
3987 2009 33 1580.00 -0.60 1.60 0.51 7.90 0.00
3987 2009 34 1540.00 -0.20 2.20 0.56 6.10 0.00
3987 2009 35 3190.00 -1.00 4.20 0.61 1.90 0.50
3987 2009 36 5200.00 -1.10 6.30 0.65 3.60 0.00
3987 2009 37 3640.00 -0.50 5.90 0.63 3.20 0.30
3987 2009 38 1630.00 -0.20 1.60 0.64 2.70 0.00
3987 2009 39 3852.50 -1.50 4.20 0.60 5.30 0.00
3987 2009 40 5770.00 -2.50 4.50 0.52 3.60 0.10
3987 2009 41 2040.00 -0.60 5.30 0.67 5.30 7.40
3987 2009 42 1440.00 -2.40 1.30 0.58 8.30 1.40
3987 2009 43 2120.00 -3.80 -0.30 0.45 5.60 0.00
3987 2009 44 8770.00 -5.40 2.30 0.42 3.30 0.00
3987 2009 45 5160.00 -6.30 1.00 0.43 4.00 0.00
3987 2009 46 3770.00 -4.70 2.20 0.51 4.70 4.20
3987 2009 47 1920.00 -1.00 1.30 0.60 1.80 5.90
3987 2009 48 9030.00 -6.50 0.40 0.45 3.40 0.00
3987 2009 49 5840.00 -6.20 -0.10 0.38 3.10 0.00
3987 2009 50 3260.00 -4.80 1.00 0.47 4.30 2.70
3987 2009 51 1990.00 -1.00 2.30 0.63 2.80 2.50
3987 2009 52 2950.00 -2.10 -0.10 0.55 2.20 3.60
3987 2009 53 1520.00 -0.10 4.40 0.71 5.60 1.80
3987 2009 54 1790.00 0.60 4.10 0.69 6.60 0.70
3987 2009 55 1270.00 -0.20 2.50 0.64 3.00 0.00
3987 2009 56 3210.00 0.20 5.10 0.66 4.70 1.70
3987 2009 57 3980.00 3.80 7.40 0.78 7.10 7.20
3987 2009 58 4770.00 2.60 7.10 0.74 6.80 0.10
3987 2009 59 4300.00 2.50 6.20 0.78 2.40 1.80
3987 2009 60 4850.00 3.70 8.70 0.88 3.60 0.00
3987 2009 61 2480.00 3.40 9.30 0.93 3.80 3.90
3987 2009 62 4970.00 0.10 7.70 0.70 3.00 0.00
3987 2009 63 5580.00 -1.20 9.10 0.70 5.00 0.00
3987 2009 64 4700.00 2.00 13.30 0.86 5.20 3.40
3987 2009 65 1190.00 3.50 6.90 0.82 3.70 2.90
3987 2009 66 1410.00 1.10 3.90 0.74 4.50 0.10
3987 2009 67 3270.00 -0.70 6.80 0.76 4.30 1.50
3987 2009 68 9050.00 1.80 7.70 0.70 5.60 1.40
3987 2009 69 6160.00 3.10 8.10 0.76 4.60 1.70
3987 2009 70 3780.00 0.80 6.60 0.70 4.50 0.80
3987 2009 71 5710.00 2.40 7.10 0.72 4.20 7.70
3987 2009 72 4970.00 3.90 9.30 0.84 5.50 0.00
3987 2009 73 10420.00 2.40 12.70 0.78 3.50 2.00
3987 2009 74 4070.00 6.30 8.20 0.96 5.00 2.60
3987 2009 75 6790.00 4.60 10.00 0.84 2.50 0.60
3987 2009 76 10140.00 3.60 12.80 0.72 7.50 0.00
3987 2009 77 11970.00 -0.10 8.60 0.62 5.70 0.00
3987 2009 78 13940.00 1.90 9.30 0.47 4.90 0.00
3987 2009 79 13430.00 -1.80 6.80 0.40 2.60 0.00
3987 2009 80 11380.00 -1.10 9.10 0.45 3.90 0.00
3987 2009 81 3780.00 4.10 10.20 0.72 8.10 0.50
3987 2009 82 2630.00 2.50 7.30 0.79 9.90 5.00
3987 2009 83 8020.00 -3.40 5.20 0.52 6.90 1.50
3987 2009 84 10880.00 -4.00 5.70 0.50 3.70 0.00
3987 2009 85 4590.00 2.00 7.70 0.73 3.30 1.40
3987 2009 86 7050.00 3.20 10.20 0.78 4.90 0.20
3987 2009 87 5890.00 1.40 10.00 0.76 4.80 2.60
3987 2009 88 11440.00 2.00 10.80 0.75 4.30 0.00
3987 2009 89 10230.00 3.50 11.60 0.74 1.90 0.00
3987 2009 90 17740.00 2.00 14.80 0.61 3.00 0.00
3987 2009 91 18290.00 2.00 16.60 0.70 3.40 0.00
3987 2009 92 19150.00 4.30 17.70 0.74 5.30 0.00
3987 2009 93 19270.00 3.60 23.00 0.74 4.50 0.00
3987 2009 94 16830.00 9.60 23.30 1.10 4.00 0.00
3987 2009 95 10180.00 6.90 14.70 0.95 3.40 0.00
3987 2009 96 17330.00 4.40 18.40 0.87 4.50 0.00
3987 2009 97 17220.00 6.90 23.40 1.01 3.90 0.00
3987 2009 98 13480.00 9.10 18.20 1.10 3.20 0.20
3987 2009 99 16810.00 9.10 19.00 0.95 2.80 0.00
3987 2009 100 19620.00 7.00 21.80 0.95 5.90 0.00
3987 2009 101 20080.00 8.40 22.00 0.81 6.40 0.00
3987 2009 102 21110.00 6.40 20.80 0.92 5.10 0.00
3987 2009 103 21290.00 5.70 20.90 0.93 4.70 0.00
3987 2009 104 20500.00 6.40 22.80 0.96 3.50 0.00
3987 2009 105 20660.00 7.30 23.10 0.85 4.80 0.00
3987 2009 106 21880.00 8.90 21.10 0.74 6.80 0.00
3987 2009 107 15070.00 8.10 19.70 0.79 5.90 1.40
3987 2009 108 6000.00 6.20 12.60 0.87 3.40 0.10
3987 2009 109 22340.00 3.40 16.80 0.55 5.00 0.00
3987 2009 110 23320.00 4.10 19.50 0.59 3.50 0.00
3987 2009 111 23150.00 5.30 19.90 0.68 3.50 0.00
3987 2009 112 13340.00 6.10 15.10 0.85 4.20 0.70
3987 2009 113 11500.00 4.00 15.20 0.91 2.20 0.00
3987 2009 114 23160.00 3.10 21.10 0.69 3.70 0.00
3987 2009 115 23580.00 5.40 23.60 0.72 5.00 0.00
3987 2009 116 19370.00 8.80 23.80 0.91 4.90 0.00
3987 2009 117 22770.00 11.30 25.20 0.97 4.40 0.00
3987 2009 118 19860.00 11.50 24.80 0.97 5.00 0.00
3987 2009 119 15190.00 8.70 21.50 1.04 3.40 0.00
3987 2009 120 21340.00 8.90 26.90 0.99 3.60 0.00
3987 2009 121 24200.00 7.10 24.00 0.85 3.20 0.00
3987 2009 122 25840.00 4.00 23.40 0.76 2.00 0.00
3987 2009 123 16110.00 7.50 23.10 1.01 2.90 2.10
3987 2009 124 13280.00 4.30 14.80 0.88 4.40 0.20
3987 2009 125 6450.00 3.30 11.60 0.94 5.30 6.10
3987 2009 126 10760.00 6.00 15.50 1.07 7.10 2.80
3987 2009 127 18460.00 5.40 20.20 1.06 4.30 0.00
3987 2009 128 15080.00 8.10 21.00 1.27 4.70 5.30
3987 2009 129 23380.00 4.60 19.70 0.87 3.90 14.40
3987 2009 130 22410.00 10.60 20.20 1.16 3.10 0.00
3987 2009 131 4980.00 6.60 13.80 1.11 3.20 0.80
3987 2009 132 26310.00 4.20 18.00 0.82 3.60 0.00
3987 2009 133 27210.00 5.30 18.90 0.70 4.10 0.00
3987 2009 134 22840.00 6.60 18.70 0.70 5.20 0.00
3987 2009 135 19100.00 7.60 21.40 0.70 5.60 2.00
3987 2009 136 15420.00 9.50 18.50 1.03 4.30 0.40
3987 2009 137 25930.00 8.60 24.90 1.14 4.30 4.40
3987 2009 138 19400.00 14.10 22.00 1.41 2.40 0.00
3987 2009 139 23470.00 11.90 24.20 1.24 2.70 0.40
3987 2009 140 23860.00 13.10 23.70 1.30 2.80 0.00
3987 2009 141 9110.00 12.80 20.80 1.57 3.30 9.50
3987 2009 142 19090.00 9.60 19.70 1.15 4.00 0.90
3987 2009 143 27740.00 8.60 19.90 0.97 4.90 0.00
3987 2009 144 26440.00 9.80 25.50 1.12 3.70 0.00
3987 2009 145 28730.00 9.90 25.10 1.14 2.60 0.00
3987 2009 146 12020.00 12.90 28.40 1.64 5.30 20.40
3987 2009 147 19290.00 10.40 17.80 1.05 5.90 0.00
3987 2009 148 17820.00 9.40 18.10 0.95 7.00 1.30
3987 2009 149 25050.00 7.70 18.80 0.94 6.60 0.00
3987 2009 150 9010.00 8.40 19.60 1.31 3.50 11.10
3987 2009 151 18410.00 11.50 24.20 1.55 3.10 5.60
3987 2009 152 22310.00 12.20 23.70 1.49 2.50 5.00
3987 2009 153 28000.00 10.60 26.10 1.28 4.70 0.00
3987 2009 154 9810.00 9.20 14.60 0.96 7.60 1.00
3987 2009 155 16510.00 6.50 14.00 0.88 6.10 0.60
3987 2009 156 18540.00 6.10 15.40 0.82 5.20 0.00
3987 2009 157 15110.00 5.40 16.50 0.95 4.10 6.80
3987 2009 158 7340.00 9.70 14.40 1.23 3.30 2.30
3987 2009 159 22750.00 8.70 20.00 1.13 4.40 0.00
3987 2009 160 11130.00 11.30 19.20 1.38 4.20 0.20
3987 2009 161 20750.00 12.60 21.80 1.34 5.20 0.00
3987 2009 162 7560.00 8.80 17.80 1.31 7.00 13.80
3987 2009 163 21190.00 7.80 16.30 0.93 8.30 0.50
3987 2009 164 30690.00 9.00 19.40 0.93 8.20 0.00
3987 2009 165 24880.00 7.80 22.40 1.11 3.80 0.00
3987 2009 166 16430.00 12.10 22.30 1.49 3.00 12.90
3987 2009 167 23070.00 11.10 18.70 1.21 4.20 0.00
3987 2009 168 29630.00 8.00 21.00 0.94 3.40 0.00
3987 2009 169 16000.00 11.60 23.10 1.37 4.10 0.10
3987 2009 170 14600.00 10.70 20.10 1.22 4.50 0.50
3987 2009 171 21120.00 9.60 20.80 1.11 4.30 0.00
3987 2009 172 23060.00 9.40 20.10 1.11 3.40 7.70
3987 2009 173 18280.00 10.90 21.60 1.38 4.33 6.00
3987 2009 174 23290.00 10.60 22.50 1.17 5.90 0.00
3987 2009 175 25470.00 12.40 25.60 1.43 5.10 2.80
3987 2009 176 5690.00 13.70 20.10 1.68 3.00 8.00
3987 2009 177 8210.00 16.50 21.20 1.85 4.50 0.00
3987 2009 178 8880.00 15.60 21.40 1.67 3.80 0.00
3987 2009 179 15060.00 12.80 22.40 1.58 2.50 0.00
3987 2009 180 14710.00 16.90 24.50 1.84 1.60 0.00
3987 2009 181 25910.00 16.50 28.10 1.90 2.10 0.00
3987 2009 182 22110.00 17.70 27.80 2.06 2.20 0.00
3987 2009 183 21750.00 18.00 29.80 2.11 2.50 3.60
3987 2009 184 24190.00 17.50 29.00 2.02 2.60 0.00
3987 2009 185 21640.00 18.10 27.80 1.96 4.30 0.00
3987 2009 186 20390.00 16.50 25.30 1.70 3.50 0.00
3987 2009 187 18010.00 16.10 26.90 1.60 2.90 0.00
3987 2009 188 23290.00 14.10 25.40 1.44 3.90 0.10
3987 2009 189 17290.00 14.30 21.60 1.47 4.80 6.80
3987 2009 190 16480.00 13.30 20.00 1.27 6.10 1.10
3987 2009 191 18260.00 10.40 18.40 1.30 5.40 8.00
3987 2009 192 19570.00 10.70 19.30 1.20 5.20 0.00
3987 2009 193 19340.00 9.00 23.00 1.37 2.90 2.30
3987 2009 194 24010.00 15.30 25.10 1.53 3.10 0.00
3987 2009 195 16440.00 16.40 27.50 1.75 3.20 0.00
3987 2009 196 18050.00 18.30 29.00 1.91 4.20 0.00
3987 2009 197 21610.00 17.20 28.70 1.48 2.90 0.00
3987 2009 198 15520.00 16.30 30.30 1.91 3.90 8.60
3987 2009 199 7640.00 14.50 19.90 1.73 4.30 0.30
3987 2009 200 16900.00 12.80 21.70 1.43 4.80 2.90
3987 2009 201 19710.00 11.00 21.60 1.47 5.20 4.40
3987 2009 202 21130.00 12.80 25.60 1.38 3.50 1.20
3987 2009 203 14750.00 16.60 26.30 1.91 3.60 0.40
3987 2009 204 16200.00 16.80 29.10 1.88 4.90 0.10
3987 2009 205 14610.00 12.60 22.20 1.66 3.70 13.20
3987 2009 206 13500.00 11.50 18.90 1.46 5.80 7.10
3987 2009 207 20800.00 11.50 22.20 1.26 4.70 0.00
3987 2009 208 26390.00 14.40 28.20 1.31 4.20 0.00
3987 2009 209 20170.00 15.70 23.40 1.37 4.40 0.00
3987 2009 210 23130.00 14.10 26.80 1.27 3.50 0.00
3987 2009 211 18230.00 15.20 25.70 1.27 4.80 0.00
3987 2009 212 25750.00 12.50 23.00 1.08 3.10 0.00
3987 2009 213 23210.00 11.50 27.70 1.15 3.30 0.00
3987 2009 214 22100.00 15.70 31.90 1.51 3.70 0.10
3987 2009 215 4880.00 13.80 19.30 1.79 3.60 4.60
3987 2009 216 23580.00 12.40 25.10 1.34 3.30 0.00
3987 2009 217 22700.00 13.30 27.20 1.54 2.70 0.00
3987 2009 218 24340.00 14.40 27.30 1.66 3.00 0.00
3987 2009 219 17740.00 16.10 29.30 1.60 3.80 0.00
3987 2009 220 21330.00 16.00 29.40 1.29 4.00 0.00
3987 2009 221 19640.00 15.80 29.00 1.22 4.00 0.00
3987 2009 222 16660.00 15.30 28.10 1.37 3.30 1.80
3987 2009 223 9740.00 15.20 22.30 1.74 3.50 1.60
3987 2009 224 13050.00 15.00 22.60 1.65 4.70 1.20
3987 2009 225 18310.00 14.00 23.00 1.40 5.00 0.00
3987 2009 226 19250.00 11.40 22.10 1.12 3.90 0.00
3987 2009 227 21750.00 12.90 28.40 1.17 4.30 0.00
3987 2009 228 22660.00 15.90 32.70 1.38 4.70 0.00
3987 2009 229 19600.00 16.00 28.00 1.49 3.40 0.00
3987 2009 230 16410.00 14.30 24.40 1.32 4.60 0.00
3987 2009 231 21470.00 13.10 28.20 1.20 2.60 0.00
3987 2009 232 22750.00 14.60 33.40 1.38 4.50 0.30
3987 2009 233 6610.00 14.40 23.50 1.78 3.00 13.90
3987 2009 234 18460.00 13.40 22.80 1.39 2.70 0.00
3987 2009 235 21450.00 12.30 25.10 1.18 2.50 0.00
3987 2009 236 22440.00 11.40 25.90 1.13 4.80 0.00
3987 2009 237 19240.00 13.30 30.90 1.58 3.30 0.00
3987 2009 238 18650.00 17.50 26.40 1.61 3.30 0.00
3987 2009 239 18740.00 15.70 29.50 1.57 3.70 0.00
3987 2009 240 12730.00 17.20 29.40 1.57 4.80 0.00
3987 2009 241 17360.00 11.10 21.20 1.04 5.40 0.40
3987 2009 242 15520.00 8.10 21.20 1.03 4.70 0.00
3987 2009 243 19870.00 8.90 26.50 1.05 3.60 0.00
3987 2009 244 19930.00 12.50 32.60 1.29 4.40 6.40
3987 2009 245 17120.00 15.00 23.30 1.53 3.00 2.20
3987 2009 246 8420.00 13.50 19.80 1.51 4.80 14.40
3987 2009 247 16410.00 12.00 20.90 1.15 5.20 3.40
3987 2009 248 9480.00 10.00 17.20 1.35 6.90 1.90
3987 2009 249 7950.00 10.40 17.90 1.29 5.50 0.00
3987 2009 250 12260.00 9.20 20.90 1.24 3.40 0.00
3987 2009 251 18600.00 11.10 26.30 1.30 3.10 0.00
3987 2009 252 17060.00 11.60 26.70 1.28 3.40 0.00
3987 2009 253 10710.00 12.60 22.00 1.43 3.20 0.00
3987 2009 254 15300.00 12.10 22.50 1.23 3.00 0.00
3987 2009 255 15700.00 8.80 21.40 1.11 2.40 0.10
3987 2009 256 6560.00 10.00 15.80 1.27 4.10 3.60
3987 2009 257 9510.00 10.70 19.50 1.28 4.60 0.00
3987 2009 258 7830.00 13.20 20.10 1.42 5.20 0.00
3987 2009 259 14090.00 11.70 23.50 1.47 3.80 0.00
3987 2009 260 16510.00 9.90 20.70 1.15 3.00 0.00
3987 2009 261 15830.00 8.20 21.40 1.11 3.00 0.00
3987 2009 262 16000.00 9.20 23.60 1.04 4.40 0.00
3987 2009 263 14700.00 10.20 25.60 1.27 2.70 0.00
3987 2009 264 11660.00 12.80 21.30 1.38 2.50 0.00
3987 2009 265 14110.00 10.30 23.80 1.19 3.80 0.00
3987 2009 266 11793.62 11.60 20.80 1.32 4.70 0.00
3987 2009 267 12650.00 9.80 19.70 1.12 4.00 0.00
3987 2009 268 10850.00 8.20 18.60 1.13 3.00 0.00
3987 2009 269 11180.00 8.30 20.60 1.11 2.30 0.00
3987 2009 270 14410.00 8.80 23.00 1.11 2.50 0.00
3987 2009 271 6360.00 8.50 17.40 1.24 5.00 0.10
3987 2009 272 3280.00 7.60 15.90 1.34 5.60 3.30
3987 2009 273 14560.00 4.90 14.70 0.91 3.30 0.50
3987 2009 274 6580.00 7.60 13.70 1.14 6.60 11.70
3987 2009 275 5080.00 5.70 11.70 0.96 5.10 2.00
3987 2009 276 5860.00 4.10 15.00 0.99 6.10 0.70
3987 2009 277 10550.00 8.60 15.80 0.95 8.20 0.00
3987 2009 278 10870.00 6.20 14.70 0.82 3.90 0.30
3987 2009 279 2590.00 8.60 14.70 1.24 3.40 4.50
3987 2009 280 7610.00 14.70 22.20 1.76 5.60 7.50
3987 2009 281 4820.00 7.10 17.50 1.29 4.00 16.60
3987 2009 282 12300.00 3.60 13.40 0.84 3.40 0.00
3987 2009 283 7280.00 3.50 13.20 0.89 4.30 9.50
3987 2009 284 2080.00 8.30 10.70 1.10 4.50 6.50
3987 2009 285 4050.00 3.60 9.40 0.94 5.20 4.50
3987 2009 286 7280.00 0.80 8.60 0.72 4.30 1.10
3987 2009 287 7890.00 1.10 7.40 0.57 5.50 0.20
3987 2009 288 1980.00 2.80 4.50 0.66 5.50 5.30
3987 2009 289 1990.00 2.50 4.60 0.75 4.10 4.90
3987 2009 290 3940.00 3.80 7.90 0.82 3.10 0.50
3987 2009 291 4420.00 3.10 8.30 0.80 2.80 0.00
3987 2009 292 10020.00 0.90 10.70 0.69 3.60 0.00
3987 2009 293 7560.00 -0.70 8.90 0.67 3.90 0.00
3987 2009 294 2440.00 3.60 7.70 0.79 3.90 0.00
3987 2009 295 2340.00 3.40 7.90 0.80 5.30 1.90
3987 2009 296 1030.00 5.60 6.70 0.90 1.80 0.40
3987 2009 297 2550.00 4.80 9.40 0.95 2.10 0.90
3987 2009 298 4200.00 6.80 13.40 1.12 4.10 1.00
3987 2009 299 4150.00 6.90 12.10 1.10 4.70 1.40
3987 2009 300 3680.00 9.20 12.50 1.11 4.30 0.00
3987 2009 301 1840.00 8.60 11.20 1.15 1.80 3.70
3987 2009 302 1100.00 2.40 9.90 1.00 2.60 0.80
3987 2009 303 7260.00 0.10 8.50 0.66 3.40 0.00
3987 2009 304 7780.00 -1.30 6.30 0.58 3.50 0.00
3987 2009 305 6880.00 -2.60 6.30 0.56 4.20 0.50
3987 2009 306 840.00 1.60 6.10 0.76 3.90 20.20
3987 2009 307 910.00 3.10 4.40 0.77 3.30 1.30
3987 2009 308 670.00 1.10 6.30 0.77 5.10 9.90
3987 2009 309 4270.00 4.80 10.40 0.87 4.80 0.00
3987 2009 310 4390.00 3.20 11.70 0.82 4.60 0.00
3987 2009 311 6380.00 1.40 10.40 0.73 4.20 0.00
3987 2009 312 3250.00 0.20 6.20 0.73 3.40 1.30
3987 2009 313 780.00 4.30 5.70 0.81 2.80 4.20
3987 2009 314 2040.00 3.90 7.10 0.85 2.80 0.00
3987 2009 315 1730.00 0.70 6.10 0.78 2.10 0.10
3987 2009 316 4090.00 5.30 9.70 0.87 3.10 0.20
3987 2009 317 2230.00 5.00 10.40 0.98 4.00 0.90
3987 2009 318 3110.00 8.50 13.70 1.11 4.80 0.20
3987 2009 319 4440.00 7.80 13.70 0.99 4.30 0.40
3987 2009 320 2770.00 4.90 10.70 0.98 3.60 0.30
3987 2009 321 1570.00 7.80 12.50 1.15 4.00 2.50
3987 2009 322 3410.00 5.80 11.80 0.92 7.50 0.40
3987 2009 323 3850.00 5.50 13.20 0.98 6.20 0.00
3987 2009 324 4270.00 4.50 14.40 0.88 5.40 0.00
3987 2009 325 2920.00 7.30 14.40 1.08 4.00 0.00
3987 2009 326 1810.00 7.70 13.70 0.98 5.10 0.00
3987 2009 327 2090.00 7.40 11.50 0.91 7.00 5.90
3987 2009 328 2000.00 8.40 11.40 1.00 7.40 1.50
3987 2009 329 3170.00 10.00 14.00 0.99 6.10 0.10
3987 2009 330 3750.00 5.50 11.30 0.82 5.90 0.00
3987 2009 331 1470.00 5.30 10.30 0.79 6.60 0.70
3987 2009 332 3250.00 5.00 9.50 0.78 6.10 1.20
3987 2009 333 2740.00 4.10 11.50 0.80 5.30 0.50
3987 2009 334 1600.00 2.00 6.50 0.77 3.40 8.80
3987 2009 335 620.00 0.10 6.10 0.86 3.40 4.50
3987 2009 336 1750.00 -0.60 2.00 0.61 2.90 0.00
3987 2009 337 1970.00 0.10 4.60 0.66 4.10 0.00
3987 2009 338 1120.00 -0.60 1.60 0.60 3.50 0.30
3987 2009 339 2820.00 -1.10 3.40 0.65 4.20 3.00
3987 2009 340 970.00 2.10 8.10 0.89 3.90 7.00
3987 2009 341 3350.00 0.50 8.90 0.88 4.20 0.00
3987 2009 342 710.00 0.80 5.70 0.81 3.70 1.20
3987 2009 343 1084.42 1.60 5.70 0.85 1.70 0.00
3987 2009 344 510.00 0.70 4.80 0.75 3.40 15.60
3987 2009 345 2550.00 1.40 4.50 0.69 3.70 0.00
3987 2009 346 930.00 -1.40 2.40 0.64 2.10 3.70
3987 2009 347 2480.00 -3.90 -1.40 0.45 2.40 0.00
3987 2009 348 1570.00 -2.60 -0.10 0.52 2.50 0.00
3987 2009 349 1260.00 -1.10 0.50 0.56 1.30 0.00
3987 2009 350 1560.00 -5.60 -1.00 0.47 1.70 0.10
3987 2009 351 1210.00 -6.20 -2.30 0.40 2.70 0.20
3987 2009 352 1810.00 -13.50 -5.70 0.22 4.50 0.60
3987 2009 353 2480.00 -14.90 -11.10 0.19 2.60 0.10
3987 2009 354 3250.00 -15.60 -7.30 0.21 3.60 2.10
3987 2009 355 1110.00 -7.30 -0.60 0.41 4.50 0.20
3987 2009 356 840.00 -4.60 3.50 0.54 5.10 7.50
3987 2009 357 2120.00 -1.50 1.70 0.60 2.70 0.60
3987 2009 358 620.00 -1.00 0.80 0.61 5.00 2.50
3987 2009 359 1060.00 0.60 5.70 0.69 6.60 2.00
3987 2009 360 2120.00 -0.10 6.20 0.62 7.90 0.00
3987 2009 361 2460.00 -1.40 2.70 0.51 4.80 0.40
3987 2009 362 570.00 -0.40 3.00 0.64 5.30 2.60
3987 2009 363 1150.00 -2.10 0.10 0.56 3.50 1.50
3987 2009 364 960.00 -1.80 -0.40 0.53 5.10 10.70
3987 2009 365 680.00 -2.50 -1.00 0.52 5.70 4.90
