*---------------------------------------------------------------------------*
* Station name: Potsdam Saekularstation
* Year: 2010
* Author: Pedro Alencar                                   -999.000: NIL VALUE
* Source: DWD
* Comments: Gaps filled with interpolation and storical means
* Longitude: 13.0622, latitude: 52.3812, altitude: 82.0 m.
*
    * Column  Daily value
    * 1       station number
    * 2       year
    * 3       day
    * 4       irradiation                   (kJ m-2 d-1)
    * 5       minimum temperature           (degrees Celsius
    * 6       maximum temperature           (degrees Celsius)
    * 7       early morning vapour pressure (kPa)
    * 8       mean wind speed (height: 2 m) (m s-1)
    * 9       precipitation                 (mm d-1)
    *
** WCCDESCRIPTION=Potsdam, Germany
** WCCFORMAT=2
** WCCYEARNR=2010
*---------------------------------------------------------------------------*
   13.0622 52.3812 82.0 -0.18 -0.55
3987 2010 1 900.00 -2.80 -1.20 0.46 3.20 2.30
3987 2010 2 1570.00 -4.50 -1.10 0.47 3.70 1.70
3987 2010 3 2120.00 -6.80 -3.30 0.40 2.30 0.00
3987 2010 4 980.00 -8.00 -5.50 0.34 2.70 0.00
3987 2010 5 2550.00 -10.70 -5.00 0.31 2.90 0.00
3987 2010 6 1030.00 -10.60 -6.30 0.32 2.10 0.00
3987 2010 7 1070.00 -8.80 -4.70 0.33 3.00 0.30
3987 2010 8 1520.00 -12.30 -3.50 0.32 3.30 1.50
3987 2010 9 1030.00 -3.50 -2.30 0.46 7.10 8.60
3987 2010 10 980.00 -5.10 -2.90 0.43 4.40 2.70
3987 2010 11 1220.00 -6.50 -3.10 0.40 1.60 0.00
3987 2010 12 1650.00 -5.70 -3.00 0.42 2.70 0.00
3987 2010 13 750.00 -4.40 -2.10 0.44 5.30 0.00
3987 2010 14 610.00 -4.10 -1.70 0.46 4.30 0.00
3987 2010 15 1260.00 -4.70 -2.10 0.44 4.50 0.00
3987 2010 16 990.00 -3.90 -2.00 0.44 4.70 0.00
3987 2010 17 1140.00 -4.60 0.90 0.50 4.80 2.20
3987 2010 18 770.00 -0.40 0.40 0.59 2.80 1.20
3987 2010 19 1090.00 -0.10 1.70 0.64 2.40 2.80
3987 2010 20 1560.00 -7.00 0.10 0.48 5.00 0.30
3987 2010 21 1700.00 -10.20 -6.00 0.30 3.10 0.00
3987 2010 22 1500.00 -10.80 -6.20 0.28 3.90 0.00
3987 2010 23 3290.00 -14.20 -9.10 0.23 4.40 0.00
3987 2010 24 3180.00 -15.50 -9.20 0.18 6.90 0.00
3987 2010 25 4630.00 -12.90 -7.40 0.20 5.60 0.00
3987 2010 26 5440.00 -16.70 -8.70 0.17 2.50 0.00
3987 2010 27 2550.00 -16.90 -1.90 0.23 4.70 4.50
3987 2010 28 2450.00 -2.00 2.40 0.57 7.80 5.30
3987 2010 29 3190.00 -1.10 1.40 0.57 4.90 5.40
3987 2010 30 2120.00 -7.70 0.20 0.43 7.20 0.30
3987 2010 31 4780.00 -9.60 -1.20 0.37 4.50 0.20
3987 2010 32 5260.00 -3.50 1.30 0.47 4.50 0.80
3987 2010 33 3750.00 -7.10 0.70 0.48 6.30 7.30
3987 2010 34 4490.00 -1.60 2.50 0.55 6.40 0.20
3987 2010 35 2040.00 -3.10 1.40 0.55 3.80 2.00
3987 2010 36 5850.00 -2.60 2.70 0.54 4.60 0.00
3987 2010 37 2430.00 -6.40 0.70 0.46 4.90 0.00
3987 2010 38 3360.00 -6.80 -3.10 0.36 2.50 0.00
3987 2010 39 2190.00 -5.70 -3.00 0.36 2.40 0.00
3987 2010 40 4860.00 -6.20 -3.30 0.33 3.60 0.00
3987 2010 41 2600.00 -6.60 -4.10 0.34 3.20 0.60
3987 2010 42 2340.00 -5.20 -2.00 0.40 4.20 4.10
3987 2010 43 2460.00 -3.00 0.40 0.50 3.50 2.20
3987 2010 44 3020.00 -3.80 -1.80 0.45 3.40 0.50
3987 2010 45 5470.00 -4.70 -1.00 0.40 1.70 0.00
3987 2010 46 4400.00 -4.50 -0.50 0.40 1.80 0.00
3987 2010 47 4430.00 -3.80 0.30 0.43 2.40 0.00
3987 2010 48 9670.00 -7.90 0.80 0.40 4.00 0.00
3987 2010 49 4030.00 -3.30 4.60 0.55 3.60 0.10
3987 2010 50 5060.00 -1.80 6.00 0.63 3.70 0.90
3987 2010 51 8230.00 -1.90 5.10 0.51 5.10 0.00
3987 2010 52 5310.00 -3.50 2.40 0.48 3.30 0.00
3987 2010 53 6340.00 -2.70 6.70 0.56 5.00 3.00
3987 2010 54 1910.00 -0.10 5.30 0.66 4.70 0.10
3987 2010 55 2320.00 -1.20 1.30 0.57 4.10 2.00
3987 2010 56 9680.00 0.00 10.40 0.70 4.90 0.00
3987 2010 57 3790.00 3.20 8.50 0.74 4.60 0.20
3987 2010 58 6660.00 1.90 8.60 0.64 5.70 0.10
3987 2010 59 4580.00 1.60 11.40 0.65 5.90 4.50
3987 2010 60 4410.00 1.00 6.00 0.60 9.80 0.70
3987 2010 61 5640.00 0.00 5.70 0.54 6.60 0.10
3987 2010 62 4750.00 -2.20 3.80 0.52 4.70 0.20
3987 2010 63 7720.00 -4.50 2.70 0.44 3.60 0.50
3987 2010 64 10480.00 -4.70 0.20 0.33 4.10 0.00
3987 2010 65 8350.00 -4.80 0.50 0.34 4.90 0.00
3987 2010 66 10970.00 -7.50 2.80 0.37 3.20 0.00
3987 2010 67 6910.00 -4.70 2.50 0.37 2.70 0.00
3987 2010 68 12630.00 -6.60 3.10 0.34 2.60 0.00
3987 2010 69 13110.00 -5.80 5.40 0.39 3.10 0.00
3987 2010 70 5070.00 -4.80 -1.50 0.45 3.30 0.50
3987 2010 71 2290.00 -2.10 4.60 0.64 5.40 3.60
3987 2010 72 4070.00 1.60 5.30 0.67 6.80 1.90
3987 2010 73 4620.00 -1.20 6.60 0.69 7.70 8.70
3987 2010 74 8360.00 -2.60 4.00 0.56 5.20 3.10
3987 2010 75 5040.00 -0.20 3.70 0.56 4.60 0.10
3987 2010 76 6230.00 0.20 9.90 0.68 4.40 0.00
3987 2010 77 13470.00 2.90 16.20 0.69 4.70 0.00
3987 2010 78 7260.00 5.80 16.20 0.78 5.20 0.20
3987 2010 79 4480.00 9.90 16.00 1.17 5.30 2.70
3987 2010 80 4250.00 4.00 13.40 1.11 5.70 3.50
3987 2010 81 16830.00 2.90 13.80 0.71 3.30 0.00
3987 2010 82 13050.00 4.90 14.50 0.75 4.60 0.00
3987 2010 83 12710.00 2.60 16.60 0.79 4.30 0.00
3987 2010 84 16660.00 4.10 21.30 0.86 4.10 0.00
3987 2010 85 12650.00 6.30 23.50 0.95 4.30 9.00
3987 2010 86 5700.00 4.80 11.80 0.93 5.80 3.70
3987 2010 87 7010.00 4.70 12.30 0.87 4.70 1.50
3987 2010 88 6230.00 3.20 10.10 0.88 2.90 0.10
3987 2010 89 10700.00 2.70 17.70 1.05 4.80 0.50
3987 2010 90 8600.00 4.10 12.20 0.82 5.00 0.00
3987 2010 91 14970.00 2.10 11.10 0.58 5.30 0.00
3987 2010 92 17580.00 0.00 12.50 0.49 2.60 0.00
3987 2010 93 14490.00 0.00 14.90 0.63 4.30 0.30
3987 2010 94 9790.00 5.90 14.90 0.80 4.60 0.50
3987 2010 95 5230.00 4.60 9.00 0.79 4.20 0.70
3987 2010 96 11590.00 3.40 13.10 0.68 2.90 0.00
3987 2010 97 20730.00 1.50 17.10 0.60 4.40 0.00
3987 2010 98 17760.00 2.90 20.30 0.78 4.20 0.00
3987 2010 99 11160.00 3.30 12.40 0.78 4.90 0.00
3987 2010 100 13870.00 3.80 13.40 0.71 4.70 0.10
3987 2010 101 6610.00 4.00 8.90 0.73 4.20 0.10
3987 2010 102 14340.00 3.80 16.10 0.77 4.70 0.00
3987 2010 103 15240.00 2.20 15.50 0.67 3.60 0.00
3987 2010 104 8480.00 3.40 12.30 0.73 3.70 0.30
3987 2010 105 4350.00 5.30 12.40 0.66 3.30 0.50
3987 2010 106 13800.00 2.20 13.80 0.61 4.60 0.00
3987 2010 107 22730.00 1.10 16.80 0.62 4.20 0.00
3987 2010 108 22960.00 4.60 21.20 0.57 2.50 0.00
3987 2010 109 18580.00 3.40 14.60 0.65 3.30 0.00
3987 2010 110 19760.00 1.80 17.10 0.63 3.60 1.10
3987 2010 111 15560.00 1.80 9.60 0.62 6.90 0.80
3987 2010 112 15050.00 2.80 10.90 0.55 4.90 0.00
3987 2010 113 23470.00 0.60 14.00 0.52 2.60 0.00
3987 2010 114 20020.00 2.90 17.50 0.55 2.60 0.00
3987 2010 115 23680.00 5.40 22.70 0.70 4.30 0.00
3987 2010 116 11180.00 7.40 18.30 1.03 5.00 3.10
3987 2010 117 11620.00 7.70 15.70 0.98 5.50 0.00
3987 2010 118 23160.00 6.10 21.00 0.91 3.50 0.00
3987 2010 119 18200.00 9.70 25.50 0.93 4.20 0.00
3987 2010 120 17080.00 12.10 24.70 1.10 6.30 0.20
3987 2010 121 13440.00 8.20 17.90 1.04 3.20 0.70
3987 2010 122 12780.00 7.20 16.00 0.98 2.60 9.00
3987 2010 123 2680.00 7.10 11.00 1.09 3.00 5.60
3987 2010 124 6060.00 2.50 10.50 0.87 2.30 0.00
3987 2010 125 25740.00 0.40 14.60 0.58 3.70 0.90
3987 2010 126 2300.00 6.30 7.90 0.89 6.00 9.60
3987 2010 127 6700.00 6.90 12.50 1.03 2.30 0.00
3987 2010 128 12050.00 6.90 13.90 0.94 2.80 0.00
3987 2010 129 14720.00 7.50 17.00 0.95 1.80 1.20
3987 2010 130 5270.00 6.40 11.20 1.02 2.60 0.10
3987 2010 131 7990.00 6.10 11.50 0.93 4.30 0.40
3987 2010 132 12470.00 6.80 17.80 1.17 4.40 0.00
3987 2010 133 5590.00 6.30 10.90 0.95 2.80 0.00
3987 2010 134 3610.00 7.30 10.50 0.95 2.90 9.40
3987 2010 135 4050.00 4.90 7.40 0.94 6.00 9.10
3987 2010 136 20760.00 6.50 16.20 0.82 6.10 0.00
3987 2010 137 19740.00 4.70 17.10 0.87 5.20 0.00
3987 2010 138 11720.00 7.60 13.20 0.90 6.20 8.00
3987 2010 139 2450.00 7.60 13.90 1.30 4.70 6.10
3987 2010 140 9980.00 11.60 18.10 1.45 2.40 0.00
3987 2010 141 19740.00 9.70 21.90 1.20 3.40 0.00
3987 2010 142 23040.00 10.30 20.00 1.33 3.30 0.00
3987 2010 143 14360.00 13.80 22.30 1.51 4.00 0.00
3987 2010 144 13090.00 10.20 19.50 1.43 4.80 2.00
3987 2010 145 23040.00 6.10 16.30 0.86 6.00 0.00
3987 2010 146 23970.00 4.50 16.00 0.78 2.40 4.00
3987 2010 147 10010.00 9.00 16.00 1.09 2.90 0.30
3987 2010 148 10890.00 8.60 17.30 1.21 3.40 0.40
3987 2010 149 25390.00 6.70 20.00 0.96 2.40 0.40
3987 2010 150 13820.00 10.80 18.60 1.34 3.50 4.90
3987 2010 151 3430.00 9.10 12.20 1.22 5.50 13.80
3987 2010 152 3250.00 8.70 10.80 1.16 4.20 1.00
3987 2010 153 6050.00 9.40 15.90 1.21 5.00 0.00
3987 2010 154 29420.00 10.20 24.50 1.12 4.90 0.00
3987 2010 155 30470.00 9.30 22.10 1.14 3.40 0.00
3987 2010 156 29870.00 10.50 26.50 1.22 2.20 0.00
3987 2010 157 23540.00 14.00 28.60 1.38 2.00 1.20
3987 2010 158 16480.00 12.70 22.30 1.53 6.20 0.00
3987 2010 159 24200.00 11.00 26.00 1.34 2.70 0.00
3987 2010 160 21420.00 16.60 28.40 1.71 2.60 0.00
3987 2010 161 23250.00 18.80 30.00 2.02 3.10 0.00
3987 2010 162 22810.00 17.50 28.90 1.83 5.80 0.00
3987 2010 163 6610.00 11.60 18.20 1.43 4.40 1.10
3987 2010 164 13180.00 9.40 17.00 1.04 3.80 0.00
3987 2010 165 21020.00 10.30 21.00 1.05 2.30 0.00
3987 2010 166 20240.00 9.70 20.70 1.11 3.30 0.00
3987 2010 167 31160.00 8.60 23.20 0.92 4.10 0.00
3987 2010 168 30700.00 11.10 25.50 0.98 4.00 0.00
3987 2010 169 26260.00 11.00 24.90 1.15 4.60 0.00
3987 2010 170 14570.00 9.60 17.20 0.92 5.30 0.00
3987 2010 171 20400.00 8.50 18.60 1.00 3.50 0.00
3987 2010 172 15440.00 9.30 18.40 1.21 3.30 3.40
3987 2010 173 23060.00 8.40 22.00 1.10 3.30 0.00
3987 2010 174 20400.00 10.90 22.50 1.15 2.60 0.00
3987 2010 175 26660.00 12.40 26.50 1.25 3.40 0.00
3987 2010 176 24870.00 15.10 27.00 1.40 2.50 0.00
3987 2010 177 27180.00 13.90 24.80 1.26 3.10 0.00
3987 2010 178 30120.00 12.40 27.40 1.13 3.00 0.00
3987 2010 179 30000.00 13.90 29.90 1.17 3.30 0.00
3987 2010 180 27640.00 15.80 32.50 1.25 2.70 0.00
3987 2010 181 25600.00 17.60 28.10 1.52 3.40 0.00
3987 2010 182 22160.00 16.90 28.50 1.65 2.00 0.00
3987 2010 183 24920.00 18.10 32.50 1.43 2.90 0.00
3987 2010 184 27610.00 19.00 33.50 1.45 3.50 0.00
3987 2010 185 21850.00 18.40 32.30 1.67 3.50 0.00
3987 2010 186 23980.00 18.20 30.30 1.67 3.00 0.20
3987 2010 187 18260.00 14.20 23.20 1.27 4.80 0.00
3987 2010 188 27140.00 11.60 24.70 1.05 3.20 0.00
3987 2010 189 28580.00 14.30 31.10 1.08 2.60 0.00
3987 2010 190 28110.00 18.00 34.80 1.30 3.20 0.00
3987 2010 191 25890.00 19.80 37.70 1.53 3.10 0.00
3987 2010 192 25650.00 21.60 38.20 1.66 3.30 0.00
3987 2010 193 23590.00 21.60 37.90 1.85 3.20 2.00
3987 2010 194 19820.00 19.10 28.90 1.90 3.20 0.10
3987 2010 195 25060.00 18.60 34.40 1.69 3.50 0.00
3987 2010 196 23200.00 19.30 30.20 1.58 4.70 0.00
3987 2010 197 26500.00 18.10 35.00 1.45 2.90 0.00
3987 2010 198 16190.00 18.30 29.20 1.87 3.80 1.80
3987 2010 199 16970.00 14.90 25.30 1.20 3.70 0.00
3987 2010 200 24600.00 14.20 28.10 1.08 2.50 0.00
3987 2010 201 27000.00 14.90 30.30 1.29 3.70 0.00
3987 2010 202 26900.00 17.70 33.60 1.50 3.10 0.00
3987 2010 203 19800.00 19.00 30.90 1.77 4.10 33.40
3987 2010 204 7600.00 15.10 21.30 1.86 2.50 1.00
3987 2010 205 7320.00 14.70 20.20 1.53 6.40 0.20
3987 2010 206 21900.00 13.30 23.30 1.31 5.60 0.00
3987 2010 207 20280.00 12.90 24.60 1.22 2.00 0.00
3987 2010 208 21810.00 14.30 27.00 1.27 2.50 0.00
3987 2010 209 18080.00 14.10 25.70 1.54 3.90 0.60
3987 2010 210 22670.00 11.90 23.70 1.29 4.60 0.00
3987 2010 211 23070.00 12.70 24.20 1.29 4.00 0.00
3987 2010 212 17540.00 12.90 27.20 1.20 3.50 0.00
3987 2010 213 18470.00 18.30 30.00 1.39 3.50 0.10
3987 2010 214 14540.00 17.40 27.30 1.74 2.70 2.70
3987 2010 215 6100.00 13.90 19.60 1.79 3.10 8.80
3987 2010 216 19850.00 12.40 23.20 1.44 3.00 0.00
3987 2010 217 18430.00 13.30 26.60 1.45 3.20 0.00
3987 2010 218 11880.00 14.70 25.50 1.83 3.70 10.20
3987 2010 219 13910.00 16.00 26.20 1.76 3.90 0.00
3987 2010 220 15310.00 16.20 25.70 1.57 2.10 0.00
3987 2010 221 19460.00 14.10 24.80 1.70 3.00 0.00
3987 2010 222 18670.00 15.30 26.80 1.57 2.40 0.00
3987 2010 223 11020.00 15.20 25.20 1.63 3.40 0.00
3987 2010 224 6960.00 15.40 22.70 1.87 2.90 8.40
3987 2010 225 16110.00 16.40 24.00 1.74 2.90 2.40
3987 2010 226 2960.00 14.60 17.50 1.79 2.90 6.10
3987 2010 227 9040.00 15.80 25.50 2.03 3.10 7.80
3987 2010 228 19000.00 15.10 23.30 1.63 3.30 0.80
3987 2010 229 11200.00 14.30 19.70 1.61 3.60 5.80
3987 2010 230 12290.00 13.20 22.00 1.61 5.10 0.50
3987 2010 231 20020.00 12.90 22.30 1.30 5.20 0.00
3987 2010 232 19730.00 12.80 25.80 1.29 3.30 0.00
3987 2010 233 21410.00 15.40 29.90 1.63 3.30 0.00
3987 2010 234 17600.00 18.20 29.90 2.02 3.70 3.10
3987 2010 235 9530.00 17.10 23.00 2.12 4.20 5.00
3987 2010 236 18710.00 14.70 22.70 1.42 6.20 0.10
3987 2010 237 13620.00 13.40 20.10 1.25 6.60 0.90
3987 2010 238 5130.00 12.70 17.00 1.59 2.40 8.40
3987 2010 239 4120.00 13.80 18.50 1.78 4.10 2.20
3987 2010 240 11170.00 10.50 17.40 1.35 5.00 6.40
3987 2010 241 7440.00 9.80 16.50 1.31 4.20 17.00
3987 2010 242 12090.00 9.40 16.20 1.22 3.30 0.00
3987 2010 243 17950.00 9.60 19.20 1.16 4.70 0.20
3987 2010 244 10470.00 9.60 19.10 1.30 4.10 0.00
3987 2010 245 9220.00 9.30 17.70 1.33 3.70 0.50
3987 2010 246 17100.00 7.70 18.30 1.09 2.20 0.00
3987 2010 247 10940.00 7.90 18.70 1.13 2.60 4.10
3987 2010 248 16340.00 7.70 18.60 1.09 3.30 0.00
3987 2010 249 17460.00 7.10 18.80 1.00 3.60 0.00
3987 2010 250 12980.00 7.80 18.50 1.11 4.60 0.00
3987 2010 251 12840.00 10.40 19.60 1.18 6.00 1.20
3987 2010 252 3070.00 12.50 15.90 1.48 3.00 2.50
3987 2010 253 11940.00 12.10 20.90 1.51 4.10 5.70
3987 2010 254 15720.00 10.60 22.40 1.43 2.90 0.00
3987 2010 255 16040.00 11.50 24.10 1.41 3.10 0.00
3987 2010 256 8070.00 10.90 19.00 1.53 4.20 6.60
3987 2010 257 2230.00 10.50 14.80 1.46 5.50 16.70
3987 2010 258 13720.00 11.30 17.30 1.27 6.30 3.50
3987 2010 259 12280.00 8.60 16.60 1.08 6.30 0.20
3987 2010 260 9010.00 9.80 14.90 1.15 5.60 4.50
3987 2010 261 11970.00 8.10 14.50 1.03 6.30 0.00
3987 2010 262 13050.00 7.20 16.60 1.02 4.80 0.00
3987 2010 263 7690.00 10.90 17.70 1.12 4.80 0.00
3987 2010 264 10820.00 10.00 18.00 1.28 4.20 0.00
3987 2010 265 15370.00 7.90 20.60 1.25 2.90 0.00
3987 2010 266 14790.00 9.10 23.60 1.31 3.90 0.00
3987 2010 267 10928.61 12.40 24.60 1.53 3.80 0.10
3987 2010 268 1830.00 9.50 15.50 1.38 3.30 23.60
3987 2010 269 1280.00 9.50 10.80 1.23 5.30 39.10
3987 2010 270 920.00 10.00 14.60 1.43 4.50 13.70
3987 2010 271 1880.00 8.80 11.90 1.18 4.60 0.60
3987 2010 272 7570.00 6.40 13.60 1.01 3.20 0.00
3987 2010 273 6500.00 4.60 11.60 0.91 2.20 0.00
3987 2010 274 14160.00 2.50 13.40 0.82 4.40 0.00
3987 2010 275 6250.00 4.10 12.90 0.97 4.90 0.00
3987 2010 276 11450.00 7.10 18.00 1.12 5.00 0.00
3987 2010 277 11250.00 8.00 17.40 1.11 5.00 0.00
3987 2010 278 6170.00 11.40 16.40 1.24 4.10 0.00
3987 2010 279 10710.00 11.30 18.60 1.32 4.00 0.00
3987 2010 280 6300.00 11.10 16.60 1.31 3.20 0.00
3987 2010 281 9060.00 8.20 16.00 1.06 5.10 0.00
3987 2010 282 10670.00 4.90 15.60 0.88 5.10 0.00
3987 2010 283 12340.00 3.10 15.20 0.75 4.20 0.00
3987 2010 284 5780.00 1.40 9.40 0.82 2.80 0.00
3987 2010 285 6030.00 3.30 8.60 0.84 1.70 0.00
3987 2010 286 11460.00 2.70 12.80 0.80 2.60 0.00
3987 2010 287 5420.00 1.50 10.80 0.90 4.20 0.00
3987 2010 288 3090.00 5.80 10.40 1.02 3.20 4.10
3987 2010 289 1560.00 5.30 8.30 0.94 3.60 5.70
3987 2010 290 7640.00 2.10 10.90 0.78 3.40 0.00
3987 2010 291 10190.00 0.30 9.90 0.63 3.30 0.20
3987 2010 292 1990.00 1.90 7.30 0.81 4.80 2.60
3987 2010 293 3450.00 4.20 8.50 0.87 6.20 3.30
3987 2010 294 3160.00 1.80 6.60 0.71 7.40 0.90
3987 2010 295 1910.00 3.60 8.40 0.75 6.20 0.00
3987 2010 296 8150.00 1.60 10.90 0.72 4.90 0.10
3987 2010 297 3810.00 4.10 11.00 0.83 7.00 0.70
3987 2010 298 7820.00 1.80 8.80 0.70 4.80 0.00
3987 2010 299 6870.00 2.20 8.70 0.68 4.30 0.00
3987 2010 300 4390.00 1.90 9.70 0.74 4.60 0.20
3987 2010 301 3910.00 7.10 11.60 0.85 4.30 0.00
3987 2010 302 7500.00 5.50 13.20 0.88 4.30 0.00
3987 2010 303 7230.00 6.60 15.80 0.86 4.80 0.00
3987 2010 304 4090.00 4.80 11.70 0.85 3.60 0.00
3987 2010 305 3030.00 4.60 10.50 0.92 2.90 0.00
3987 2010 306 2140.00 6.30 9.40 0.97 3.00 0.00
3987 2010 307 2700.00 7.70 14.00 1.05 6.50 9.00
3987 2010 308 1350.00 8.40 15.60 1.36 7.20 2.60
3987 2010 309 630.00 9.90 15.90 1.31 7.60 13.50
3987 2010 310 1610.00 3.50 9.90 1.02 4.50 2.60
3987 2010 311 3250.00 1.70 5.50 0.72 2.30 1.70
3987 2010 312 970.00 2.20 3.20 0.70 2.50 1.20
3987 2010 313 1670.00 1.40 5.00 0.70 2.70 0.00
3987 2010 314 4280.00 -0.60 9.70 0.80 3.80 3.30
3987 2010 315 4680.00 3.50 7.90 0.77 5.80 5.60
3987 2010 316 2330.00 5.40 11.70 0.87 7.80 2.60
3987 2010 317 900.00 8.10 11.20 1.15 4.90 4.20
3987 2010 318 4670.00 10.10 17.60 1.20 5.40 0.00
3987 2010 319 3290.00 6.90 13.00 0.91 3.90 3.80
3987 2010 320 690.00 3.90 6.90 0.83 4.50 16.70
3987 2010 321 530.00 3.40 4.20 0.75 3.50 0.20
3987 2010 322 410.00 4.20 6.10 0.88 2.50 7.50
3987 2010 323 1920.00 3.30 6.20 0.84 3.40 0.00
3987 2010 324 2350.00 3.10 8.00 0.85 2.40 0.00
3987 2010 325 2820.00 1.70 5.30 0.75 3.00 0.90
3987 2010 326 330.00 3.30 4.70 0.78 3.80 7.40
3987 2010 327 1170.00 0.90 4.50 0.69 6.50 4.30
3987 2010 328 1060.00 -1.30 1.50 0.57 6.10 0.50
3987 2010 329 2980.00 -3.50 0.90 0.49 2.60 0.20
3987 2010 330 1630.00 -3.80 0.30 0.50 2.30 0.10
3987 2010 331 2280.00 -5.10 -1.20 0.43 2.00 0.00
3987 2010 332 2780.00 -5.30 -0.70 0.43 4.00 0.00
3987 2010 333 640.00 -2.50 -1.10 0.44 5.30 0.00
3987 2010 334 3640.00 -6.60 -2.40 0.30 4.50 0.00
3987 2010 335 1690.00 -10.50 -6.50 0.24 8.00 7.00
3987 2010 336 1740.00 -14.30 -8.00 0.26 4.10 1.00
3987 2010 337 1700.00 -14.10 -4.70 0.30 3.90 0.00
3987 2010 338 3230.00 -11.00 -3.70 0.31 4.90 0.40
3987 2010 339 1040.00 -6.30 0.80 0.45 6.10 0.50
3987 2010 340 1420.00 -3.60 1.60 0.51 2.60 0.00
3987 2010 341 1120.00 -5.60 -1.10 0.45 3.30 0.30
3987 2010 342 860.00 -3.30 -1.80 0.47 3.70 9.50
3987 2010 343 1358.09 -4.40 0.40 0.49 6.60 0.80
3987 2010 344 1430.00 -4.10 0.30 0.45 5.30 6.40
3987 2010 345 670.00 0.20 4.90 0.71 8.50 4.80
3987 2010 346 780.00 -3.50 3.20 0.55 5.90 0.60
3987 2010 347 1240.00 -6.10 -1.80 0.40 4.70 0.70
3987 2010 348 1810.00 -4.30 -0.50 0.45 4.80 5.30
3987 2010 349 810.00 -7.80 -1.70 0.43 4.10 1.10
3987 2010 350 2380.00 -7.70 -3.30 0.37 5.30 3.40
3987 2010 351 1300.00 -5.90 -3.10 0.43 3.10 3.40
3987 2010 352 4290.00 -10.40 -5.00 0.31 2.70 0.00
3987 2010 353 1540.00 -14.10 -5.20 0.26 4.00 6.30
3987 2010 354 1750.00 -9.90 -4.00 0.36 4.90 1.20
3987 2010 355 1570.00 -13.20 -4.90 0.31 3.70 0.00
3987 2010 356 740.00 -5.60 -1.20 0.44 4.90 1.90
3987 2010 357 760.00 -1.20 0.60 0.59 3.40 0.40
3987 2010 358 270.00 -3.30 -0.10 0.55 4.60 10.00
3987 2010 359 940.00 -7.80 -3.20 0.38 5.50 1.30
3987 2010 360 1710.00 -10.10 -5.30 0.30 3.60 1.50
3987 2010 361 1450.00 -5.40 -1.70 0.43 3.50 4.80
3987 2010 362 1120.00 -8.30 -3.90 0.34 2.60 0.00
3987 2010 363 1230.00 -12.00 -7.20 0.28 1.50 0.00
3987 2010 364 1650.00 -13.50 -3.90 0.28 2.30 0.60
3987 2010 365 650.00 -3.90 1.20 0.60 5.80 0.10
