*---------------------------------------------------------------------------*
* Station name: Potsdam Saekularstation
* Year: 2001
* Author: Pedro Alencar                                   -999.000: NIL VALUE
* Source: DWD
* Comments: Gaps filled with interpolation and storical means
* Longitude: 13.0622, latitude: 52.3812, altitude: 82.0 m.
*
    * Column  Daily value
    * 1       station number
    * 2       year
    * 3       day
    * 4       irradiation                   (kJ m-2 d-1)
    * 5       minimum temperature           (degrees Celsius
    * 6       maximum temperature           (degrees Celsius)
    * 7       early morning vapour pressure (kPa)
    * 8       mean wind speed (height: 2 m) (m s-1)
    * 9       precipitation                 (mm d-1)
    *
** WCCDESCRIPTION=Potsdam, Germany
** WCCFORMAT=2
** WCCYEARNR=2001
*---------------------------------------------------------------------------*
   13.0622 52.3812 82.0 -0.18 -0.55
3987 2001 1 3080.00 -6.60 0.90 0.43 5.10 2.10
3987 2001 2 1660.00 0.00 3.60 0.67 4.80 0.00
3987 2001 3 3230.00 1.60 7.70 0.74 5.60 0.20
3987 2001 4 2630.00 -0.80 3.60 0.65 5.10 0.70
3987 2001 5 1560.00 3.00 5.30 0.77 6.00 8.50
3987 2001 6 1670.00 3.90 9.40 0.87 6.30 2.20
3987 2001 7 3150.00 1.90 6.90 0.75 4.40 0.00
3987 2001 8 3390.00 -0.30 6.10 0.64 4.30 0.00
3987 2001 9 1120.00 -1.00 4.30 0.67 5.00 0.00
3987 2001 10 2270.00 0.80 3.90 0.64 2.50 0.00
3987 2001 11 4740.00 -3.70 2.10 0.47 3.40 0.00
3987 2001 12 1210.00 -3.60 -0.70 0.55 2.70 0.00
3987 2001 13 940.00 -4.10 -1.10 0.50 2.10 0.00
3987 2001 14 1140.00 -3.30 -2.10 0.47 1.20 0.00
3987 2001 15 2090.00 -3.60 -0.20 0.47 2.80 0.00
3987 2001 16 4490.00 -6.00 0.80 0.41 4.30 0.00
3987 2001 17 4190.00 -7.10 -0.80 0.39 4.60 0.00
3987 2001 18 4170.00 -7.40 -0.30 0.42 4.10 0.10
3987 2001 19 1970.00 -4.50 0.50 0.48 3.70 0.00
3987 2001 20 2200.00 -6.10 0.30 0.49 3.50 0.00
3987 2001 21 1110.00 -3.90 0.10 0.55 3.80 0.00
3987 2001 22 640.00 -2.00 0.00 0.53 5.40 2.50
3987 2001 23 1460.00 -0.50 2.80 0.62 5.60 2.00
3987 2001 24 880.00 1.20 5.40 0.74 6.60 3.10
3987 2001 25 4220.00 1.30 8.60 0.75 4.20 0.20
3987 2001 26 5480.00 0.00 8.50 0.72 4.20 0.00
3987 2001 27 3550.00 -1.70 3.90 0.64 5.10 3.80
3987 2001 28 1530.00 0.80 2.80 0.71 6.10 2.30
3987 2001 29 700.00 1.40 2.70 0.69 3.20 0.80
3987 2001 30 1390.00 -0.70 1.40 0.61 1.60 0.40
3987 2001 31 3190.00 -0.90 2.40 0.57 1.70 0.00
3987 2001 32 1480.00 -2.00 0.80 0.56 2.80 1.90
3987 2001 33 4550.00 -3.90 -0.40 0.44 2.50 0.10
3987 2001 34 4190.00 -8.90 -3.70 0.34 3.70 2.80
3987 2001 35 2450.00 -5.30 -3.80 0.38 6.40 9.00
3987 2001 36 2470.00 -6.10 5.00 0.72 6.20 2.20
3987 2001 37 2860.00 4.10 11.60 0.99 6.30 3.10
3987 2001 38 1750.00 8.00 11.10 1.07 4.10 0.40
3987 2001 39 2990.00 6.40 12.90 0.84 5.40 0.00
3987 2001 40 1540.00 2.00 8.90 0.73 4.30 0.00
3987 2001 41 6640.00 -3.60 5.20 0.49 2.30 0.00
3987 2001 42 2750.00 -2.20 9.30 0.68 5.60 0.30
3987 2001 43 3260.00 6.90 11.40 0.97 5.90 1.00
3987 2001 44 3060.00 1.20 9.60 0.70 4.10 0.00
3987 2001 45 2480.00 -0.80 2.80 0.67 3.50 0.00
3987 2001 46 8710.00 -0.60 8.20 0.59 3.70 0.00
3987 2001 47 9220.00 -2.70 10.60 0.55 2.50 1.90
3987 2001 48 4240.00 -1.50 4.20 0.64 3.60 0.00
3987 2001 49 2990.00 -1.80 7.60 0.70 5.70 0.00
3987 2001 50 1690.00 -0.80 4.10 0.68 6.10 0.70
3987 2001 51 10040.00 1.00 7.40 0.62 7.60 0.00
3987 2001 52 4890.00 2.00 8.90 0.69 10.60 0.70
3987 2001 53 5630.00 0.00 4.70 0.63 8.80 10.50
3987 2001 54 3390.00 -4.10 1.60 0.51 3.40 8.10
3987 2001 55 8530.00 -8.60 -1.30 0.31 2.70 0.70
3987 2001 56 3890.00 -9.80 0.30 0.45 4.20 0.20
3987 2001 57 6360.00 -5.50 3.10 0.43 3.70 0.30
3987 2001 58 8300.00 -7.90 3.60 0.41 4.00 0.00
3987 2001 59 10930.00 -6.40 5.20 0.40 4.60 0.00
3987 2001 60 9840.00 -2.90 7.30 0.49 3.60 0.50
3987 2001 61 4340.00 -1.00 3.20 0.54 3.70 0.00
3987 2001 62 9480.00 -2.00 5.30 0.49 3.90 0.30
3987 2001 63 1550.00 -1.70 0.10 0.59 3.80 3.60
3987 2001 64 4890.00 -1.20 4.50 0.56 2.30 0.10
3987 2001 65 13340.00 -4.30 5.80 0.45 3.80 0.00
3987 2001 66 10000.00 -5.10 7.00 0.52 4.90 0.00
3987 2001 67 7440.00 3.40 11.50 0.73 3.60 2.40
3987 2001 68 6560.00 5.10 13.80 0.97 3.90 0.40
3987 2001 69 6570.00 6.40 14.00 1.01 4.60 1.00
3987 2001 70 4550.00 7.80 13.10 1.10 4.00 0.10
3987 2001 71 4290.00 8.60 14.10 1.18 4.30 1.30
3987 2001 72 10410.00 5.20 11.70 0.77 4.20 0.20
3987 2001 73 5750.00 2.90 8.00 0.73 6.90 6.10
3987 2001 74 10500.00 2.80 10.30 0.70 3.50 0.00
3987 2001 75 8910.00 2.00 10.80 0.71 3.40 0.00
3987 2001 76 3490.00 1.80 5.00 0.60 5.50 0.50
3987 2001 77 1750.00 0.40 2.80 0.69 5.00 4.10
3987 2001 78 4760.00 -0.20 7.70 0.72 7.20 4.50
3987 2001 79 13400.00 -3.70 4.10 0.41 4.90 0.00
3987 2001 80 14750.00 -5.20 4.30 0.43 4.30 0.00
3987 2001 81 3060.00 -1.10 2.60 0.56 4.50 0.70
3987 2001 82 1650.00 0.20 1.70 0.63 4.20 6.40
3987 2001 83 1750.00 0.20 2.40 0.65 5.30 0.60
3987 2001 84 2190.00 -0.70 0.20 0.58 7.30 13.80
3987 2001 85 16430.00 -2.30 5.30 0.42 4.10 0.00
3987 2001 86 14880.00 -5.30 2.90 0.34 4.10 0.00
3987 2001 87 17130.00 -4.30 6.00 0.43 6.10 0.00
3987 2001 88 7790.00 0.00 8.20 0.62 6.80 0.20
3987 2001 89 4810.00 1.80 8.10 0.86 2.20 0.90
3987 2001 90 14090.00 2.70 14.90 0.76 3.90 0.00
3987 2001 91 9670.00 7.10 16.90 0.98 3.50 0.00
3987 2001 92 17270.00 8.20 20.50 1.00 2.90 0.00
3987 2001 93 10330.00 7.30 20.80 1.04 4.50 1.80
3987 2001 94 13880.00 4.50 20.20 1.03 4.30 2.70
3987 2001 95 12220.00 4.80 12.90 0.70 6.10 0.00
3987 2001 96 4090.00 5.30 11.40 0.92 5.20 0.60
3987 2001 97 7360.00 7.10 15.20 1.00 4.10 1.40
3987 2001 98 12220.00 5.90 14.90 0.86 2.70 0.00
3987 2001 99 16260.00 2.70 12.30 0.64 3.90 0.00
3987 2001 100 9620.00 3.20 12.20 0.81 3.80 0.10
3987 2001 101 8330.00 4.30 14.30 0.93 3.10 0.00
3987 2001 102 15710.00 -0.10 10.70 0.63 7.10 3.40
3987 2001 103 6450.00 -0.30 4.10 0.53 6.10 0.00
3987 2001 104 15350.00 -1.70 6.60 0.47 4.00 0.10
3987 2001 105 4070.00 -1.30 3.90 0.63 3.10 2.40
3987 2001 106 7470.00 2.60 9.30 0.83 3.50 1.10
3987 2001 107 6860.00 3.40 7.90 0.74 4.20 0.20
3987 2001 108 7200.00 2.00 9.20 0.73 5.40 1.00
3987 2001 109 13550.00 0.30 8.80 0.63 4.40 1.80
3987 2001 110 15330.00 -1.60 10.60 0.61 2.00 0.20
3987 2001 111 10640.00 2.70 10.00 0.63 4.80 0.10
3987 2001 112 6470.00 2.80 8.40 0.66 3.70 0.10
3987 2001 113 14480.00 4.40 13.10 0.74 4.40 0.00
3987 2001 114 24040.00 1.50 17.80 0.63 3.50 0.00
3987 2001 115 18990.00 5.30 22.80 0.92 5.10 9.50
3987 2001 116 16220.00 5.50 16.80 0.96 4.80 0.10
3987 2001 117 13750.00 4.00 16.00 0.91 3.60 2.80
3987 2001 118 9440.00 6.20 14.80 1.03 3.80 0.40
3987 2001 119 14270.00 6.30 18.40 1.10 4.20 0.00
3987 2001 120 23690.00 10.10 25.90 1.23 3.50 0.00
3987 2001 121 23520.00 10.40 27.00 1.29 3.90 0.00
3987 2001 122 25180.00 6.90 22.40 0.76 3.90 0.00
3987 2001 123 24650.00 10.50 29.70 1.14 5.80 2.50
3987 2001 124 19410.00 11.30 20.60 1.35 4.40 0.00
3987 2001 125 3250.00 7.00 11.60 1.06 4.20 9.00
3987 2001 126 2220.00 5.90 8.00 0.97 4.70 1.40
3987 2001 127 16140.00 5.40 15.00 0.92 3.60 0.00
3987 2001 128 18810.00 7.60 22.60 1.27 2.60 3.80
3987 2001 129 27280.00 6.40 23.00 0.97 3.70 0.00
3987 2001 130 27210.00 10.50 24.80 1.05 3.50 0.00
3987 2001 131 27340.00 8.20 22.50 0.97 3.70 0.00
3987 2001 132 26590.00 6.90 22.30 0.89 2.60 0.00
3987 2001 133 22850.00 9.40 23.60 0.99 3.30 0.00
3987 2001 134 25790.00 11.40 26.40 0.95 2.90 0.00
3987 2001 135 12820.00 13.50 22.60 1.37 3.40 3.20
3987 2001 136 21210.00 12.70 23.40 1.32 4.40 0.30
3987 2001 137 11600.00 11.20 19.00 1.42 3.70 1.60
3987 2001 138 17860.00 9.70 17.80 1.09 5.50 0.20
3987 2001 139 20390.00 6.90 17.10 0.92 6.70 0.60
3987 2001 140 27030.00 5.20 18.40 0.88 4.30 0.00
3987 2001 141 26330.00 6.10 17.70 0.92 3.40 0.00
3987 2001 142 19760.00 8.10 19.90 0.91 1.90 0.00
3987 2001 143 29470.00 8.00 23.80 0.90 2.40 0.00
3987 2001 144 29250.00 9.80 25.20 1.03 2.90 0.00
3987 2001 145 29560.00 8.90 23.10 1.01 3.10 0.00
3987 2001 146 25230.00 9.40 24.90 0.94 3.20 0.00
3987 2001 147 21670.00 11.40 24.40 1.29 5.20 0.30
3987 2001 148 3960.00 14.70 17.20 1.71 6.30 11.80
3987 2001 149 24030.00 12.40 21.90 1.37 8.60 0.00
3987 2001 150 19750.00 11.50 19.10 1.11 6.20 0.00
3987 2001 151 6820.00 10.00 17.10 1.28 2.90 8.50
3987 2001 152 16240.00 8.40 16.40 1.17 5.70 0.60
3987 2001 153 9310.00 8.30 14.80 1.30 4.10 6.00
3987 2001 154 15440.00 7.00 15.10 0.99 7.40 2.30
3987 2001 155 8640.00 8.10 14.00 1.15 6.30 2.90
3987 2001 156 12750.00 10.20 16.10 1.19 3.80 0.00
3987 2001 157 17710.00 10.50 19.80 1.23 3.30 0.00
3987 2001 158 17100.00 9.20 20.20 1.25 4.80 0.70
3987 2001 159 10090.00 9.00 15.40 1.16 2.50 0.10
3987 2001 160 24290.00 8.10 18.30 0.97 2.40 0.30
3987 2001 161 4480.00 7.80 13.20 1.17 3.40 2.00
3987 2001 162 24230.00 6.90 18.10 1.02 3.70 0.00
3987 2001 163 10410.00 7.20 13.90 1.10 5.20 2.10
3987 2001 164 26720.00 5.50 19.20 1.03 2.20 0.00
3987 2001 165 17060.00 10.90 21.80 1.31 2.50 0.60
3987 2001 166 21340.00 10.10 23.90 1.41 3.10 1.60
3987 2001 167 16340.00 12.80 23.20 1.52 3.60 0.00
3987 2001 168 19430.00 11.50 23.70 1.55 2.30 12.10
3987 2001 169 10260.00 12.40 19.60 1.41 3.40 0.00
3987 2001 170 21570.00 9.90 20.30 1.21 6.20 0.00
3987 2001 171 29460.00 7.70 23.30 1.15 2.90 0.00
3987 2001 172 12870.00 11.80 21.30 1.35 3.20 1.00
3987 2001 173 15120.00 10.50 16.50 1.25 5.00 6.20
3987 2001 174 11300.00 10.50 19.60 1.42 7.00 0.80
3987 2001 175 19290.00 11.30 22.70 1.32 4.50 0.00
3987 2001 176 28530.00 9.70 22.70 1.33 3.40 0.00
3987 2001 177 28040.00 10.30 25.50 1.41 2.50 0.00
3987 2001 178 27840.00 13.80 29.00 1.46 3.60 0.00
3987 2001 179 9260.00 16.50 19.90 1.84 3.70 3.00
3987 2001 180 21250.00 14.10 25.40 1.62 2.50 0.00
3987 2001 181 25050.00 14.20 28.30 1.57 2.00 10.80
3987 2001 182 19530.00 14.00 22.60 1.55 5.50 0.00
3987 2001 183 15110.00 12.90 20.20 1.23 3.50 0.00
3987 2001 184 27350.00 11.60 24.70 1.27 3.00 0.00
3987 2001 185 21440.00 13.90 27.40 1.54 4.20 0.00
3987 2001 186 24860.00 16.40 30.40 1.65 3.70 0.00
3987 2001 187 26710.00 17.20 31.50 1.54 3.60 0.00
3987 2001 188 21240.00 18.00 31.70 1.85 3.60 3.20
3987 2001 189 8470.00 16.50 23.60 1.86 5.10 4.60
3987 2001 190 4090.00 14.60 19.10 1.87 5.20 13.70
3987 2001 191 17820.00 13.90 24.80 1.64 4.10 0.20
3987 2001 192 18640.00 13.60 22.90 1.53 5.50 6.30
3987 2001 193 21860.00 12.20 22.80 1.18 5.10 1.10
3987 2001 194 21540.00 13.40 22.90 1.33 4.60 1.70
3987 2001 195 14110.00 13.20 24.20 1.75 3.40 1.00
3987 2001 196 17090.00 14.20 21.40 1.60 4.00 3.80
3987 2001 197 3660.00 11.20 14.30 1.45 4.20 13.10
3987 2001 198 11850.00 10.20 18.20 1.32 2.00 0.00
3987 2001 199 18560.00 10.30 22.70 1.36 3.50 0.00
3987 2001 200 24140.00 11.90 25.40 1.35 4.20 0.00
3987 2001 201 23310.00 12.70 24.90 1.44 3.50 0.00
3987 2001 202 16510.00 13.80 22.70 1.42 4.00 0.00
3987 2001 203 22150.00 14.20 28.10 1.38 2.10 0.00
3987 2001 204 19890.00 17.80 30.30 1.62 2.90 0.00
3987 2001 205 24810.00 16.50 29.40 1.69 3.10 0.00
3987 2001 206 20660.00 14.70 29.50 1.75 2.80 0.00
3987 2001 207 24720.00 15.40 29.90 1.66 2.90 0.00
3987 2001 208 26640.00 14.70 29.60 1.52 2.70 0.00
3987 2001 209 26880.00 15.10 32.00 1.44 2.70 13.40
3987 2001 210 18870.00 17.20 26.30 1.96 2.90 0.00
3987 2001 211 24000.00 15.50 29.80 1.80 3.70 0.00
3987 2001 212 15370.00 16.70 25.90 1.83 2.00 14.90
3987 2001 213 18990.00 13.00 23.00 1.47 4.00 0.00
3987 2001 214 22960.00 11.90 25.10 1.34 3.30 0.00
3987 2001 215 14400.00 16.00 29.70 1.90 4.90 0.70
3987 2001 216 12650.00 13.70 23.40 1.69 3.40 3.40
3987 2001 217 17310.00 12.90 23.70 1.57 4.20 4.10
3987 2001 218 13270.00 11.00 21.30 1.53 3.90 2.30
3987 2001 219 15870.00 15.00 22.80 1.78 5.20 3.90
3987 2001 220 17130.00 14.10 24.80 1.55 5.40 0.20
3987 2001 221 15890.00 13.40 23.20 1.44 4.10 0.00
3987 2001 222 19010.00 12.00 22.20 1.32 5.20 0.00
3987 2001 223 16480.00 10.00 19.20 1.22 4.20 0.70
3987 2001 224 11910.00 10.70 23.60 1.36 4.60 4.20
3987 2001 225 3630.00 14.90 17.70 1.82 4.60 2.40
3987 2001 226 14900.00 17.10 27.90 2.06 3.00 0.00
3987 2001 227 22680.00 17.90 34.70 1.93 4.70 0.00
3987 2001 228 21490.00 18.90 35.40 1.94 3.90 0.00
3987 2001 229 15100.00 16.00 25.50 1.67 3.00 0.00
3987 2001 230 4710.00 14.10 19.60 1.79 3.60 0.40
3987 2001 231 9510.00 16.10 26.00 2.06 2.50 8.30
3987 2001 232 16060.00 15.30 27.10 1.78 3.70 0.00
3987 2001 233 6540.00 16.40 22.70 1.84 2.30 0.10
3987 2001 234 19380.00 17.10 27.90 1.84 2.90 0.00
3987 2001 235 18150.00 16.10 28.40 1.89 3.10 0.00
3987 2001 236 16630.00 15.50 30.40 1.99 2.40 0.00
3987 2001 237 19480.00 19.70 31.30 1.96 2.30 0.00
3987 2001 238 19570.00 18.50 33.00 1.80 2.60 0.00
3987 2001 239 9030.00 12.70 23.10 1.61 5.30 8.70
3987 2001 240 11610.00 10.90 18.10 1.19 7.60 0.00
3987 2001 241 16740.00 11.60 21.50 1.21 4.30 0.00
3987 2001 242 19690.00 10.70 24.20 1.26 4.40 0.00
3987 2001 243 6310.00 12.90 18.00 1.46 3.30 0.00
3987 2001 244 14280.00 12.80 22.70 1.47 4.40 0.00
3987 2001 245 12990.00 10.60 19.80 1.28 4.70 0.40
3987 2001 246 6460.00 14.30 21.10 1.67 4.20 3.20
3987 2001 247 8810.00 11.10 18.90 1.51 3.30 0.70
3987 2001 248 15810.00 9.20 19.20 1.31 3.10 0.80
3987 2001 249 12240.00 11.50 17.90 1.29 4.00 0.00
3987 2001 250 9060.00 11.30 16.90 1.36 4.90 10.20
3987 2001 251 12490.00 8.00 16.30 1.21 8.70 5.30
3987 2001 252 3380.00 7.90 11.70 1.14 9.50 29.00
3987 2001 253 6290.00 10.60 16.40 1.36 8.60 2.50
3987 2001 254 2210.00 10.00 11.50 1.24 7.30 11.10
3987 2001 255 9410.00 9.10 17.70 1.29 4.20 1.50
3987 2001 256 3900.00 9.00 14.40 1.32 5.00 9.60
3987 2001 257 6450.00 9.40 15.60 1.29 2.90 0.20
3987 2001 258 11620.00 8.60 17.30 1.26 4.40 2.20
3987 2001 259 13250.00 7.90 16.70 1.18 3.00 0.00
3987 2001 260 11850.00 7.30 16.40 1.10 2.70 0.00
3987 2001 261 2390.00 7.10 11.30 1.18 4.30 9.30
3987 2001 262 14100.00 7.10 17.90 1.11 4.40 0.00
3987 2001 263 4830.00 9.30 16.50 1.27 4.80 2.80
3987 2001 264 9620.00 10.30 16.70 1.31 4.00 3.00
3987 2001 265 6750.00 9.70 16.20 1.27 4.00 0.70
3987 2001 266 9157.46 8.50 18.30 1.13 3.50 0.00
3987 2001 267 3750.00 8.50 13.20 1.23 3.30 7.60
3987 2001 268 2430.00 10.20 12.80 1.33 2.10 0.20
3987 2001 269 7430.00 8.30 14.20 1.21 2.30 0.00
3987 2001 270 2860.00 6.90 12.20 1.22 3.10 21.40
3987 2001 271 8290.00 10.80 16.70 1.33 2.00 0.00
3987 2001 272 10910.00 11.70 19.50 1.47 3.20 0.10
3987 2001 273 3830.00 11.00 15.60 1.46 3.90 2.50
3987 2001 274 2790.00 12.00 16.40 1.56 5.60 8.20
3987 2001 275 4660.00 12.60 21.50 1.70 5.90 2.80
3987 2001 276 3270.00 12.00 17.20 1.64 4.10 11.80
3987 2001 277 9070.00 8.80 18.20 1.37 4.60 0.00
3987 2001 278 8930.00 7.40 16.70 1.24 3.30 0.00
3987 2001 279 12060.00 7.80 19.80 1.32 3.50 0.00
3987 2001 280 4150.00 10.50 16.50 1.52 3.60 1.30
3987 2001 281 10360.00 10.20 21.50 1.46 4.40 2.00
3987 2001 282 9370.00 9.50 17.80 1.26 4.90 0.00
3987 2001 283 11570.00 9.70 18.30 1.20 6.30 0.10
3987 2001 284 1910.00 12.50 14.40 1.43 6.10 2.90
3987 2001 285 10650.00 10.10 20.40 1.43 3.80 0.00
3987 2001 286 9890.00 9.50 21.80 1.38 3.40 0.00
3987 2001 287 8900.00 11.40 22.10 1.57 2.70 0.00
3987 2001 288 7820.00 12.00 21.10 1.51 3.10 0.00
3987 2001 289 8800.00 10.50 20.50 1.50 2.90 0.00
3987 2001 290 3200.00 10.10 14.30 1.35 2.50 0.00
3987 2001 291 3640.00 10.00 14.60 1.29 3.20 0.00
3987 2001 292 6400.00 8.50 15.80 1.23 3.50 0.00
3987 2001 293 8810.00 7.60 16.10 1.13 4.20 0.00
3987 2001 294 3010.00 7.10 13.00 1.18 3.70 3.60
3987 2001 295 1610.00 9.80 13.30 1.34 3.10 0.80
3987 2001 296 7070.00 5.30 13.30 1.04 3.90 0.00
3987 2001 297 4930.00 3.90 9.40 0.88 4.80 0.10
3987 2001 298 3270.00 7.30 13.20 1.18 2.40 0.00
3987 2001 299 7430.00 8.10 15.90 1.18 3.60 0.00
3987 2001 300 3660.00 8.10 14.00 1.21 5.20 1.50
3987 2001 301 4650.00 8.60 13.10 1.18 5.40 0.00
3987 2001 302 1710.00 8.40 10.90 1.13 6.40 3.90
3987 2001 303 5070.00 10.60 17.10 1.27 7.70 0.00
3987 2001 304 4010.00 8.40 18.30 1.08 8.70 0.00
3987 2001 305 5880.00 4.00 10.50 0.82 8.50 0.00
3987 2001 306 1930.00 3.00 9.80 1.00 4.20 0.00
3987 2001 307 1140.00 7.90 10.60 1.04 4.80 0.00
3987 2001 308 3990.00 8.20 11.70 0.97 4.70 0.50
3987 2001 309 5460.00 2.80 9.50 0.78 7.00 0.00
3987 2001 310 1420.00 2.70 8.50 0.81 7.00 1.30
3987 2001 311 2550.00 4.90 8.80 0.91 6.00 1.10
3987 2001 312 1090.00 1.80 7.10 0.87 4.70 7.10
3987 2001 313 2980.00 -1.80 4.40 0.61 5.10 0.50
3987 2001 314 6840.00 -3.30 4.30 0.51 4.30 0.00
3987 2001 315 1650.00 -1.20 4.70 0.59 4.80 0.00
3987 2001 316 1870.00 4.50 8.20 0.92 4.30 1.10
3987 2001 317 6230.00 -1.40 6.20 0.62 2.90 0.00
3987 2001 318 4040.00 -2.60 3.90 0.56 2.00 0.00
3987 2001 319 3080.00 -2.60 4.80 0.57 5.00 0.00
3987 2001 320 2790.00 0.70 7.40 0.81 4.10 0.00
3987 2001 321 1580.00 0.70 6.70 0.85 3.80 0.30
3987 2001 322 1370.00 4.70 6.50 0.90 3.50 0.00
3987 2001 323 1350.00 -0.20 7.80 0.87 3.70 0.00
3987 2001 324 4150.00 -1.80 2.30 0.63 3.40 0.00
3987 2001 325 2860.00 2.30 9.20 0.83 6.50 1.30
3987 2001 326 910.00 0.10 7.80 0.80 8.10 6.20
3987 2001 327 4310.00 -0.80 3.50 0.54 7.50 0.00
3987 2001 328 4500.00 -2.30 2.30 0.55 3.60 0.00
3987 2001 329 2170.00 -1.20 3.60 0.61 2.60 0.10
3987 2001 330 660.00 0.70 5.50 0.74 3.30 3.70
3987 2001 331 1320.00 1.80 3.90 0.73 1.60 1.40
3987 2001 332 1350.00 2.30 5.80 0.78 4.30 0.50
3987 2001 333 670.00 2.60 4.50 0.79 3.60 10.20
3987 2001 334 900.00 0.40 3.80 0.69 4.90 0.00
3987 2001 335 3870.00 -1.80 2.10 0.54 6.30 0.00
3987 2001 336 1750.00 -1.40 1.00 0.55 5.00 0.00
3987 2001 337 630.00 -1.30 -0.10 0.56 3.90 0.00
3987 2001 338 1530.00 -1.50 4.90 0.62 4.90 6.90
3987 2001 339 1590.00 3.90 7.60 0.89 5.10 5.20
3987 2001 340 310.00 4.10 4.70 0.83 3.80 2.00
3987 2001 341 590.00 2.10 4.70 0.82 2.00 3.60
3987 2001 342 1280.00 -1.90 2.10 0.58 2.20 0.00
3987 2001 343 1593.09 -4.10 -1.50 0.46 1.50 0.00
3987 2001 344 950.00 -2.50 2.20 0.56 3.00 0.30
3987 2001 345 560.00 2.20 3.30 0.74 2.70 0.80
3987 2001 346 660.00 0.90 5.20 0.73 3.80 0.60
3987 2001 347 3540.00 -10.90 1.00 0.30 5.30 0.00
3987 2001 348 3710.00 -12.20 -4.00 0.26 2.40 0.10
3987 2001 349 1070.00 -4.70 0.60 0.52 2.90 0.00
3987 2001 350 1500.00 -0.60 0.80 0.55 3.60 1.20
3987 2001 351 860.00 -0.50 1.10 0.61 2.90 0.70
3987 2001 352 630.00 -0.90 1.70 0.61 4.40 0.00
3987 2001 353 700.00 0.60 4.10 0.70 7.70 3.20
3987 2001 354 3490.00 -6.40 0.80 0.38 5.70 0.50
3987 2001 355 460.00 -5.40 0.80 0.54 8.40 11.70
3987 2001 356 2170.00 -4.10 0.40 0.48 3.60 0.30
3987 2001 357 3590.00 -8.60 -4.10 0.30 6.00 0.00
3987 2001 358 810.00 -6.60 -0.30 0.39 8.10 10.50
3987 2001 359 700.00 -0.30 2.40 0.64 8.60 5.20
3987 2001 360 520.00 0.30 1.80 0.62 6.10 0.10
3987 2001 361 1710.00 -1.50 1.80 0.53 6.70 4.90
3987 2001 362 880.00 0.50 4.40 0.66 7.50 3.30
3987 2001 363 2400.00 -3.10 3.50 0.53 7.80 0.00
3987 2001 364 880.00 -4.50 0.10 0.53 3.50 4.00
3987 2001 365 2520.00 -8.40 -3.90 0.37 4.90 0.10
