*---------------------------------------------------------------------------*
* Station name: Potsdam Saekularstation
* Year: 2003
* Author: Pedro Alencar                                   -999.000: NIL VALUE
* Source: DWD
* Comments: Gaps filled with interpolation and storical means
* Longitude: 13.0622, latitude: 52.3812, altitude: 82.0 m.
*
    * Column  Daily value
    * 1       station number
    * 2       year
    * 3       day
    * 4       irradiation                   (kJ m-2 d-1)
    * 5       minimum temperature           (degrees Celsius
    * 6       maximum temperature           (degrees Celsius)
    * 7       early morning vapour pressure (kPa)
    * 8       mean wind speed (height: 2 m) (m s-1)
    * 9       precipitation                 (mm d-1)
    *
** WCCDESCRIPTION=Potsdam, Germany
** WCCFORMAT=2
** WCCYEARNR=2003
*---------------------------------------------------------------------------*
   13.0622 52.3812 82.0 -0.18 -0.55
3987 2003 1 1040.00 -13.20 1.50 0.33 4.60 12.60
3987 2003 2 740.00 1.50 7.10 0.88 5.40 16.10
3987 2003 3 1040.00 -0.70 4.20 0.62 2.40 0.90
3987 2003 4 2720.00 -6.40 -0.60 0.46 2.70 0.00
3987 2003 5 2410.00 -9.70 -3.60 0.34 2.60 1.40
3987 2003 6 1020.00 -8.70 -2.70 0.41 3.50 0.40
3987 2003 7 3410.00 -14.50 -8.30 0.22 1.70 0.00
3987 2003 8 3280.00 -14.60 -9.30 0.22 1.20 0.00
3987 2003 9 2800.00 -15.60 -7.00 0.23 2.10 0.00
3987 2003 10 790.00 -8.50 -3.90 0.37 2.10 0.10
3987 2003 11 3100.00 -11.20 -5.10 0.31 2.30 0.10
3987 2003 12 890.00 -5.10 0.40 0.52 5.70 4.30
3987 2003 13 540.00 -1.20 3.20 0.63 7.00 2.80
3987 2003 14 480.00 3.00 6.70 0.88 8.00 0.10
3987 2003 15 690.00 3.30 6.60 0.71 7.60 0.10
3987 2003 16 2364.71 2.90 6.50 0.72 7.70 0.00
3987 2003 17 4840.00 -0.10 6.20 0.62 4.80 0.00
3987 2003 18 1050.00 -1.90 2.80 0.58 4.60 0.00
3987 2003 19 4680.00 0.90 5.50 0.59 4.40 1.80
3987 2003 20 4670.00 1.50 8.60 0.75 5.10 0.20
3987 2003 21 2500.00 -0.70 5.30 0.59 4.40 0.00
3987 2003 22 4670.00 -1.90 6.40 0.57 4.30 0.00
3987 2003 23 1750.00 1.90 6.40 0.75 3.10 4.40
3987 2003 24 1210.00 1.60 3.30 0.71 3.10 0.00
3987 2003 25 2660.00 0.90 4.30 0.64 3.80 1.30
3987 2003 26 1250.00 0.50 4.70 0.72 5.10 1.40
3987 2003 27 710.00 3.30 9.10 0.95 7.00 5.40
3987 2003 28 2330.00 0.90 9.30 0.80 9.00 7.00
3987 2003 29 2170.00 -0.30 4.20 0.66 5.30 1.60
3987 2003 30 2130.00 -1.50 1.20 0.59 3.00 1.90
3987 2003 31 1110.00 -7.70 -0.50 0.48 2.50 4.60
3987 2003 32 5000.00 -9.80 -3.10 0.33 2.90 0.00
3987 2003 33 2930.00 -7.60 0.00 0.41 5.20 2.10
3987 2003 34 3870.00 -1.30 3.60 0.62 5.40 0.00
3987 2003 35 4020.00 -1.40 3.50 0.55 4.70 2.60
3987 2003 36 3910.00 -3.80 1.10 0.53 2.40 0.00
3987 2003 37 2180.00 -3.70 -1.50 0.43 4.10 0.00
3987 2003 38 3560.00 -7.20 0.00 0.42 2.50 0.70
3987 2003 39 3030.00 -5.60 1.10 0.53 2.60 1.00
3987 2003 40 6570.00 -7.50 1.30 0.40 4.20 0.00
3987 2003 41 1650.00 -6.20 -0.70 0.43 3.50 0.00
3987 2003 42 3780.00 -6.20 0.40 0.41 3.00 0.00
3987 2003 43 8420.00 -9.00 0.30 0.33 4.60 0.00
3987 2003 44 9060.00 -11.10 1.20 0.23 5.10 0.00
3987 2003 45 8280.00 -9.00 2.40 0.26 2.90 0.10
3987 2003 46 2020.00 -3.20 0.90 0.45 3.40 0.10
3987 2003 47 9240.00 -6.50 -1.20 0.32 3.60 0.00
3987 2003 48 7540.00 -9.40 -2.00 0.32 1.70 0.00
3987 2003 49 1750.00 -9.60 -2.80 0.39 1.00 0.10
3987 2003 50 1890.00 -2.90 -0.60 0.51 1.50 0.00
3987 2003 51 1670.00 -2.20 -1.10 0.51 2.10 0.00
3987 2003 52 2100.00 -2.80 0.60 0.51 4.20 0.00
3987 2003 53 9560.00 -3.30 5.30 0.50 4.50 0.00
3987 2003 54 10730.00 -4.80 7.10 0.42 4.30 0.00
3987 2003 55 10890.00 -4.20 8.80 0.43 3.80 0.00
3987 2003 56 11120.00 -4.90 10.30 0.41 5.00 0.00
3987 2003 57 10940.00 -4.10 7.80 0.40 4.30 0.00
3987 2003 58 10640.00 -3.80 9.60 0.47 2.30 0.00
3987 2003 59 7120.00 -2.80 4.00 0.51 2.30 0.00
3987 2003 60 7380.00 -0.30 6.40 0.58 4.70 0.00
3987 2003 61 5640.00 -1.00 5.50 0.58 6.50 4.20
3987 2003 62 3210.00 -1.90 0.40 0.53 2.60 0.40
3987 2003 63 4910.00 -3.00 2.30 0.48 2.40 0.10
3987 2003 64 7480.00 -4.20 6.10 0.49 4.80 0.00
3987 2003 65 9260.00 -2.90 5.40 0.42 6.40 1.80
3987 2003 66 4340.00 -0.30 6.30 0.64 2.70 0.00
3987 2003 67 7330.00 -0.50 10.60 0.68 5.20 2.40
3987 2003 68 1710.00 4.90 8.20 0.92 6.00 3.90
3987 2003 69 6870.00 3.00 14.10 0.88 5.20 0.00
3987 2003 70 3760.00 6.30 12.30 0.97 5.20 7.00
3987 2003 71 5420.00 2.90 10.10 0.92 5.80 4.70
3987 2003 72 14760.00 -1.00 6.80 0.46 4.70 0.00
3987 2003 73 7650.00 -1.10 7.00 0.54 3.40 0.00
3987 2003 74 14540.00 -1.80 9.40 0.56 2.30 0.00
3987 2003 75 14360.00 -2.00 11.90 0.63 3.10 0.00
3987 2003 76 5200.00 0.00 6.60 0.62 4.00 0.00
3987 2003 77 15360.00 -1.40 13.80 0.62 3.30 0.00
3987 2003 78 2360.00 0.40 4.90 0.65 5.30 0.00
3987 2003 79 2480.00 -1.90 3.70 0.59 3.90 0.00
3987 2003 80 16910.00 -5.00 4.70 0.31 4.90 0.00
3987 2003 81 17330.00 -5.50 8.80 0.26 3.80 0.00
3987 2003 82 17400.00 -2.80 15.50 0.31 3.60 0.00
3987 2003 83 17490.00 2.40 18.90 0.42 4.10 0.10
3987 2003 84 14330.00 4.30 15.80 0.78 4.00 0.00
3987 2003 85 8930.00 -0.20 12.00 0.81 2.70 0.00
3987 2003 86 7410.00 3.30 14.10 0.86 3.40 0.10
3987 2003 87 12240.00 3.30 14.60 0.87 2.10 0.00
3987 2003 88 16050.00 3.10 16.50 0.71 2.80 0.00
3987 2003 89 15680.00 4.90 17.90 0.81 5.00 0.00
3987 2003 90 17030.00 3.00 12.80 0.57 5.50 0.00
3987 2003 91 16410.00 0.40 15.70 0.51 5.20 2.00
3987 2003 92 10030.00 3.50 10.90 0.84 5.90 2.00
3987 2003 93 7060.00 2.20 8.10 0.70 4.70 4.30
3987 2003 94 19150.00 -1.60 10.90 0.55 5.40 0.00
3987 2003 95 11280.00 -0.50 10.50 0.57 7.50 0.00
3987 2003 96 14830.00 -3.10 5.70 0.38 5.70 0.10
3987 2003 97 8910.00 -3.10 3.00 0.42 4.80 0.10
3987 2003 98 11900.00 -3.80 5.10 0.36 3.30 0.00
3987 2003 99 9860.00 -5.80 3.50 0.42 3.70 1.10
3987 2003 100 10670.00 -3.10 4.80 0.48 1.70 0.00
3987 2003 101 13480.00 -1.90 9.00 0.48 2.90 0.00
3987 2003 102 19720.00 -0.50 13.10 0.48 3.10 0.00
3987 2003 103 20390.00 2.40 16.20 0.55 4.20 0.00
3987 2003 104 21700.00 2.90 18.60 0.57 5.70 0.00
3987 2003 105 21660.00 5.60 20.90 0.65 5.50 0.00
3987 2003 106 21990.00 7.00 19.80 0.60 5.40 0.00
3987 2003 107 21100.00 6.50 20.60 0.61 3.80 0.00
3987 2003 108 5420.00 3.20 8.20 0.69 5.20 2.00
3987 2003 109 13390.00 3.90 14.60 0.73 7.00 0.20
3987 2003 110 21470.00 7.20 21.30 0.67 6.50 0.00
3987 2003 111 21840.00 7.80 21.40 0.61 5.70 0.00
3987 2003 112 22450.00 7.10 22.20 0.55 4.00 0.00
3987 2003 113 21190.00 4.80 20.00 0.67 3.40 0.00
3987 2003 114 18620.00 4.00 20.80 0.79 2.20 0.00
3987 2003 115 19240.00 6.50 22.40 0.79 3.90 0.00
3987 2003 116 6190.00 9.80 21.80 1.04 4.60 1.40
3987 2003 117 17470.00 8.20 18.50 1.00 7.10 1.20
3987 2003 118 13440.00 7.40 18.90 1.04 4.60 0.10
3987 2003 119 9900.00 10.60 22.00 1.28 5.60 3.30
3987 2003 120 11370.00 8.30 22.40 1.41 4.40 1.00
3987 2003 121 16286.31 9.70 18.60 0.99 7.00 0.00
3987 2003 122 19563.28 7.00 20.50 0.93 4.00 0.00
3987 2003 123 11979.34 7.40 15.70 0.95 7.00 0.30
3987 2003 124 24592.20 5.50 22.50 0.80 4.00 0.00
3987 2003 125 22556.07 9.10 30.70 0.95 4.70 0.00
3987 2003 126 14538.81 10.10 22.40 1.28 4.00 0.00
3987 2003 127 19667.94 9.60 20.10 0.91 2.30 0.00
3987 2003 128 22079.19 8.20 27.10 1.08 4.00 0.00
3987 2003 129 10011.46 11.70 17.40 1.07 2.60 0.00
3987 2003 130 11471.64 10.20 18.40 1.00 2.10 0.00
3987 2003 131 20036.69 10.10 23.00 0.99 3.10 0.00
3987 2003 132 13784.73 12.10 22.30 1.35 3.10 8.20
3987 2003 133 12497.73 6.30 16.40 1.24 4.00 1.70
3987 2003 134 16853.79 5.00 16.10 0.84 4.30 0.00
3987 2003 135 18591.00 5.50 14.60 0.90 3.50 1.40
3987 2003 136 15911.94 4.40 15.90 0.84 2.00 0.10
3987 2003 137 15900.87 5.50 21.20 0.99 4.00 0.10
3987 2003 138 17836.30 8.80 20.50 1.35 4.00 10.10
3987 2003 139 11226.85 11.70 18.50 1.42 3.20 7.40
3987 2003 140 19028.37 8.90 19.10 1.07 5.60 0.00
3987 2003 141 15765.75 6.90 17.60 1.03 4.30 0.00
3987 2003 142 18531.85 8.40 19.00 1.11 3.70 0.00
3987 2003 143 10540.25 12.60 19.50 1.50 3.90 1.00
3987 2003 144 24159.10 11.70 29.70 1.47 4.20 0.00
3987 2003 145 26468.91 14.70 28.20 1.53 4.30 4.20
3987 2003 146 15671.96 12.80 21.00 1.34 3.80 0.00
3987 2003 147 22738.69 11.20 23.80 1.20 3.00 0.00
3987 2003 148 20500.78 12.00 24.20 1.09 3.70 0.00
3987 2003 149 27944.19 10.40 26.40 1.06 3.60 0.00
3987 2003 150 28035.40 11.70 28.80 0.90 3.20 0.00
3987 2003 151 16983.46 13.00 26.00 1.45 3.00 0.90
3987 2003 152 27411.41 12.60 27.20 1.31 2.50 0.00
3987 2003 153 27350.00 14.00 30.20 1.36 4.00 0.00
3987 2003 154 24010.00 16.20 32.10 1.46 4.30 0.00
3987 2003 155 25280.00 18.10 33.30 1.43 4.10 0.00
3987 2003 156 24260.13 17.30 31.90 1.79 3.50 9.30
3987 2003 157 26930.00 14.70 24.50 1.43 3.00 0.10
3987 2003 158 26410.00 13.20 28.90 1.49 2.10 0.00
3987 2003 159 25660.00 16.60 32.90 1.59 4.10 15.60
3987 2003 160 28100.00 12.50 22.50 1.32 6.10 0.00
3987 2003 161 25130.00 11.00 27.50 1.36 2.60 1.30
3987 2003 162 20490.00 15.40 25.90 1.66 5.50 0.00
3987 2003 163 27750.00 13.20 28.70 1.56 1.90 0.20
3987 2003 164 28710.00 13.70 24.30 1.20 4.00 0.00
3987 2003 165 22940.00 12.00 23.80 1.16 2.50 0.00
3987 2003 166 24540.00 10.80 23.20 1.17 2.50 0.00
3987 2003 167 23940.00 12.00 23.30 1.20 3.40 0.00
3987 2003 168 25440.00 12.50 25.00 1.11 3.20 0.00
3987 2003 169 12190.00 14.20 21.20 1.38 3.00 0.40
3987 2003 170 11950.00 13.20 22.80 1.59 5.40 5.30
3987 2003 171 20020.00 12.00 20.60 1.30 8.90 2.80
3987 2003 172 12830.00 10.80 18.90 1.17 7.50 0.20
3987 2003 173 24720.00 9.40 22.50 1.14 3.50 0.00
3987 2003 174 19805.21 14.00 28.40 1.60 5.30 7.50
3987 2003 175 22530.00 13.40 23.40 1.36 6.90 0.00
3987 2003 176 16700.00 11.50 20.60 1.27 5.80 0.00
3987 2003 177 14690.00 10.90 22.30 1.39 2.30 0.00
3987 2003 178 25070.00 11.10 24.60 1.19 3.50 0.00
3987 2003 179 29930.00 12.40 27.70 1.13 2.50 0.00
3987 2003 180 18590.00 14.90 28.80 1.33 3.10 0.00
3987 2003 181 24800.00 14.80 26.50 1.32 3.10 0.20
3987 2003 182 10320.00 16.20 22.40 1.63 4.10 0.60
3987 2003 183 18820.00 13.90 23.40 1.48 5.30 1.30
3987 2003 184 22600.00 12.60 23.50 1.44 4.90 3.20
3987 2003 185 12100.00 14.00 20.10 1.47 6.60 4.70
3987 2003 186 6110.00 13.50 17.50 1.62 7.20 1.20
3987 2003 187 8630.00 13.40 18.50 1.42 6.10 0.10
3987 2003 188 17250.00 13.10 22.70 1.28 4.10 0.00
3987 2003 189 19880.00 12.80 23.60 1.31 3.00 0.00
3987 2003 190 10790.00 14.40 21.80 1.48 3.40 1.80
3987 2003 191 15810.00 12.50 21.80 1.32 4.60 0.00
3987 2003 192 28250.00 11.70 28.30 1.33 2.90 2.90
3987 2003 193 18620.00 13.20 23.50 1.38 5.60 0.00
3987 2003 194 21500.00 11.80 23.20 1.30 3.40 0.00
3987 2003 195 29460.00 13.10 27.70 1.26 3.20 0.00
3987 2003 196 25257.37 14.70 29.00 1.56 2.90 0.00
3987 2003 197 22864.15 17.50 32.00 1.63 3.42 0.80
3987 2003 198 16230.00 17.50 30.10 1.91 3.20 12.10
3987 2003 199 22460.00 16.80 27.00 1.73 3.70 0.00
3987 2003 200 26970.00 16.20 30.90 1.54 2.80 0.00
3987 2003 201 26870.00 17.90 33.20 1.50 3.90 0.00
3987 2003 202 22148.42 19.40 33.10 1.71 3.20 0.40
3987 2003 203 25450.00 18.40 29.00 1.88 3.20 0.00
3987 2003 204 21090.00 17.60 28.40 1.57 2.40 0.10
3987 2003 205 17350.00 17.30 28.60 1.87 3.20 2.30
3987 2003 206 19780.00 17.00 27.60 1.72 2.70 1.50
3987 2003 207 9830.00 16.60 25.40 1.90 2.80 4.10
3987 2003 208 18660.00 18.00 33.70 2.06 4.20 12.70
3987 2003 209 16390.00 16.50 26.00 1.77 2.90 0.30
3987 2003 210 19200.00 15.50 26.10 1.53 2.30 0.00
3987 2003 211 23070.00 15.00 27.80 1.26 3.00 0.00
3987 2003 212 17760.00 15.80 28.00 1.73 3.50 0.00
3987 2003 213 22130.00 16.80 31.30 1.93 1.50 0.00
3987 2003 214 15980.00 20.90 31.70 1.94 1.90 0.00
3987 2003 215 18750.00 19.50 32.70 2.17 2.30 0.00
3987 2003 216 23370.00 18.60 31.50 1.67 3.40 0.00
3987 2003 217 23560.00 16.00 30.00 1.43 3.10 0.00
3987 2003 218 23550.00 15.70 29.00 1.37 3.00 0.00
3987 2003 219 24590.00 15.70 30.60 1.24 3.10 0.00
3987 2003 220 24170.00 16.90 32.80 1.25 2.80 0.00
3987 2003 221 24410.00 16.80 33.70 1.44 2.80 0.00
3987 2003 222 25140.00 18.00 30.00 1.45 4.80 0.00
3987 2003 223 24840.00 14.40 28.90 1.29 3.40 0.00
3987 2003 224 20680.00 17.10 33.10 1.09 3.10 0.00
3987 2003 225 22960.00 20.00 35.50 1.54 6.00 0.30
3987 2003 226 11840.00 16.00 24.10 1.31 4.20 0.00
3987 2003 227 19270.00 13.90 24.40 1.16 6.90 0.00
3987 2003 228 16340.00 12.40 23.50 1.15 4.60 0.00
3987 2003 229 24060.00 10.90 27.10 1.12 2.50 3.00
3987 2003 230 14380.00 13.90 31.30 1.68 4.20 0.80
3987 2003 231 13270.00 15.80 25.80 1.86 5.50 0.00
3987 2003 232 21100.00 13.10 24.80 1.30 3.70 0.00
3987 2003 233 18490.00 12.20 26.10 1.26 2.00 0.00
3987 2003 234 19670.00 15.30 26.00 1.36 5.30 0.00
3987 2003 235 7650.00 14.40 22.40 1.66 5.00 4.50
3987 2003 236 15480.00 13.00 22.50 1.39 5.20 0.00
3987 2003 237 19590.00 11.70 25.90 1.32 3.00 0.00
3987 2003 238 17270.00 11.20 25.60 1.22 5.10 0.00
3987 2003 239 11320.00 12.30 20.40 1.12 7.40 0.00
3987 2003 240 15370.00 12.70 21.20 1.06 3.20 4.40
3987 2003 241 8770.00 11.70 23.20 1.57 3.70 10.70
3987 2003 242 14110.00 11.30 20.40 1.33 6.50 0.00
3987 2003 243 15910.00 9.40 18.80 1.24 4.50 0.90
3987 2003 244 12910.00 8.70 17.70 1.16 4.80 1.40
3987 2003 245 19340.00 7.90 18.70 0.91 3.50 0.00
3987 2003 246 8370.00 7.00 15.20 1.13 4.10 0.40
3987 2003 247 8960.00 12.10 20.00 1.28 4.00 0.00
3987 2003 248 17090.00 10.50 23.10 1.20 2.50 0.00
3987 2003 249 18640.00 9.90 25.20 1.05 4.50 0.00
3987 2003 250 10870.00 11.10 23.60 1.15 3.70 0.00
3987 2003 251 15830.00 11.70 25.60 1.22 4.40 0.00
3987 2003 252 10250.00 12.40 21.10 1.39 2.80 3.50
3987 2003 253 11490.00 12.10 19.20 1.36 2.80 15.00
3987 2003 254 3140.00 10.00 14.80 1.26 3.90 0.00
3987 2003 255 6890.00 11.00 18.70 1.50 2.60 0.40
3987 2003 256 7570.00 11.40 19.40 1.39 3.40 0.00
3987 2003 257 14190.00 13.00 21.60 1.50 2.20 0.00
3987 2003 258 16280.00 10.80 22.10 1.21 2.30 0.00
3987 2003 259 13780.00 11.40 22.80 1.32 3.00 0.00
3987 2003 260 13100.00 11.50 21.80 1.41 3.10 0.00
3987 2003 261 16190.00 11.00 27.90 1.24 4.00 0.00
3987 2003 262 15720.00 12.80 29.00 1.32 4.40 0.00
3987 2003 263 14910.00 13.60 30.20 1.38 2.40 0.00
3987 2003 264 15330.00 14.20 28.70 1.23 5.30 0.00
3987 2003 265 15220.00 11.80 29.90 1.15 4.70 0.00
3987 2003 266 7590.00 8.30 20.00 1.20 5.90 1.50
3987 2003 267 12479.00 5.70 17.30 0.93 4.00 0.00
3987 2003 268 14440.00 5.90 18.00 0.91 2.50 0.00
3987 2003 269 15050.00 5.20 21.20 0.81 4.20 0.00
3987 2003 270 9500.00 8.70 18.60 1.03 4.00 0.00
3987 2003 271 11430.00 6.50 18.40 0.96 3.00 8.10
3987 2003 272 7620.00 9.80 17.20 1.28 4.10 1.00
3987 2003 273 8150.00 7.20 13.80 1.06 3.00 0.00
3987 2003 274 13050.00 5.40 18.00 1.03 4.30 2.30
3987 2003 275 3640.00 8.70 14.10 1.31 3.30 0.10
3987 2003 276 6790.00 4.40 16.10 1.27 2.70 10.10
3987 2003 277 6790.00 6.10 15.70 1.31 4.60 1.10
3987 2003 278 9060.00 5.30 13.40 0.97 2.80 0.00
3987 2003 279 9130.00 4.80 11.70 0.88 6.40 1.60
3987 2003 280 4900.00 6.90 10.60 0.98 6.50 3.20
3987 2003 281 7050.00 6.10 13.10 1.00 7.10 6.00
3987 2003 282 8100.00 7.20 13.10 0.97 7.50 0.00
3987 2003 283 1810.00 10.50 14.60 1.28 7.10 0.70
3987 2003 284 5650.00 8.30 14.60 1.03 7.40 0.00
3987 2003 285 9410.00 4.70 14.20 0.91 4.70 0.00
3987 2003 286 11010.00 1.60 14.40 0.81 2.70 0.00
3987 2003 287 8620.00 0.30 11.80 0.76 2.20 0.00
3987 2003 288 9460.00 1.50 11.70 0.82 2.20 0.00
3987 2003 289 7620.00 -0.60 11.20 0.72 2.50 0.00
3987 2003 290 10540.00 -0.20 9.70 0.60 3.50 0.00
3987 2003 291 10480.00 -1.50 11.80 0.61 3.90 0.00
3987 2003 292 9980.00 -0.30 10.30 0.64 3.00 0.00
3987 2003 293 5720.00 0.20 8.10 0.65 2.50 0.00
3987 2003 294 2170.00 0.70 5.20 0.74 1.90 2.50
3987 2003 295 5840.00 -1.60 7.00 0.68 3.00 0.10
3987 2003 296 6410.00 -2.80 5.70 0.52 2.50 0.00
3987 2003 297 9960.00 -5.10 4.30 0.40 3.30 0.00
3987 2003 298 3650.00 -0.70 7.00 0.65 6.60 2.00
3987 2003 299 1100.00 0.60 5.50 0.80 4.00 6.00
3987 2003 300 9070.00 -3.00 5.10 0.51 2.40 0.00
3987 2003 301 7311.59 -2.20 8.00 0.60 4.10 0.00
3987 2003 302 2510.00 -0.70 6.40 0.63 4.20 4.40
3987 2003 303 1580.00 3.00 6.50 0.83 2.50 4.50
3987 2003 304 4440.00 2.40 9.90 0.83 4.70 0.00
3987 2003 305 2890.00 4.40 10.70 0.93 4.80 0.00
3987 2003 306 4940.00 4.90 12.20 0.91 4.90 0.80
3987 2003 307 3030.00 6.90 13.10 1.00 6.20 0.10
3987 2003 308 3870.00 5.30 11.80 0.93 6.60 0.00
3987 2003 309 6800.00 3.10 12.00 0.87 2.90 0.00
3987 2003 310 1570.00 1.70 4.30 0.75 5.00 0.00
3987 2003 311 3370.00 1.10 6.40 0.77 4.50 0.00
3987 2003 312 4420.00 2.70 8.90 0.78 6.50 0.00
3987 2003 313 2720.00 1.90 5.50 0.73 4.80 0.00
3987 2003 314 910.00 1.00 4.00 0.64 5.10 0.00
3987 2003 315 6210.00 -1.10 6.70 0.59 5.20 0.00
3987 2003 316 6080.00 -2.00 5.80 0.54 5.10 0.00
3987 2003 317 5450.00 -3.20 4.30 0.53 4.10 0.00
3987 2003 318 2350.00 -3.30 2.60 0.56 3.30 0.00
3987 2003 319 4270.00 -0.30 9.60 0.77 4.20 0.00
3987 2003 320 3670.00 2.80 6.80 0.79 3.10 12.90
3987 2003 321 1100.00 3.40 7.50 0.86 5.80 6.60
3987 2003 322 1210.00 5.20 11.50 1.05 5.70 3.90
3987 2003 323 890.00 10.80 13.10 1.29 8.30 0.70
3987 2003 324 3900.00 5.80 12.30 1.06 3.80 0.00
3987 2003 325 3810.00 5.70 11.60 0.98 3.80 0.00
3987 2003 326 1850.00 4.30 11.30 0.96 4.70 0.00
3987 2003 327 3690.00 7.10 14.80 0.94 4.20 0.00
3987 2003 328 3250.00 5.40 15.50 0.94 4.00 0.00
3987 2003 329 2130.00 6.20 13.00 0.99 2.70 5.70
3987 2003 330 4180.00 5.40 12.10 1.07 3.40 0.90
3987 2003 331 1060.00 4.10 6.70 0.88 2.20 0.00
3987 2003 332 310.00 5.20 7.20 0.96 2.90 2.10
3987 2003 333 790.00 7.10 8.20 1.03 2.50 1.70
3987 2003 334 3130.00 1.70 8.30 0.87 3.80 0.00
3987 2003 335 3500.00 0.40 7.10 0.75 4.60 0.00
3987 2003 336 1200.00 2.90 6.80 0.89 4.40 0.00
3987 2003 337 780.00 4.60 5.60 0.87 2.00 0.00
3987 2003 338 390.00 2.70 5.40 0.81 2.00 0.00
3987 2003 339 650.00 2.80 6.80 0.83 5.80 1.30
3987 2003 340 3570.00 -0.70 7.70 0.62 8.10 0.30
3987 2003 341 4090.00 -4.80 2.00 0.41 2.90 0.00
3987 2003 342 2783.38 -4.40 0.90 0.44 3.60 0.00
3987 2003 343 4259.39 -4.70 2.20 0.45 4.20 0.00
3987 2003 344 3770.00 -2.80 5.40 0.46 5.40 0.00
3987 2003 345 3430.00 -2.10 3.40 0.52 4.90 4.60
3987 2003 346 1050.00 -0.90 3.10 0.66 4.70 0.30
3987 2003 347 600.00 -0.80 10.10 0.95 7.10 21.00
3987 2003 348 640.00 1.60 9.80 0.91 9.00 9.10
3987 2003 349 2980.00 -0.20 2.10 0.54 10.00 0.00
3987 2003 350 3720.00 -1.50 2.80 0.51 6.80 1.50
3987 2003 351 1020.00 0.10 4.90 0.73 5.50 0.20
3987 2003 352 3550.00 -0.60 5.80 0.65 4.40 0.00
3987 2003 353 3460.00 -0.70 6.40 0.62 4.60 0.00
3987 2003 354 770.00 3.10 8.00 0.83 4.60 1.60
3987 2003 355 2280.00 2.90 8.20 0.79 9.70 5.00
3987 2003 356 1030.00 -4.00 3.10 0.52 7.20 0.40
3987 2003 357 3850.00 -8.20 0.40 0.33 3.90 0.00
3987 2003 358 3640.00 -5.90 0.80 0.38 5.00 0.00
3987 2003 359 650.00 0.00 3.50 0.49 5.20 0.00
3987 2003 360 1280.00 2.30 5.80 0.69 4.70 0.00
3987 2003 361 1060.00 2.60 7.40 0.68 6.20 0.00
3987 2003 362 890.00 2.00 6.50 0.64 6.80 0.00
3987 2003 363 2430.00 1.30 5.10 0.60 5.40 0.00
3987 2003 364 3370.00 -1.10 5.50 0.57 1.70 0.00
3987 2003 365 2080.00 -2.60 2.00 0.58 2.30 0.00
