*---------------------------------------------------------------------------*
* Station name: Potsdam Saekularstation
* Year: 2013
* Author: Pedro Alencar                                   -999.000: NIL VALUE
* Source: DWD
* Comments: Gaps filled with interpolation and storical means
* Longitude: 13.0622, latitude: 52.3812, altitude: 82.0 m.
*
    * Column  Daily value
    * 1       station number
    * 2       year
    * 3       day
    * 4       irradiation                   (kJ m-2 d-1)
    * 5       minimum temperature           (degrees Celsius
    * 6       maximum temperature           (degrees Celsius)
    * 7       early morning vapour pressure (kPa)
    * 8       mean wind speed (height: 2 m) (m s-1)
    * 9       precipitation                 (mm d-1)
    *
** WCCDESCRIPTION=Potsdam, Germany
** WCCFORMAT=2
** WCCYEARNR=2013
*---------------------------------------------------------------------------*
   13.0622 52.3812 82.0 -0.18 -0.55
3987 2013 1 1390.00 3.80 7.50 0.79 6.10 1.50
3987 2013 2 1160.00 2.90 5.60 0.75 5.90 2.30
3987 2013 3 460.00 3.90 9.50 0.93 7.50 0.90
3987 2013 4 760.00 5.40 9.20 0.99 7.30 15.50
3987 2013 5 570.00 5.40 8.20 0.95 3.90 1.30
3987 2013 6 770.00 5.30 7.10 0.94 4.50 5.90
3987 2013 7 930.00 3.20 6.50 0.83 2.60 6.60
3987 2013 8 560.00 3.50 6.50 0.90 4.00 3.40
3987 2013 9 520.00 4.40 7.00 0.95 3.70 7.20
3987 2013 10 780.00 -0.90 4.60 0.70 5.70 3.90
3987 2013 11 2590.00 -2.70 0.00 0.50 4.50 0.00
3987 2013 12 2400.00 -3.80 -0.60 0.50 3.20 0.30
3987 2013 13 2330.00 -4.40 -0.90 0.43 2.40 0.00
3987 2013 14 1760.00 -7.10 -3.50 0.39 3.30 0.60
3987 2013 15 1810.00 -5.70 -3.40 0.42 2.90 0.10
3987 2013 16 960.00 -5.10 -3.10 0.42 2.50 0.00
3987 2013 17 1980.00 -3.10 0.00 0.47 3.10 0.00
3987 2013 18 710.00 -5.10 -1.80 0.39 4.30 0.00
3987 2013 19 3000.00 -8.40 -5.10 0.30 4.60 0.00
3987 2013 20 2690.00 -8.30 -3.40 0.35 4.30 0.90
3987 2013 21 1400.00 -7.00 -3.40 0.39 5.80 4.30
3987 2013 22 1130.00 -8.30 -6.60 0.30 2.50 0.00
3987 2013 23 740.00 -7.60 -6.30 0.32 1.50 0.00
3987 2013 24 1220.00 -9.10 -4.10 0.35 1.80 0.00
3987 2013 25 4570.00 -12.10 -1.00 0.30 2.40 0.00
3987 2013 26 5350.00 -13.70 -4.90 0.27 4.20 0.30
3987 2013 27 2020.00 -4.90 1.40 0.52 4.80 3.70
3987 2013 28 4630.00 -0.60 5.20 0.65 5.20 2.10
3987 2013 29 1590.00 1.50 6.80 0.77 6.10 9.70
3987 2013 30 1670.00 5.00 12.00 1.02 7.00 5.40
3987 2013 31 3420.00 4.70 8.30 0.70 8.90 0.00
3987 2013 32 2340.00 2.90 7.20 0.72 5.90 8.30
3987 2013 33 1350.00 -2.90 3.30 0.60 4.20 2.30
3987 2013 34 2860.00 -4.50 2.90 0.55 4.90 4.20
3987 2013 35 1630.00 0.20 6.30 0.71 6.20 2.00
3987 2013 36 3350.00 -1.70 6.10 0.62 6.60 0.30
3987 2013 37 7780.00 -2.70 4.40 0.51 4.50 0.10
3987 2013 38 3320.00 -2.10 1.80 0.54 3.30 2.00
3987 2013 39 1200.00 -2.30 1.00 0.55 2.80 2.80
3987 2013 40 3270.00 -3.80 0.40 0.52 2.50 0.90
3987 2013 41 2610.00 -7.10 -2.00 0.43 2.60 0.00
3987 2013 42 4330.00 -8.20 -0.40 0.42 4.60 0.00
3987 2013 43 6220.00 -3.90 2.50 0.46 3.20 0.50
3987 2013 44 4350.00 -3.10 -0.30 0.49 2.40 0.00
3987 2013 45 2840.00 -2.70 0.60 0.50 2.70 0.00
3987 2013 46 1230.00 -1.60 0.90 0.55 2.40 0.00
3987 2013 47 3350.00 -0.40 3.20 0.57 1.20 0.00
3987 2013 48 1770.00 -0.20 2.00 0.58 2.00 0.00
3987 2013 49 2260.00 -0.70 1.40 0.52 2.70 6.90
3987 2013 50 2740.00 -0.70 1.70 0.58 5.30 1.60
3987 2013 51 3600.00 -3.00 0.30 0.47 4.30 0.20
3987 2013 52 5390.00 -4.40 -1.10 0.40 3.10 0.00
3987 2013 53 4620.00 -3.80 -1.00 0.37 4.60 0.00
3987 2013 54 1890.00 -4.50 -0.70 0.45 4.90 4.10
3987 2013 55 1140.00 -0.70 1.50 0.63 3.60 3.80
3987 2013 56 2270.00 0.80 2.70 0.65 4.60 0.00
3987 2013 57 1220.00 0.30 1.50 0.61 2.60 0.00
3987 2013 58 2240.00 0.20 2.60 0.62 1.40 0.00
3987 2013 59 4710.00 -0.20 4.40 0.62 3.30 0.20
3987 2013 60 5190.00 -1.70 5.40 0.63 4.80 0.00
3987 2013 61 10420.00 -2.90 6.10 0.54 4.60 0.10
3987 2013 62 5120.00 -0.70 5.70 0.57 5.50 0.00
3987 2013 63 12830.00 -2.20 9.00 0.52 2.90 0.00
3987 2013 64 13480.00 -2.70 12.40 0.53 4.30 0.00
3987 2013 65 12660.00 -1.90 14.10 0.58 3.50 0.00
3987 2013 66 6960.00 1.80 9.90 0.61 6.00 0.40
3987 2013 67 2060.00 -0.10 2.80 0.54 6.70 0.10
3987 2013 68 2970.00 -1.10 1.70 0.52 5.30 5.50
3987 2013 69 2440.00 -5.20 -1.00 0.47 4.90 4.50
3987 2013 70 4270.00 -5.50 -3.20 0.36 2.60 0.80
3987 2013 71 5610.00 -5.90 -0.80 0.36 2.40 0.10
3987 2013 72 14020.00 -6.80 0.30 0.31 1.70 0.00
3987 2013 73 8180.00 -7.90 0.60 0.37 2.10 0.00
3987 2013 74 14960.00 -5.90 1.20 0.37 2.70 0.00
3987 2013 75 16370.00 -9.00 4.50 0.31 4.30 0.00
3987 2013 76 12910.00 -4.30 4.50 0.34 6.70 0.00
3987 2013 77 3110.00 -1.60 2.30 0.45 5.40 5.70
3987 2013 78 4350.00 -2.70 -0.30 0.51 3.30 5.60
3987 2013 79 7410.00 -2.70 2.00 0.48 3.20 5.90
3987 2013 80 6640.00 -3.90 1.60 0.51 2.90 0.90
3987 2013 81 5870.00 -5.20 0.90 0.42 3.50 0.00
3987 2013 82 18620.00 -9.60 -2.10 0.21 6.50 0.00
3987 2013 83 18570.00 -11.40 0.80 0.23 5.70 0.00
3987 2013 84 18080.00 -6.90 1.90 0.29 7.00 0.00
3987 2013 85 17030.00 -5.60 3.20 0.31 5.70 0.00
3987 2013 86 12950.00 -4.50 2.60 0.32 5.50 0.00
3987 2013 87 10080.00 -2.30 2.70 0.45 4.60 1.00
3987 2013 88 3790.00 -1.50 1.20 0.58 3.60 4.60
3987 2013 89 7450.00 -1.00 2.50 0.51 2.30 0.00
3987 2013 90 8080.00 -1.20 3.00 0.52 2.70 0.10
3987 2013 91 8990.00 -3.40 3.70 0.44 2.50 0.00
3987 2013 92 8470.00 -4.80 3.10 0.42 3.90 0.00
3987 2013 93 7370.00 -1.00 2.60 0.41 4.60 0.00
3987 2013 94 7240.00 -1.20 3.50 0.50 2.70 0.00
3987 2013 95 4160.00 0.40 3.20 0.60 2.10 0.00
3987 2013 96 4580.00 -1.20 4.70 0.55 2.10 0.00
3987 2013 97 19760.00 -2.60 10.00 0.48 2.90 0.00
3987 2013 98 16530.00 -0.90 10.30 0.46 3.90 0.00
3987 2013 99 11050.00 1.10 10.00 0.59 5.70 0.00
3987 2013 100 7270.00 2.80 9.40 0.74 4.30 0.00
3987 2013 101 7340.00 4.50 14.70 1.01 3.30 7.00
3987 2013 102 8690.00 7.30 14.30 1.03 4.10 3.00
3987 2013 103 9990.00 5.40 14.20 0.85 5.70 0.00
3987 2013 104 16590.00 2.80 19.30 0.91 3.40 0.00
3987 2013 105 19750.00 7.90 24.40 0.98 4.60 1.20
3987 2013 106 10750.00 9.90 20.30 1.22 2.40 0.00
3987 2013 107 14410.00 12.50 21.50 1.17 3.00 0.00
3987 2013 108 16380.00 11.80 26.10 1.03 5.70 0.00
3987 2013 109 13220.00 7.60 16.80 0.71 4.30 0.00
3987 2013 110 21550.00 3.40 13.50 0.62 3.10 0.00
3987 2013 111 21280.00 4.30 17.60 0.69 4.80 0.00
3987 2013 112 18640.00 7.20 19.80 0.82 3.60 0.00
3987 2013 113 16340.00 7.50 18.80 0.91 5.60 0.00
3987 2013 114 22000.00 7.70 19.70 0.94 4.00 0.00
3987 2013 115 15920.00 12.70 21.00 1.22 3.00 0.00
3987 2013 116 15710.00 7.00 25.90 1.26 4.50 13.20
3987 2013 117 5530.00 5.70 9.70 0.89 3.50 1.00
3987 2013 118 21980.00 5.50 15.20 0.74 2.90 0.00
3987 2013 119 14550.00 7.60 17.20 0.85 4.40 0.00
3987 2013 120 15190.00 6.40 14.60 0.73 2.50 0.00
3987 2013 121 19710.00 6.40 17.60 0.82 3.60 0.00
3987 2013 122 4900.00 8.80 15.30 0.96 3.50 0.00
3987 2013 123 19760.00 7.20 18.40 0.57 3.00 0.00
3987 2013 124 25860.00 5.10 20.90 0.75 2.30 0.00
3987 2013 125 23370.00 8.00 22.20 0.97 2.60 0.00
3987 2013 126 19170.00 9.70 23.90 1.12 4.30 0.00
3987 2013 127 12970.00 13.80 23.30 1.58 3.90 15.30
3987 2013 128 17660.00 13.60 24.20 1.63 3.50 0.00
3987 2013 129 13720.00 13.20 22.90 1.59 3.50 1.10
3987 2013 130 12540.00 9.90 18.80 1.34 3.40 0.00
3987 2013 131 14150.00 9.20 17.50 1.13 3.10 2.30
3987 2013 132 14970.00 6.30 18.00 1.13 3.60 3.20
3987 2013 133 18640.00 5.30 15.90 1.01 4.40 0.20
3987 2013 134 10900.00 9.00 15.30 1.13 3.80 0.50
3987 2013 135 27230.00 7.50 26.10 1.16 5.00 0.50
3987 2013 136 23550.00 12.50 26.10 1.36 4.40 0.00
3987 2013 137 24120.00 15.00 27.90 1.47 4.20 0.00
3987 2013 138 6450.00 8.90 18.80 1.42 3.90 8.60
3987 2013 139 28540.00 7.80 22.60 1.29 2.60 0.00
3987 2013 140 11060.00 10.20 17.60 1.27 4.40 0.00
3987 2013 141 15330.00 8.70 17.80 1.11 4.40 0.00
3987 2013 142 7320.00 5.70 12.30 1.07 5.80 5.50
3987 2013 143 26770.00 3.90 15.90 0.72 3.80 0.00
3987 2013 144 16550.00 5.60 14.10 0.92 3.80 0.00
3987 2013 145 7650.00 7.60 11.20 1.05 5.20 37.50
3987 2013 146 5620.00 8.60 13.80 1.27 3.60 3.10
3987 2013 147 16180.00 7.80 16.70 1.11 3.20 0.00
3987 2013 148 9140.00 10.00 17.70 1.33 4.00 10.00
3987 2013 149 14580.00 9.50 20.20 1.37 2.70 5.00
3987 2013 150 12190.00 11.60 20.90 1.55 3.30 9.10
3987 2013 151 11550.00 13.50 22.60 1.66 3.60 12.40
3987 2013 152 9700.00 13.60 22.30 1.72 4.10 3.90
3987 2013 153 2460.00 10.30 15.70 1.31 5.70 3.30
3987 2013 154 16780.00 9.80 18.00 1.09 5.10 0.00
3987 2013 155 19990.00 8.50 21.10 1.20 4.30 0.00
3987 2013 156 30970.00 7.30 22.40 0.94 3.10 0.00
3987 2013 157 28561.58 8.00 24.40 1.17 2.70 0.00
3987 2013 158 29810.00 10.30 25.50 1.40 2.30 0.00
3987 2013 159 22920.00 14.20 25.20 1.52 2.40 8.70
3987 2013 160 23670.00 12.60 25.30 1.54 2.60 0.60
3987 2013 161 26970.00 12.50 23.10 1.27 3.30 0.00
3987 2013 162 26270.00 10.60 23.80 1.14 1.90 0.00
3987 2013 163 22530.00 12.10 25.20 1.34 3.00 0.00
3987 2013 164 20790.00 15.10 26.80 1.72 5.10 14.30
3987 2013 165 18670.00 11.80 20.40 1.34 4.60 0.00
3987 2013 166 20480.00 12.10 23.30 1.35 3.90 0.00
3987 2013 167 21430.00 12.70 21.00 1.22 4.60 0.00
3987 2013 168 27920.00 13.50 26.80 1.30 2.70 0.00
3987 2013 169 27080.00 17.50 30.40 1.80 3.20 0.00
3987 2013 170 27690.00 18.20 34.20 2.13 4.30 0.00
3987 2013 171 25100.00 17.60 32.70 2.22 4.30 18.90
3987 2013 172 23510.00 16.50 24.70 1.76 5.30 0.10
3987 2013 173 24230.00 14.60 24.80 1.53 4.20 0.00
3987 2013 174 20040.00 15.00 24.20 1.48 4.50 0.00
3987 2013 175 18390.00 13.80 22.10 1.37 3.10 1.90
3987 2013 176 3400.00 11.70 15.00 1.41 5.30 29.10
3987 2013 177 11800.00 9.30 15.10 1.15 6.90 0.00
3987 2013 178 16730.00 7.70 18.80 1.18 3.30 1.20
3987 2013 179 18640.00 10.80 20.80 1.34 3.10 0.60
3987 2013 180 10870.00 9.80 20.00 1.43 4.50 2.10
3987 2013 181 17370.00 7.90 16.00 1.15 5.20 0.10
3987 2013 182 22970.00 12.60 26.00 1.55 4.40 9.50
3987 2013 183 25310.00 13.70 23.50 1.52 3.20 0.00
3987 2013 184 22240.00 14.00 27.90 1.69 4.80 0.00
3987 2013 185 11650.00 16.70 23.20 1.90 3.20 0.10
3987 2013 186 17600.00 15.80 24.50 1.85 2.80 0.00
3987 2013 187 28740.00 13.60 24.80 1.43 2.60 0.00
3987 2013 188 29370.00 12.40 26.30 1.37 2.70 0.00
3987 2013 189 28040.00 13.10 27.20 1.55 2.20 0.00
3987 2013 190 28190.00 15.60 27.50 1.56 2.40 0.00
3987 2013 191 20570.00 13.60 22.40 1.48 3.90 0.00
3987 2013 192 13250.00 13.60 22.00 1.32 4.20 0.00
3987 2013 193 15400.00 12.70 22.60 1.49 3.20 0.00
3987 2013 194 25880.00 12.20 24.90 1.44 3.80 0.00
3987 2013 195 7110.00 13.40 18.20 1.52 4.30 0.00
3987 2013 196 23340.00 11.00 23.70 1.31 3.60 0.00
3987 2013 197 27210.00 12.70 27.00 1.49 2.30 0.00
3987 2013 198 26490.00 14.80 28.10 1.59 2.50 0.00
3987 2013 199 25490.00 15.20 28.50 1.57 2.40 0.00
3987 2013 200 25050.00 15.10 27.50 1.62 4.10 0.00
3987 2013 201 27200.00 15.60 27.70 1.44 3.10 0.00
3987 2013 202 28430.00 14.20 29.60 1.21 1.80 0.00
3987 2013 203 27970.00 17.30 31.70 1.31 1.90 0.00
3987 2013 204 27550.00 17.10 30.40 1.36 3.90 0.00
3987 2013 205 26110.00 14.10 30.70 1.15 3.40 0.00
3987 2013 206 24440.00 19.80 30.70 1.66 3.00 0.00
3987 2013 207 20710.00 20.50 32.10 1.88 2.80 0.20
3987 2013 208 24380.00 21.20 34.20 2.07 2.50 0.10
3987 2013 209 19960.00 20.50 34.70 2.04 3.80 1.60
3987 2013 210 7470.00 17.20 24.00 2.33 2.60 9.00
3987 2013 211 18040.00 16.70 24.30 1.74 4.30 0.70
3987 2013 212 15680.00 16.40 25.50 1.64 5.20 0.20
3987 2013 213 22250.00 16.30 29.80 1.71 3.00 0.00
3987 2013 214 25320.00 18.10 35.10 1.81 3.80 0.00
3987 2013 215 19600.00 20.00 33.30 1.94 4.00 0.50
3987 2013 216 16960.00 17.00 28.60 1.82 3.20 2.40
3987 2013 217 21730.00 15.00 27.90 1.96 3.10 0.00
3987 2013 218 21270.00 17.60 30.80 2.15 3.50 19.70
3987 2013 219 11740.00 17.70 26.10 2.17 2.40 8.80
3987 2013 220 13080.00 16.00 24.10 2.11 4.30 6.00
3987 2013 221 15570.00 13.70 21.50 1.49 2.70 0.00
3987 2013 222 18890.00 13.20 25.70 1.66 2.80 2.50
3987 2013 223 14860.00 13.10 21.10 1.39 4.30 0.10
3987 2013 224 15160.00 12.10 23.40 1.48 3.90 2.50
3987 2013 225 18830.00 11.80 21.40 1.40 5.10 0.40
3987 2013 226 17970.00 10.60 20.60 1.30 5.00 0.10
3987 2013 227 21900.00 9.80 23.70 1.24 2.80 0.00
3987 2013 228 22800.00 14.90 27.30 1.27 3.90 0.00
3987 2013 229 17660.00 13.70 27.00 1.54 3.00 0.10
3987 2013 230 10540.00 15.50 26.90 1.75 5.10 1.30
3987 2013 231 8540.00 14.70 20.80 1.86 2.70 1.30
3987 2013 232 13650.00 13.00 22.30 1.40 3.80 0.00
3987 2013 233 13980.00 12.50 22.60 1.28 1.90 0.00
3987 2013 234 18760.00 12.30 24.20 1.23 2.60 0.00
3987 2013 235 17060.00 13.60 24.40 1.40 4.10 0.00
3987 2013 236 21610.00 12.10 25.20 1.30 4.60 0.00
3987 2013 237 19780.00 13.80 25.30 1.16 5.50 0.00
3987 2013 238 22140.00 13.20 24.10 1.05 5.30 0.00
3987 2013 239 13675.63 11.80 22.80 1.28 3.70 0.00
3987 2013 240 13370.00 12.90 24.30 1.38 2.30 0.00
3987 2013 241 19030.00 10.90 25.50 1.31 2.10 0.00
3987 2013 242 17100.00 13.30 25.40 1.26 3.30 0.00
3987 2013 243 12510.00 12.10 24.70 1.47 4.60 0.20
3987 2013 244 11990.00 9.50 18.80 1.10 5.20 0.00
3987 2013 245 3500.00 13.10 16.30 1.46 7.80 4.40
3987 2013 246 4750.00 15.70 18.50 1.85 4.60 2.20
3987 2013 247 8800.00 13.20 20.40 1.69 2.00 0.00
3987 2013 248 19220.00 12.30 24.60 1.54 4.00 0.00
3987 2013 249 18950.00 12.20 26.50 1.39 4.80 0.00
3987 2013 250 18790.00 11.70 27.30 1.23 5.10 0.00
3987 2013 251 10990.00 12.70 24.50 1.40 4.40 5.60
3987 2013 252 4760.00 10.30 15.40 1.46 5.20 11.80
3987 2013 253 6550.00 8.90 17.70 1.29 4.20 9.10
3987 2013 254 5070.00 9.00 14.00 1.25 3.60 0.90
3987 2013 255 7880.00 9.60 17.60 1.32 2.00 0.00
3987 2013 256 16970.00 10.80 20.00 1.38 3.20 0.00
3987 2013 257 14810.00 11.30 23.00 1.44 2.80 0.00
3987 2013 258 6500.00 12.20 17.50 1.42 3.80 0.30
3987 2013 259 5020.00 9.90 17.10 1.28 4.30 0.40
3987 2013 260 14410.00 6.50 16.40 0.96 4.60 0.10
3987 2013 261 4350.00 6.80 12.00 1.09 4.30 4.20
3987 2013 262 7360.00 7.90 14.40 1.16 4.50 1.30
3987 2013 263 4880.00 9.60 15.90 1.35 3.50 6.00
3987 2013 264 12290.00 10.70 17.10 1.36 3.20 0.00
3987 2013 265 8030.00 10.50 17.20 1.38 5.00 0.00
3987 2013 266 5293.53 15.00 17.70 1.51 7.00 0.10
3987 2013 267 2090.00 9.20 15.00 1.46 3.70 9.30
3987 2013 268 5370.00 7.70 13.00 1.16 3.20 3.30
3987 2013 269 5390.00 6.10 12.90 1.08 3.10 0.10
3987 2013 270 11010.00 5.00 14.80 1.01 3.20 0.00
3987 2013 271 13890.00 5.50 15.70 1.00 2.70 0.00
3987 2013 272 14600.00 3.80 15.00 0.90 5.00 0.00
3987 2013 273 14140.00 4.60 14.70 0.84 5.50 0.00
3987 2013 274 12210.00 3.60 14.30 0.81 4.40 0.00
3987 2013 275 12770.00 2.50 13.80 0.74 4.00 0.00
3987 2013 276 13650.00 1.30 12.50 0.66 5.20 0.00
3987 2013 277 12300.00 1.60 15.10 0.67 4.90 0.00
3987 2013 278 3560.00 7.50 12.80 0.92 2.60 0.90
3987 2013 279 4060.00 9.30 15.00 1.37 2.00 0.20
3987 2013 280 4970.00 11.90 16.80 1.38 2.00 0.00
3987 2013 281 3420.00 8.60 15.00 1.24 2.30 0.00
3987 2013 282 4530.00 9.40 16.10 1.29 4.10 2.00
3987 2013 283 1750.00 7.90 11.70 1.17 3.30 6.40
3987 2013 284 3440.00 8.20 16.60 1.35 4.80 14.90
3987 2013 285 1280.00 9.60 13.50 1.35 3.50 32.20
3987 2013 286 6140.00 4.60 11.00 0.98 3.00 0.00
3987 2013 287 8140.00 3.00 14.90 1.03 3.80 0.00
3987 2013 288 3220.00 7.30 12.60 1.18 3.70 5.90
3987 2013 289 3500.00 6.00 10.60 1.05 3.10 0.50
3987 2013 290 6340.00 6.30 15.00 1.16 6.70 3.20
3987 2013 291 6870.00 2.90 12.70 0.93 5.60 0.10
3987 2013 292 8570.00 1.70 12.60 0.90 4.60 0.20
3987 2013 293 5420.00 11.20 18.40 1.53 4.30 0.00
3987 2013 294 7430.00 11.80 18.00 1.40 4.70 0.00
3987 2013 295 8490.00 9.30 20.80 1.39 4.50 0.00
3987 2013 296 3460.00 12.80 18.90 1.43 5.40 0.00
3987 2013 297 7050.00 8.60 17.10 1.25 4.40 0.40
3987 2013 298 4110.00 6.40 15.10 1.24 4.20 1.10
3987 2013 299 4810.00 12.80 18.80 1.59 4.50 5.50
3987 2013 300 5320.00 10.40 18.60 1.45 6.60 3.00
3987 2013 301 2440.00 11.20 20.10 1.22 7.40 1.00
3987 2013 302 6220.00 7.50 15.50 0.95 6.20 0.00
3987 2013 303 6250.00 5.10 13.00 0.87 5.30 0.10
3987 2013 304 7980.00 2.30 12.00 0.77 4.70 0.00
3987 2013 305 3970.00 4.50 11.30 0.89 4.60 1.00
3987 2013 306 1860.00 6.80 12.30 1.14 4.20 3.80
3987 2013 307 2280.00 6.00 10.90 1.04 4.90 2.00
3987 2013 308 2070.00 5.90 11.20 0.94 6.80 4.40
3987 2013 309 3520.00 4.10 10.90 0.88 5.20 1.90
3987 2013 310 2830.00 4.00 10.10 0.88 5.70 7.60
3987 2013 311 1670.00 7.30 13.90 1.25 4.80 5.10
3987 2013 312 3400.00 6.80 10.90 1.10 2.20 2.60
3987 2013 313 4300.00 4.30 12.00 0.92 6.10 0.20
3987 2013 314 2350.00 2.70 7.50 0.79 5.00 0.00
3987 2013 315 3010.00 1.90 7.70 0.81 3.80 0.00
3987 2013 316 4170.00 0.80 6.90 0.71 4.00 0.70
3987 2013 317 3260.00 2.40 9.60 0.88 4.20 0.00
3987 2013 318 4990.00 0.50 7.80 0.73 3.30 0.00
3987 2013 319 820.00 2.40 4.70 0.72 1.80 0.00
3987 2013 320 3230.00 -0.40 4.90 0.66 3.50 0.00
3987 2013 321 1840.00 2.40 7.40 0.83 2.30 0.10
3987 2013 322 700.00 4.10 5.60 0.81 3.60 0.00
3987 2013 323 1430.00 4.90 7.40 0.84 2.30 3.60
3987 2013 324 960.00 3.00 6.00 0.79 3.30 8.90
3987 2013 325 1470.00 1.50 4.20 0.72 2.80 4.40
3987 2013 326 450.00 2.70 5.10 0.81 3.20 1.10
3987 2013 327 750.00 3.30 7.50 0.89 2.50 0.00
3987 2013 328 1290.00 -2.20 5.30 0.64 4.00 0.40
3987 2013 329 4980.00 -2.60 2.80 0.51 4.40 0.00
3987 2013 330 4830.00 -3.50 2.90 0.48 2.80 0.00
3987 2013 331 1910.00 -3.70 4.10 0.60 4.80 0.90
3987 2013 332 2880.00 4.10 8.60 0.82 7.00 0.00
3987 2013 333 1170.00 3.60 6.30 0.77 5.90 5.50
3987 2013 334 790.00 2.30 5.20 0.78 4.30 1.20
3987 2013 335 1170.00 2.90 7.20 0.84 6.00 0.00
3987 2013 336 4170.00 -1.10 4.10 0.65 2.40 0.00
3987 2013 337 3450.00 -2.40 2.40 0.60 2.00 0.00
3987 2013 338 490.00 -2.90 4.30 0.65 5.40 1.50
3987 2013 339 1010.00 0.00 3.70 0.66 8.20 5.10
3987 2013 340 990.00 -0.10 1.90 0.58 11.90 4.10
3987 2013 341 2340.00 -0.30 1.80 0.56 7.80 0.30
3987 2013 342 1050.00 -0.10 7.40 0.76 5.20 4.80
3987 2013 343 1238.60 7.20 8.80 1.08 6.80 6.30
3987 2013 344 800.00 7.50 8.90 1.09 2.90 0.90
3987 2013 345 1060.00 4.10 7.50 0.90 2.70 0.00
3987 2013 346 1260.00 0.70 4.20 0.74 2.20 0.00
3987 2013 347 2950.00 -1.30 1.00 0.62 2.00 0.00
3987 2013 348 1030.00 -1.10 4.10 0.66 2.80 0.00
3987 2013 349 880.00 1.00 6.30 0.76 5.10 0.70
3987 2013 350 3920.00 1.00 8.60 0.64 5.70 0.00
3987 2013 351 2690.00 2.60 8.50 0.63 4.30 0.00
3987 2013 352 1900.03 -0.50 6.10 0.61 4.20 0.00
3987 2013 353 970.00 1.10 6.30 0.65 5.30 0.60
3987 2013 354 1420.00 1.00 6.10 0.74 4.50 0.00
3987 2013 355 2060.00 1.10 6.70 0.60 6.10 3.00
3987 2013 356 1810.00 4.20 10.40 0.85 6.60 2.90
3987 2013 357 3090.00 3.60 8.00 0.81 5.60 0.00
3987 2013 358 850.00 7.10 10.00 0.72 7.70 0.00
3987 2013 359 1020.00 6.00 9.10 0.81 4.80 4.80
3987 2013 360 2310.00 4.60 7.30 0.91 2.70 3.10
3987 2013 361 3610.00 4.50 7.60 0.73 6.00 0.00
3987 2013 362 1080.00 6.30 9.80 0.79 5.50 7.50
3987 2013 363 2270.00 1.80 6.80 0.84 4.70 1.20
3987 2013 364 4040.00 -1.00 4.90 0.62 4.70 0.00
3987 2013 365 3550.00 -1.40 4.70 0.56 4.50 0.00
