*---------------------------------------------------------------------------*
* Station name: Potsdam Saekularstation
* Year: 1933
* Author: Pedro Alencar                                   -999.000: NIL VALUE
* Source: DWD
* Comments: Gaps filled with interpolation and storical means
* Longitude: 13.0622, latitude: 52.3812, altitude: 82.0 m.
*
    * Column  Daily value
    * 1       station number
    * 2       year
    * 3       day
    * 4       irradiation                   (kJ m-2 d-1)
    * 5       minimum temperature           (degrees Celsius
    * 6       maximum temperature           (degrees Celsius)
    * 7       early morning vapour pressure (kPa)
    * 8       mean wind speed (height: 2 m) (m s-1)
    * 9       precipitation                 (mm d-1)
    *
** WCCDESCRIPTION=Potsdam, Germany
** WCCFORMAT=2
** WCCYEARNR=1933
*---------------------------------------------------------------------------*
   13.0622 52.3812 82.0 -0.18 -0.55
3987 1933 1 1548.93 -1.30 1.80 0.64 4.40 0.20
3987 1933 2 1559.70 0.00 2.00 0.67 4.00 0.00
3987 1933 3 3877.27 0.50 7.00 0.67 7.40 0.30
3987 1933 4 1582.36 2.00 6.00 0.72 4.80 2.70
3987 1933 5 2725.34 2.00 7.50 0.79 4.30 0.00
3987 1933 6 2038.56 -0.50 4.20 0.65 6.00 0.20
3987 1933 7 1631.78 1.20 3.30 0.67 5.20 0.10
3987 1933 8 1650.64 1.10 2.60 0.69 4.10 2.20
3987 1933 9 1666.47 1.60 5.30 0.76 6.40 7.80
3987 1933 10 4301.72 -0.30 4.00 0.59 6.40 0.00
3987 1933 11 1717.61 -2.50 1.50 0.53 2.30 0.00
3987 1933 12 1742.55 -3.50 -0.40 0.47 4.40 0.00
3987 1933 13 1772.29 -6.30 -2.80 0.35 4.10 0.00
3987 1933 14 5099.37 -11.30 -5.30 0.24 5.50 0.00
3987 1933 15 1832.11 -13.80 -7.40 0.24 6.30 0.00
3987 1933 16 1848.75 -7.60 -4.00 0.37 5.00 0.90
3987 1933 17 1876.52 -5.40 -3.70 0.41 4.60 0.20
3987 1933 18 1906.26 -7.00 -4.30 0.39 3.70 0.00
3987 1933 19 1933.34 -5.20 -3.10 0.43 2.10 0.00
3987 1933 20 2490.85 -5.20 -0.40 0.41 3.70 0.30
3987 1933 21 1997.76 -5.20 -2.00 0.36 5.50 0.30
3987 1933 22 2033.45 -6.00 -3.50 0.36 4.90 0.80
3987 1933 23 2079.21 -13.10 -4.90 0.28 4.00 0.00
3987 1933 24 2119.91 -13.80 -8.20 0.20 4.60 0.00
3987 1933 25 4848.90 -18.50 -11.00 0.15 4.90 0.00
3987 1933 26 6325.80 -17.70 -7.50 0.16 5.50 0.00
3987 1933 27 6393.82 -18.70 -4.50 0.17 3.20 0.00
3987 1933 28 2307.20 -18.60 -1.50 0.33 3.40 0.00
3987 1933 29 2296.32 -6.10 -1.50 0.35 3.20 0.10
3987 1933 30 6410.28 -12.30 -2.40 0.29 4.30 0.60
3987 1933 31 2361.26 -4.40 4.10 0.64 8.30 0.10
3987 1933 32 2618.46 0.00 6.90 0.68 8.40 5.00
3987 1933 33 2445.05 2.20 7.70 0.77 9.80 0.30
3987 1933 34 3729.86 1.00 6.10 0.56 9.40 0.00
3987 1933 35 2538.28 -0.40 7.40 0.76 6.10 14.30
3987 1933 36 2573.49 7.20 9.10 1.05 9.30 5.80
3987 1933 37 2633.11 2.60 9.10 0.87 8.30 0.70
3987 1933 38 2748.23 1.30 5.10 0.71 4.40 1.10
3987 1933 39 3031.58 2.00 8.40 0.87 3.50 0.00
3987 1933 40 2779.25 3.00 8.90 0.92 6.60 1.80
3987 1933 41 3272.83 0.40 9.80 0.65 9.10 0.00
3987 1933 42 8728.87 -5.50 3.00 0.37 4.50 0.00
3987 1933 43 2962.95 -4.40 2.80 0.60 5.30 0.50
3987 1933 44 3393.90 1.00 4.30 0.64 9.10 1.00
3987 1933 45 7350.80 -2.60 3.50 0.47 9.60 2.60
3987 1933 46 5559.33 -5.00 3.90 0.48 8.70 0.80
3987 1933 47 7939.57 -5.90 1.10 0.32 6.80 0.50
3987 1933 48 3327.76 -7.40 1.60 0.44 7.90 3.20
3987 1933 49 3395.93 -3.40 1.20 0.45 6.30 1.60
3987 1933 50 3462.98 -4.90 -1.90 0.40 2.00 0.80
3987 1933 51 5985.42 -8.60 -1.90 0.33 3.80 0.60
3987 1933 52 10408.31 -11.90 -0.80 0.23 4.20 0.00
3987 1933 53 3602.23 -10.90 -4.20 0.31 3.50 2.00
3987 1933 54 3743.25 -11.00 -4.00 0.28 1.90 0.00
3987 1933 55 6793.59 -11.50 -0.80 0.32 3.30 0.50
3987 1933 56 3775.75 -4.90 0.30 0.49 3.10 0.40
3987 1933 57 3856.19 -6.60 -0.60 0.37 5.60 0.00
3987 1933 58 5353.34 -5.50 -0.40 0.41 7.40 0.00
3987 1933 59 7416.25 -3.70 1.40 0.44 6.00 0.00
3987 1933 60 11683.46 -8.90 6.10 0.36 5.90 0.00
3987 1933 61 5354.51 -7.50 3.60 0.41 6.00 4.60
3987 1933 62 4156.34 0.80 7.40 0.83 6.30 4.00
3987 1933 63 4837.52 4.60 12.50 0.93 5.40 0.40
3987 1933 64 4445.27 5.20 10.60 0.88 3.70 0.20
3987 1933 65 6955.16 0.20 11.10 0.72 3.10 0.00
3987 1933 66 4455.80 -1.30 4.80 0.71 5.40 0.00
3987 1933 67 4531.41 1.30 5.10 0.68 3.60 0.10
3987 1933 68 6763.71 0.40 7.60 0.75 2.70 0.10
3987 1933 69 7602.72 -0.60 10.70 0.69 3.00 0.00
3987 1933 70 13277.53 -1.50 6.00 0.52 5.20 0.00
3987 1933 71 14171.64 -3.20 9.40 0.53 5.10 0.00
3987 1933 72 14522.48 -2.20 15.30 0.56 3.00 0.00
3987 1933 73 14054.21 1.60 15.70 0.61 4.90 0.00
3987 1933 74 9839.36 4.50 12.70 0.72 7.30 0.00
3987 1933 75 10013.73 1.30 16.20 0.69 7.50 0.00
3987 1933 76 7798.04 10.00 18.10 0.83 7.90 0.00
3987 1933 77 11893.55 5.70 14.40 0.65 8.60 0.00
3987 1933 78 9407.67 2.60 12.20 0.71 7.40 3.50
3987 1933 79 8635.67 1.90 11.90 0.71 9.20 3.10
3987 1933 80 12594.78 -2.00 6.90 0.40 5.60 0.20
3987 1933 81 14693.24 -3.90 7.10 0.40 4.40 0.00
3987 1933 82 16372.04 -4.60 6.50 0.39 4.50 0.00
3987 1933 83 10034.24 -3.50 8.40 0.44 3.70 0.00
3987 1933 84 17302.24 -3.50 11.10 0.43 5.20 0.00
3987 1933 85 17289.37 -0.90 16.30 0.55 4.90 0.00
3987 1933 86 17434.21 -0.40 16.10 0.49 3.20 0.00
3987 1933 87 15618.60 1.90 17.50 0.56 5.00 0.00
3987 1933 88 14936.81 5.00 19.00 0.73 3.80 0.00
3987 1933 89 11686.39 7.10 21.50 0.67 3.50 2.50
3987 1933 90 9954.51 4.20 16.10 0.80 6.20 3.00
3987 1933 91 11843.11 1.40 13.40 0.67 6.50 4.10
3987 1933 92 9975.40 1.90 8.90 0.60 9.00 5.30
3987 1933 93 6492.00 2.50 9.00 0.95 7.60 4.50
3987 1933 94 8915.12 6.60 10.20 0.69 11.60 0.00
3987 1933 95 8920.29 3.00 9.80 0.60 6.80 0.00
3987 1933 96 8375.29 -0.50 12.60 0.73 6.40 0.00
3987 1933 97 12250.37 0.60 9.30 0.57 5.90 0.00
3987 1933 98 15263.73 -0.40 11.50 0.57 2.60 0.00
3987 1933 99 18174.84 -0.10 14.90 0.64 3.40 5.00
3987 1933 100 8796.90 5.20 12.40 1.03 4.10 0.00
3987 1933 101 13920.08 6.00 18.20 0.88 2.60 0.00
3987 1933 102 11981.02 8.30 21.10 1.08 3.70 0.60
3987 1933 103 16668.33 5.90 13.20 0.68 6.70 0.00
3987 1933 104 13610.70 0.70 10.50 0.56 7.10 0.00
3987 1933 105 10853.30 -1.00 10.80 0.63 6.70 0.60
3987 1933 106 7892.70 6.10 10.70 0.75 8.10 0.70
3987 1933 107 21642.87 0.90 9.20 0.37 5.70 0.00
3987 1933 108 12975.20 -1.00 7.60 0.43 3.60 0.00
3987 1933 109 8838.43 -4.60 5.00 0.53 3.30 3.20
3987 1933 110 8790.52 0.00 6.10 0.67 3.20 2.20
3987 1933 111 8195.88 1.10 5.70 0.63 4.20 0.60
3987 1933 112 8151.30 -0.60 5.50 0.56 2.80 0.00
3987 1933 113 13357.54 -1.30 9.30 0.60 6.00 0.00
3987 1933 114 9024.69 4.00 11.50 0.63 2.80 0.00
3987 1933 115 16207.70 4.60 14.40 0.67 2.70 0.00
3987 1933 116 23530.90 0.30 16.20 0.52 5.10 0.00
3987 1933 117 23735.22 2.30 17.60 0.49 5.50 0.00
3987 1933 118 21158.03 1.80 15.60 0.53 4.90 0.00
3987 1933 119 18203.88 2.00 19.10 0.67 3.60 0.00
3987 1933 120 11217.28 6.10 17.60 1.04 2.60 4.60
3987 1933 121 18854.92 7.20 17.70 0.88 3.50 0.00
3987 1933 122 22640.56 5.30 18.10 0.83 3.00 0.00
3987 1933 123 18664.84 5.20 19.10 0.72 5.50 0.00
3987 1933 124 23850.67 5.60 23.90 0.71 4.70 0.00
3987 1933 125 20247.99 8.20 24.80 0.76 4.90 3.50
3987 1933 126 18995.56 9.20 26.90 1.01 5.40 2.20
3987 1933 127 17536.30 11.70 24.60 1.35 4.60 27.80
3987 1933 128 12059.38 7.60 18.50 1.00 3.10 0.00
3987 1933 129 9565.14 9.90 18.00 1.20 4.60 1.70
3987 1933 130 18577.70 3.90 17.10 0.88 4.10 0.70
3987 1933 131 18635.57 6.30 17.60 0.89 3.20 0.40
3987 1933 132 11524.71 8.00 14.90 0.99 3.80 0.80
3987 1933 133 12074.58 5.90 13.40 0.92 4.80 0.30
3987 1933 134 10582.97 5.40 14.50 1.00 4.30 3.60
3987 1933 135 13624.51 5.20 13.00 0.91 7.20 0.90
3987 1933 136 13068.60 5.80 13.30 0.89 8.00 3.40
3987 1933 137 9310.52 6.20 10.00 0.96 4.90 3.40
3987 1933 138 11615.96 6.60 12.80 1.00 3.50 10.80
3987 1933 139 18094.57 6.00 15.70 0.92 2.50 0.10
3987 1933 140 16760.94 5.30 19.40 1.15 2.40 0.00
3987 1933 141 21386.90 9.00 23.10 1.16 3.40 0.00
3987 1933 142 25340.52 9.90 22.90 0.97 4.60 0.00
3987 1933 143 24085.24 3.60 19.00 0.75 3.90 0.00
3987 1933 144 25856.52 6.10 19.10 0.76 3.00 0.00
3987 1933 145 18538.49 9.00 20.90 0.93 2.50 0.00
3987 1933 146 17879.22 8.40 19.50 0.97 3.20 0.00
3987 1933 147 17095.33 7.30 19.60 1.03 3.10 0.00
3987 1933 148 17221.82 9.00 20.60 1.21 3.40 6.10
3987 1933 149 21549.51 8.90 22.40 1.07 3.30 0.20
3987 1933 150 18705.90 10.90 22.60 1.08 3.50 0.00
3987 1933 151 11710.15 10.70 16.30 1.28 3.20 1.10
3987 1933 152 17715.42 8.40 21.00 1.21 3.10 0.00
3987 1933 153 27071.68 7.90 23.90 0.93 3.90 0.00
3987 1933 154 27850.51 9.40 24.00 1.09 3.80 0.00
3987 1933 155 28892.32 6.70 22.30 0.72 4.30 0.00
3987 1933 156 23858.84 9.50 25.40 1.00 3.30 0.00
3987 1933 157 25725.52 11.60 25.00 1.13 4.50 0.00
3987 1933 158 27419.78 8.00 23.10 1.08 4.40 0.30
3987 1933 159 23311.23 9.50 22.20 1.08 4.30 0.50
3987 1933 160 15780.26 9.50 20.50 1.25 4.30 4.40
3987 1933 161 10331.52 10.00 17.50 1.36 2.80 2.50
3987 1933 162 12889.51 11.30 19.40 1.49 3.10 0.90
3987 1933 163 20752.12 10.70 21.40 1.24 3.50 0.00
3987 1933 164 22373.83 9.70 24.70 1.35 4.10 0.00
3987 1933 165 16366.49 12.50 25.00 1.44 3.80 1.20
3987 1933 166 23003.09 9.60 25.10 1.21 3.20 0.00
3987 1933 167 23277.70 12.70 23.70 1.39 3.00 3.40
3987 1933 168 20622.21 11.00 26.70 1.31 4.70 11.70
3987 1933 169 10896.22 12.20 17.50 1.13 3.80 0.00
3987 1933 170 19994.32 9.80 19.70 1.05 5.40 1.60
3987 1933 171 16589.44 9.10 19.90 1.16 4.70 0.00
3987 1933 172 19862.64 10.40 24.90 1.39 3.80 0.00
3987 1933 173 19625.67 14.40 26.50 1.71 5.00 44.00
3987 1933 174 11512.95 11.20 17.60 1.31 5.70 6.00
3987 1933 175 10056.09 11.00 14.00 1.41 7.10 2.70
3987 1933 176 15985.24 12.40 19.40 1.27 3.70 0.10
3987 1933 177 22103.58 7.80 21.20 1.23 5.80 0.00
3987 1933 178 17661.64 12.60 18.60 1.28 7.60 4.40
3987 1933 179 14148.90 11.70 18.60 1.24 7.10 3.50
3987 1933 180 16436.07 10.70 20.70 1.21 3.50 0.40
3987 1933 181 14609.64 8.50 19.40 1.41 3.10 12.80
3987 1933 182 15294.18 9.20 18.20 1.28 5.40 0.00
3987 1933 183 13934.48 11.50 20.90 1.41 4.20 0.00
3987 1933 184 11587.50 11.60 23.40 1.69 5.30 0.00
3987 1933 185 19496.32 14.20 23.10 1.41 7.80 2.00
3987 1933 186 17658.33 14.30 24.90 1.61 3.90 0.00
3987 1933 187 20692.29 13.20 23.50 1.41 4.30 3.10
3987 1933 188 25241.96 11.00 25.60 1.40 3.60 0.00
3987 1933 189 28954.77 14.70 29.50 1.48 3.10 0.00
3987 1933 190 25056.07 15.50 30.10 1.80 3.20 0.00
3987 1933 191 15327.97 17.20 27.00 1.81 2.70 0.00
3987 1933 192 12703.98 16.40 24.30 1.77 3.80 5.90
3987 1933 193 15004.74 13.00 20.50 1.56 4.40 4.80
3987 1933 194 19589.21 12.30 23.20 1.35 6.00 1.10
3987 1933 195 13124.61 14.60 22.00 1.69 6.50 2.80
3987 1933 196 21271.68 14.80 25.10 1.41 4.60 2.20
3987 1933 197 12129.69 13.20 19.90 1.53 3.70 1.20
3987 1933 198 16503.27 11.50 20.00 1.39 7.40 6.50
3987 1933 199 15011.43 12.10 20.50 1.36 6.40 0.00
3987 1933 200 20999.03 14.20 23.30 1.45 3.80 0.00
3987 1933 201 20767.83 14.60 26.50 1.56 2.70 0.00
3987 1933 202 21480.61 14.30 29.50 1.61 4.40 0.00
3987 1933 203 16312.37 16.50 28.50 1.97 3.70 5.30
3987 1933 204 17363.68 16.70 23.30 1.52 5.90 0.00
3987 1933 205 16965.87 12.00 23.00 1.48 6.00 0.00
3987 1933 206 14841.44 15.00 26.80 1.60 4.40 0.00
3987 1933 207 23957.53 16.60 24.90 1.77 4.40 0.00
3987 1933 208 24321.18 16.60 32.80 1.71 4.40 0.00
3987 1933 209 22656.41 19.10 33.70 1.60 6.30 0.00
3987 1933 210 15123.87 12.80 26.80 1.41 3.60 0.00
3987 1933 211 16159.91 15.30 22.50 1.36 5.30 0.00
3987 1933 212 19651.77 10.50 24.40 1.21 5.00 0.00
3987 1933 213 9056.43 15.60 20.80 1.72 5.70 17.50
3987 1933 214 9020.63 13.30 17.60 1.64 7.80 1.60
3987 1933 215 14838.57 15.00 23.50 1.75 3.60 0.00
3987 1933 216 18324.05 13.10 25.50 1.77 5.80 0.00
3987 1933 217 23130.55 13.50 24.50 1.25 5.70 0.00
3987 1933 218 25465.15 11.70 28.10 1.43 2.60 0.00
3987 1933 219 18695.13 15.00 30.50 1.69 4.50 0.00
3987 1933 220 9224.14 15.00 24.90 1.65 5.90 0.00
3987 1933 221 24094.72 12.20 25.40 1.27 5.40 0.00
3987 1933 222 18968.93 15.10 26.90 1.57 4.40 0.00
3987 1933 223 21219.57 10.30 23.50 1.13 2.60 0.00
3987 1933 224 10629.84 11.00 22.90 1.27 5.00 0.60
3987 1933 225 19247.90 10.70 23.00 1.25 4.80 0.00
3987 1933 226 23741.66 9.70 24.30 1.08 4.50 0.00
3987 1933 227 16713.11 10.50 27.70 1.19 5.20 0.00
3987 1933 228 16698.09 16.50 28.00 1.60 4.20 1.60
3987 1933 229 14933.63 14.30 22.50 1.48 3.80 4.00
3987 1933 230 11605.54 12.60 21.70 1.56 6.60 0.60
3987 1933 231 19110.27 14.40 25.70 1.39 6.10 0.00
3987 1933 232 9271.39 13.60 21.20 1.60 3.40 4.20
3987 1933 233 17777.86 10.50 22.50 1.17 5.20 0.00
3987 1933 234 14329.05 10.50 20.90 1.29 3.80 0.40
3987 1933 235 18257.94 9.00 20.70 1.16 3.80 16.30
3987 1933 236 12484.32 10.20 18.40 1.33 7.30 3.00
3987 1933 237 18854.42 10.70 20.40 1.28 7.50 0.00
3987 1933 238 17985.01 10.40 22.40 1.31 4.00 0.00
3987 1933 239 21032.37 9.70 25.40 1.16 3.40 0.00
3987 1933 240 20959.98 12.30 25.80 1.08 2.70 0.00
3987 1933 241 17739.58 13.00 25.70 1.31 3.50 0.00
3987 1933 242 21170.01 10.30 22.70 1.00 5.00 0.00
3987 1933 243 17554.20 8.40 25.20 1.08 3.10 0.00
3987 1933 244 7431.81 12.10 16.80 1.29 5.40 0.00
3987 1933 245 8930.83 11.90 17.70 1.44 8.00 5.80
3987 1933 246 12564.33 11.40 19.90 1.29 5.80 0.00
3987 1933 247 18026.40 7.80 21.00 1.07 4.20 0.00
3987 1933 248 19516.74 6.20 23.50 0.97 3.70 0.00
3987 1933 249 15903.11 7.00 21.50 1.13 3.20 0.00
3987 1933 250 17220.09 7.60 20.50 1.05 3.00 0.00
3987 1933 251 15855.24 7.20 21.60 1.07 3.20 0.00
3987 1933 252 15147.16 6.80 20.10 1.05 2.90 0.00
3987 1933 253 18183.70 6.70 20.90 0.99 3.10 0.00
3987 1933 254 18366.67 7.20 23.50 0.91 3.90 0.00
3987 1933 255 17283.59 8.20 25.90 1.00 4.00 0.00
3987 1933 256 6785.11 13.40 21.80 1.27 3.50 5.40
3987 1933 257 6834.38 10.40 16.20 1.24 7.70 1.70
3987 1933 258 11850.98 9.00 16.30 1.01 6.70 0.00
3987 1933 259 6369.64 9.80 17.30 1.27 5.80 0.00
3987 1933 260 7160.89 9.00 16.80 1.31 3.40 0.00
3987 1933 261 9564.37 6.20 15.20 1.00 3.50 0.00
3987 1933 262 16570.96 2.30 16.80 0.81 4.00 0.00
3987 1933 263 10525.04 4.30 18.50 1.01 2.60 0.00
3987 1933 264 12608.25 7.30 18.20 1.04 3.20 5.10
3987 1933 265 5457.24 10.20 11.80 1.27 3.90 2.10
3987 1933 266 9796.12 9.60 18.70 1.20 4.10 2.00
3987 1933 267 5719.62 11.80 18.20 1.68 3.00 0.20
3987 1933 268 11017.03 12.30 24.30 1.48 4.20 0.00
3987 1933 269 12384.83 11.80 25.00 1.51 4.30 0.00
3987 1933 270 14682.92 11.70 25.30 1.27 4.90 0.00
3987 1933 271 14276.21 10.00 24.20 1.05 5.20 0.00
3987 1933 272 13357.15 10.30 25.10 1.20 4.30 0.00
3987 1933 273 13622.91 10.10 24.80 1.20 3.90 0.00
3987 1933 274 13709.28 8.40 25.00 1.12 3.40 0.50
3987 1933 275 5459.15 9.30 18.00 1.12 4.90 0.80
3987 1933 276 10811.86 2.00 14.70 0.69 2.60 0.00
3987 1933 277 13274.85 2.90 16.00 0.69 4.80 0.10
3987 1933 278 4967.84 10.70 14.70 1.17 8.40 0.20
3987 1933 279 11831.53 6.40 16.20 0.93 4.40 0.00
3987 1933 280 8968.77 2.70 16.50 0.96 4.10 0.00
3987 1933 281 4251.93 9.70 17.40 1.51 4.80 12.60
3987 1933 282 6132.85 12.20 18.40 1.47 4.70 1.50
3987 1933 283 6963.26 9.00 19.50 1.32 5.70 0.00
3987 1933 284 6850.38 12.00 21.20 1.20 8.30 0.00
3987 1933 285 5501.87 9.60 15.70 1.00 6.90 0.00
3987 1933 286 7328.48 5.80 13.50 0.92 3.60 0.00
3987 1933 287 8852.48 2.60 14.70 0.84 3.00 0.00
3987 1933 288 9762.63 2.10 14.80 0.71 4.30 0.00
3987 1933 289 4981.14 2.00 11.90 0.89 5.60 0.70
3987 1933 290 5696.13 3.70 12.70 0.91 3.00 0.90
3987 1933 291 3980.69 0.80 9.20 0.87 2.90 1.00
3987 1933 292 3906.47 1.20 10.10 0.92 3.30 1.10
3987 1933 293 3478.25 6.90 10.60 1.16 2.80 1.60
3987 1933 294 3406.37 10.30 12.60 1.24 5.40 0.20
3987 1933 295 7893.54 7.50 14.60 1.05 6.70 0.00
3987 1933 296 5132.08 3.50 8.70 0.83 7.20 0.00
3987 1933 297 3252.30 2.90 7.00 0.84 6.40 0.00
3987 1933 298 3175.70 2.80 11.50 1.05 4.40 1.20
3987 1933 299 3128.90 4.30 11.60 0.97 3.80 6.70
3987 1933 300 3722.61 1.50 7.00 0.72 6.90 0.20
3987 1933 301 5549.35 2.50 11.60 0.67 5.90 0.00
3987 1933 302 3030.28 1.70 6.50 0.76 5.20 22.10
3987 1933 303 4834.45 2.10 7.50 0.65 10.60 9.10
3987 1933 304 3157.94 3.60 8.00 0.81 8.00 3.90
3987 1933 305 2801.65 3.50 6.80 0.83 5.40 11.30
3987 1933 306 2747.26 3.00 6.30 0.88 6.60 3.80
3987 1933 307 2699.61 2.90 6.60 0.76 4.80 0.20
3987 1933 308 3293.82 3.00 6.60 0.79 3.90 0.20
3987 1933 309 3528.00 1.10 8.80 0.75 1.90 0.10
3987 1933 310 3751.92 -0.50 7.30 0.72 6.50 7.10
3987 1933 311 5431.87 0.80 9.70 0.79 7.10 0.70
3987 1933 312 5974.11 -2.00 7.80 0.69 4.20 0.30
3987 1933 313 2465.71 3.00 8.90 0.84 2.80 0.00
3987 1933 314 3957.62 -2.00 6.10 0.60 4.40 0.20
3987 1933 315 2336.07 0.80 2.40 0.68 3.30 0.60
3987 1933 316 2293.21 0.70 3.40 0.68 1.70 3.80
3987 1933 317 2251.46 0.40 3.20 0.71 2.00 0.60
3987 1933 318 4546.55 0.00 6.90 0.67 2.90 0.20
3987 1933 319 2381.20 0.10 4.30 0.65 3.10 0.10
3987 1933 320 2296.54 -1.70 1.10 0.56 4.50 0.00
3987 1933 321 2099.19 -1.10 3.30 0.65 6.00 1.30
3987 1933 322 2059.57 2.50 4.50 0.79 5.70 0.10
3987 1933 323 2023.12 3.70 5.00 0.83 8.30 0.00
3987 1933 324 2087.76 2.90 6.20 0.79 8.30 0.00
3987 1933 325 2058.23 2.00 4.80 0.71 7.30 0.00
3987 1933 326 4552.02 -1.30 5.40 0.56 5.40 0.00
3987 1933 327 1904.11 -2.50 2.60 0.65 4.00 0.90
3987 1933 328 1871.50 0.80 4.30 0.75 3.30 1.40
3987 1933 329 1845.67 0.20 3.50 0.64 3.80 0.00
3987 1933 330 1819.77 -1.00 1.80 0.61 3.70 0.10
3987 1933 331 1793.14 0.70 2.60 0.60 8.20 2.50
3987 1933 332 1768.52 0.00 2.60 0.65 5.10 0.00
3987 1933 333 1749.17 -1.40 1.70 0.52 7.30 0.00
3987 1933 334 1724.93 -1.60 1.00 0.59 5.40 4.10
3987 1933 335 1704.05 -1.30 1.10 0.57 3.20 1.50
3987 1933 336 1687.07 -4.00 0.30 0.47 7.00 0.00
3987 1933 337 5028.55 -10.60 -3.50 0.20 8.20 0.00
3987 1933 338 4868.90 -13.70 -6.30 0.19 6.90 0.00
3987 1933 339 4602.34 -14.20 -4.40 0.24 2.60 0.00
3987 1933 340 3365.65 -11.10 -5.40 0.29 2.80 2.10
3987 1933 341 3653.68 -6.20 1.50 0.41 4.40 0.00
3987 1933 342 4583.07 -11.30 -2.20 0.24 2.80 0.00
3987 1933 343 1583.41 -15.60 -5.40 0.28 2.60 0.00
3987 1933 344 1564.12 -6.30 -2.00 0.43 0.80 0.20
3987 1933 345 1550.43 -7.00 -1.80 0.44 3.60 1.10
3987 1933 346 1536.97 -2.20 -0.10 0.55 3.30 0.10
3987 1933 347 4184.64 -13.30 -1.70 0.19 8.20 0.00
3987 1933 348 4230.24 -18.60 -12.00 0.13 3.90 0.00
3987 1933 349 1658.48 -18.00 -10.70 0.16 2.40 0.00
3987 1933 350 2307.48 -19.50 -11.10 0.16 2.60 0.10
3987 1933 351 3272.93 -17.50 -8.20 0.21 3.40 0.20
3987 1933 352 1501.04 -10.00 -1.90 0.48 3.20 2.20
3987 1933 353 1491.13 -2.20 1.40 0.64 4.00 0.00
3987 1933 354 1489.69 -0.80 1.50 0.63 6.00 1.80
3987 1933 355 1486.58 0.20 2.50 0.69 5.00 2.90
3987 1933 356 1485.93 1.80 3.70 0.69 7.00 0.30
3987 1933 357 1485.62 0.70 4.50 0.76 8.40 1.20
3987 1933 358 1488.51 1.70 4.80 0.76 7.10 0.00
3987 1933 359 1499.45 -1.80 2.00 0.51 5.70 0.00
3987 1933 360 1504.93 -2.30 -0.60 0.45 3.20 0.00
3987 1933 361 1509.48 -2.60 -0.60 0.47 3.10 0.00
3987 1933 362 1516.58 -3.60 -0.30 0.51 4.80 0.60
3987 1933 363 1520.98 -1.40 1.00 0.57 3.20 0.00
3987 1933 364 1530.52 -0.70 0.70 0.60 2.20 0.40
3987 1933 365 1539.39 -1.00 0.70 0.61 2.60 0.20
