*---------------------------------------------------------------------------*
* Station name: Potsdam Saekularstation
* Year: 1943
* Author: Pedro Alencar                                   -999.000: NIL VALUE
* Source: DWD
* Comments: Gaps filled with interpolation and storical means
* Longitude: 13.0622, latitude: 52.3812, altitude: 82.0 m.
*
    * Column  Daily value
    * 1       station number
    * 2       year
    * 3       day
    * 4       irradiation                   (kJ m-2 d-1)
    * 5       minimum temperature           (degrees Celsius
    * 6       maximum temperature           (degrees Celsius)
    * 7       early morning vapour pressure (kPa)
    * 8       mean wind speed (height: 2 m) (m s-1)
    * 9       precipitation                 (mm d-1)
    *
** WCCDESCRIPTION=Potsdam, Germany
** WCCFORMAT=2
** WCCYEARNR=1943
*---------------------------------------------------------------------------*
   13.0622 52.3812 82.0 -0.18 -0.55
3987 1943 1 1548.71 -1.70 1.50 0.60 5.10 0.80
3987 1943 2 1560.83 -0.30 2.70 0.63 8.10 10.00
3987 1943 3 1576.85 -1.70 0.10 0.56 11.60 2.80
3987 1943 4 2721.88 -3.00 0.50 0.44 8.30 1.60
3987 1943 5 1609.08 -4.20 -1.10 0.45 5.10 0.90
3987 1943 6 1628.44 -5.70 -2.70 0.39 2.80 0.10
3987 1943 7 2895.70 -9.20 -2.90 0.29 3.20 0.80
3987 1943 8 1665.34 -7.30 -4.90 0.36 4.30 2.00
3987 1943 9 2074.36 -7.60 -2.40 0.41 4.00 0.10
3987 1943 10 4266.44 -11.50 -4.00 0.31 3.20 0.40
3987 1943 11 4817.12 -14.10 -7.20 0.23 7.10 0.00
3987 1943 12 3516.14 -16.50 -9.20 0.21 7.00 0.00
3987 1943 13 1764.73 -11.60 1.90 0.45 6.30 0.10
3987 1943 14 1831.42 -2.30 2.60 0.48 7.40 0.00
3987 1943 15 4664.92 -0.10 6.60 0.59 7.30 0.00
3987 1943 16 2385.56 0.30 4.10 0.64 4.00 0.00
3987 1943 17 2987.63 -4.30 0.60 0.53 4.00 0.00
3987 1943 18 3317.91 -5.20 0.00 0.45 5.00 0.00
3987 1943 19 2308.91 -8.10 1.90 0.41 4.00 0.50
3987 1943 20 1950.89 -0.50 3.80 0.71 3.80 0.50
3987 1943 21 2221.87 -0.50 4.80 0.73 6.20 1.60
3987 1943 22 2008.61 2.80 6.70 0.76 4.80 1.00
3987 1943 23 2142.40 1.40 9.10 0.80 7.50 3.00
3987 1943 24 2093.55 -2.30 2.30 0.43 6.10 0.00
3987 1943 25 5497.50 -4.70 0.80 0.35 3.40 0.00
3987 1943 26 2169.08 -6.60 0.00 0.39 5.30 0.80
3987 1943 27 2192.23 0.00 5.50 0.77 6.40 1.40
3987 1943 28 2230.44 2.80 5.40 0.84 4.60 5.40
3987 1943 29 2272.12 1.90 6.10 0.73 5.10 0.40
3987 1943 30 3381.03 3.50 7.80 0.67 6.50 0.10
3987 1943 31 6616.84 3.80 10.00 0.69 7.40 0.30
3987 1943 32 4081.94 4.90 12.20 0.71 8.60 0.30
3987 1943 33 2773.50 3.10 9.20 0.69 6.90 0.00
3987 1943 34 2773.25 1.50 7.00 0.65 5.50 0.00
3987 1943 35 2602.62 0.90 3.90 0.68 3.60 1.00
3987 1943 36 2818.37 0.20 6.30 0.64 4.70 0.80
3987 1943 37 2633.36 1.80 6.40 0.75 9.30 4.10
3987 1943 38 3874.67 -0.10 5.90 0.56 7.20 0.20
3987 1943 39 7385.40 -2.40 3.80 0.47 6.30 0.00
3987 1943 40 3534.69 -3.60 2.40 0.37 6.60 0.00
3987 1943 41 3334.88 -0.50 6.20 0.55 7.60 1.20
3987 1943 42 2903.74 0.60 3.90 0.69 4.90 1.80
3987 1943 43 2937.87 1.00 9.60 0.88 9.80 4.40
3987 1943 44 5372.44 0.60 8.40 0.60 12.20 4.90
3987 1943 45 3059.13 0.30 7.10 0.81 11.10 2.90
3987 1943 46 3375.21 3.40 9.90 0.85 8.80 3.10
3987 1943 47 4109.41 1.50 6.00 0.65 8.80 1.90
3987 1943 48 9090.25 -3.10 4.70 0.53 3.10 0.00
3987 1943 49 4725.31 -3.10 4.40 0.63 7.80 0.10
3987 1943 50 8809.84 1.80 9.60 0.67 8.90 0.00
3987 1943 51 9213.64 3.80 9.90 0.68 10.20 0.00
3987 1943 52 9713.41 -1.40 9.20 0.61 4.70 0.00
3987 1943 53 9722.04 -1.20 11.00 0.59 3.90 0.00
3987 1943 54 3633.43 -1.70 1.90 0.60 1.90 0.00
3987 1943 55 3702.04 -1.50 0.60 0.56 1.40 0.00
3987 1943 56 3771.51 -1.60 0.50 0.53 1.90 0.00
3987 1943 57 3832.28 -2.70 2.30 0.61 3.70 0.00
3987 1943 58 4703.42 -1.60 7.70 0.65 6.40 0.10
3987 1943 59 8229.03 3.30 12.00 0.80 7.80 0.00
3987 1943 60 7296.12 3.80 9.80 0.67 10.00 0.00
3987 1943 61 4618.40 2.70 9.60 0.77 11.50 0.00
3987 1943 62 8940.55 0.70 7.10 0.49 7.20 0.00
3987 1943 63 12015.87 -4.80 7.20 0.36 4.60 0.00
3987 1943 64 6380.01 -2.70 9.10 0.48 7.00 0.50
3987 1943 65 6962.97 2.30 7.40 0.55 7.90 0.10
3987 1943 66 12864.49 -2.30 8.30 0.48 3.00 0.00
3987 1943 67 13070.12 -3.90 13.40 0.45 5.40 0.00
3987 1943 68 12012.42 -1.10 9.90 0.55 4.60 0.00
3987 1943 69 11222.02 -2.10 9.50 0.60 2.10 0.00
3987 1943 70 10994.35 -2.10 14.00 0.55 3.90 0.60
3987 1943 71 8580.61 2.30 10.00 0.60 2.70 0.00
3987 1943 72 12153.51 -1.80 10.70 0.43 4.70 0.00
3987 1943 73 12279.50 -1.70 10.80 0.44 6.10 0.00
3987 1943 74 11969.49 -1.30 12.70 0.55 5.60 0.00
3987 1943 75 14008.07 0.60 15.90 0.59 3.10 0.00
3987 1943 76 14283.49 -0.40 15.10 0.60 3.60 0.00
3987 1943 77 10513.96 -1.40 8.80 0.52 7.90 0.00
3987 1943 78 14896.14 -0.70 12.20 0.48 7.80 0.00
3987 1943 79 15600.45 -1.20 11.20 0.48 6.60 0.00
3987 1943 80 15734.09 -1.20 15.30 0.37 6.90 0.00
3987 1943 81 16153.68 0.20 16.80 0.40 7.10 0.00
3987 1943 82 15929.22 0.50 16.20 0.45 7.00 0.00
3987 1943 83 15321.34 1.50 16.60 0.51 5.30 0.00
3987 1943 84 7401.54 0.60 13.90 0.51 4.80 0.10
3987 1943 85 8297.98 6.50 20.40 0.80 3.20 0.00
3987 1943 86 6709.34 6.50 14.60 0.96 5.00 0.00
3987 1943 87 6304.95 4.60 14.70 0.91 3.70 4.20
3987 1943 88 6226.51 2.90 8.30 0.75 4.00 0.10
3987 1943 89 8549.71 0.30 10.60 0.79 7.70 3.90
3987 1943 90 12741.21 2.40 12.30 0.65 11.30 4.60
3987 1943 91 11373.04 2.90 8.50 0.68 12.00 1.70
3987 1943 92 11575.62 3.60 10.00 0.64 11.60 0.00
3987 1943 93 8045.13 2.80 8.40 0.75 5.70 0.30
3987 1943 94 9226.12 -0.10 11.40 0.80 4.80 0.00
3987 1943 95 16601.88 4.50 19.40 0.81 5.70 0.00
3987 1943 96 10868.19 1.00 13.50 0.65 10.20 0.70
3987 1943 97 11453.27 -0.80 5.50 0.61 7.90 10.50
3987 1943 98 12913.62 0.00 7.10 0.51 8.30 0.40
3987 1943 99 7082.71 -0.10 6.20 0.64 3.00 0.00
3987 1943 100 7646.48 4.30 12.40 0.88 7.50 0.60
3987 1943 101 7615.06 7.50 10.40 0.93 5.70 0.90
3987 1943 102 7367.80 6.60 12.10 0.96 3.00 0.10
3987 1943 103 18543.93 3.00 17.60 0.85 2.80 0.00
3987 1943 104 17644.85 5.70 20.50 0.81 5.50 0.00
3987 1943 105 17370.65 8.70 24.30 0.99 5.30 0.00
3987 1943 106 16885.20 9.70 21.40 0.95 4.10 0.00
3987 1943 107 18939.48 7.10 20.90 0.93 6.70 0.00
3987 1943 108 8533.92 11.00 17.10 1.00 8.20 0.00
3987 1943 109 17769.78 9.90 23.50 1.00 7.00 6.50
3987 1943 110 14474.42 6.70 14.60 0.75 4.10 0.00
3987 1943 111 22620.36 3.20 18.80 0.67 4.80 0.00
3987 1943 112 15846.08 6.80 21.20 1.07 6.30 0.00
3987 1943 113 21207.37 11.60 25.70 1.19 4.50 0.00
3987 1943 114 13543.93 8.70 22.30 1.17 6.20 3.00
3987 1943 115 12086.45 5.30 14.70 0.88 7.30 1.60
3987 1943 116 15999.46 8.20 17.40 0.92 9.80 1.30
3987 1943 117 17529.14 6.10 13.70 0.80 9.40 1.60
3987 1943 118 10208.60 6.10 11.30 0.83 6.40 4.20
3987 1943 119 20376.00 3.20 13.60 0.77 4.60 0.00
3987 1943 120 18156.90 4.40 13.20 0.71 3.10 0.00
3987 1943 121 23024.29 2.90 17.40 0.65 3.50 0.00
3987 1943 122 24725.82 2.80 16.70 0.65 5.60 0.00
3987 1943 123 24889.05 2.10 15.50 0.56 5.50 0.00
3987 1943 124 24906.20 2.80 18.80 0.69 4.70 0.00
3987 1943 125 24958.80 4.90 20.80 0.68 5.10 0.00
3987 1943 126 19560.14 4.90 22.50 0.89 4.50 0.00
3987 1943 127 12624.16 8.40 17.90 1.07 5.20 3.20
3987 1943 128 23545.62 4.00 17.40 0.88 4.30 0.00
3987 1943 129 19606.11 7.60 19.30 0.77 6.60 0.00
3987 1943 130 24048.65 4.90 17.80 0.56 6.90 0.70
3987 1943 131 14050.45 7.20 17.00 1.01 6.00 3.10
3987 1943 132 21535.96 5.70 21.60 0.92 3.30 0.00
3987 1943 133 24393.59 11.10 26.80 1.24 4.00 0.00
3987 1943 134 24983.91 12.90 30.40 1.31 3.10 0.00
3987 1943 135 20340.22 14.60 30.20 1.36 4.90 0.00
3987 1943 136 19933.16 5.50 16.30 0.79 5.60 0.00
3987 1943 137 23069.77 4.60 18.70 0.91 5.80 0.00
3987 1943 138 23969.87 5.50 18.30 0.79 5.90 0.00
3987 1943 139 27243.50 2.90 20.00 0.57 3.80 0.00
3987 1943 140 27465.65 0.90 18.50 0.49 4.60 0.00
3987 1943 141 26978.81 4.50 20.20 0.60 4.80 0.00
3987 1943 142 27009.61 6.80 22.00 0.61 4.20 0.00
3987 1943 143 20113.33 6.70 23.40 0.85 4.40 1.00
3987 1943 144 18844.34 6.90 19.80 0.95 2.80 2.50
3987 1943 145 10667.97 11.00 15.00 1.29 3.40 4.60
3987 1943 146 12466.03 9.00 20.00 1.25 3.00 1.40
3987 1943 147 15851.77 11.00 19.70 1.25 4.40 0.00
3987 1943 148 17808.67 11.70 20.40 1.09 4.40 0.80
3987 1943 149 21885.40 7.80 17.60 0.91 6.20 0.00
3987 1943 150 24697.23 6.80 18.80 0.79 3.80 0.00
3987 1943 151 15747.80 5.50 21.00 0.72 4.60 0.00
3987 1943 152 23082.32 8.60 26.20 1.08 5.10 9.30
3987 1943 153 19739.80 12.00 22.00 1.28 3.70 0.00
3987 1943 154 9826.13 11.00 17.40 1.33 3.50 0.10
3987 1943 155 22413.85 9.50 20.30 1.13 4.90 0.00
3987 1943 156 20938.06 7.80 22.50 1.17 3.90 0.40
3987 1943 157 10739.76 13.40 17.60 1.49 2.60 13.50
3987 1943 158 10802.71 10.00 14.20 1.17 6.10 1.60
3987 1943 159 19734.63 8.80 19.00 1.03 3.30 1.00
3987 1943 160 9974.07 10.60 14.40 1.37 2.70 23.30
3987 1943 161 23283.74 11.50 24.60 1.51 4.10 0.00
3987 1943 162 17059.98 12.50 23.00 1.51 3.30 0.00
3987 1943 163 26424.47 11.50 25.60 1.52 3.80 0.00
3987 1943 164 24878.76 11.00 20.10 1.03 6.60 0.00
3987 1943 165 11585.15 10.50 20.60 1.20 2.30 3.50
3987 1943 166 23983.73 8.40 19.00 1.04 5.70 0.70
3987 1943 167 18884.22 8.10 19.90 1.09 3.20 2.30
3987 1943 168 19644.22 9.50 18.60 1.12 4.60 0.00
3987 1943 169 19173.72 7.80 17.10 1.11 5.10 0.60
3987 1943 170 10294.67 9.00 16.70 1.41 6.00 12.30
3987 1943 171 19752.22 14.30 24.30 1.67 3.50 0.00
3987 1943 172 28414.14 13.00 29.80 1.37 4.00 0.00
3987 1943 173 17627.37 12.90 22.50 1.43 4.50 0.00
3987 1943 174 15419.78 13.90 24.00 1.39 4.20 0.50
3987 1943 175 20172.83 12.90 20.00 1.19 7.50 0.20
3987 1943 176 11729.14 10.60 17.10 1.19 6.00 4.00
3987 1943 177 19312.50 11.30 21.10 1.25 4.90 0.00
3987 1943 178 23931.43 10.30 21.40 1.16 6.50 0.00
3987 1943 179 13255.72 9.30 19.80 1.25 4.60 1.00
3987 1943 180 13752.80 11.60 20.60 1.28 5.50 5.80
3987 1943 181 11453.76 10.40 17.60 1.37 2.90 7.50
3987 1943 182 14455.49 10.50 20.90 1.39 2.70 0.70
3987 1943 183 25567.25 9.90 24.00 1.36 4.10 0.00
3987 1943 184 11513.07 12.00 18.00 1.23 5.90 0.00
3987 1943 185 10768.83 11.20 18.30 1.36 5.10 0.00
3987 1943 186 14936.71 13.40 22.80 1.36 5.50 0.00
3987 1943 187 14559.67 12.30 23.40 1.47 3.30 0.90
3987 1943 188 20053.81 13.60 22.20 1.23 5.10 0.00
3987 1943 189 26918.54 10.60 21.10 1.04 5.50 0.00
3987 1943 190 23325.80 8.60 19.60 1.05 6.60 0.00
3987 1943 191 13789.29 7.90 19.90 1.29 5.00 0.70
3987 1943 192 13114.77 11.50 19.60 1.39 4.50 2.30
3987 1943 193 12063.94 15.20 24.30 1.91 4.20 3.40
3987 1943 194 18120.93 12.70 21.80 1.43 6.30 3.10
3987 1943 195 19512.40 10.60 19.80 1.28 7.60 6.10
3987 1943 196 19731.66 12.10 24.70 1.47 3.40 0.00
3987 1943 197 22377.01 16.30 28.80 1.57 5.40 0.00
3987 1943 198 14965.34 11.30 19.90 1.31 6.20 0.40
3987 1943 199 14051.76 12.30 21.90 1.43 4.50 0.10
3987 1943 200 20402.86 13.20 24.60 1.56 3.40 0.00
3987 1943 201 24470.71 11.70 25.40 1.53 3.30 0.00
3987 1943 202 23552.47 12.00 27.00 1.53 2.90 0.00
3987 1943 203 23479.59 13.50 28.40 1.52 2.90 0.00
3987 1943 204 20518.19 14.00 28.30 1.83 3.10 8.40
3987 1943 205 26808.15 12.60 26.50 1.36 3.10 0.00
3987 1943 206 25969.82 11.60 28.50 1.27 2.40 0.00
3987 1943 207 24444.73 15.00 30.00 1.63 2.00 0.00
3987 1943 208 25278.21 16.80 32.10 1.44 3.50 0.00
3987 1943 209 22403.15 17.80 32.20 1.39 3.80 0.00
3987 1943 210 23834.74 18.40 31.40 1.57 3.70 0.00
3987 1943 211 16158.84 16.70 29.40 1.72 2.20 0.00
3987 1943 212 24085.94 16.10 29.80 1.47 2.80 0.00
3987 1943 213 23979.67 15.20 35.30 1.45 4.80 0.00
3987 1943 214 19146.12 20.20 35.30 1.83 3.30 4.90
3987 1943 215 24340.93 19.80 36.60 1.57 4.20 0.00
3987 1943 216 19577.26 21.50 29.20 2.13 5.00 0.60
3987 1943 217 15102.74 17.80 26.20 1.65 3.90 0.00
3987 1943 218 17943.12 16.90 24.40 1.20 6.50 0.00
3987 1943 219 12530.93 14.70 20.50 1.52 7.30 1.20
3987 1943 220 9627.50 11.50 16.90 1.45 6.10 14.40
3987 1943 221 17080.81 13.40 21.00 1.31 9.50 0.00
3987 1943 222 16899.96 12.60 19.80 1.09 8.70 0.00
3987 1943 223 13259.78 12.50 25.10 1.43 5.10 1.60
3987 1943 224 20281.15 11.90 19.30 1.04 8.60 0.00
3987 1943 225 13387.28 10.80 20.40 1.12 4.40 1.20
3987 1943 226 11487.42 12.30 19.20 1.33 7.30 4.00
3987 1943 227 19307.86 9.50 19.80 1.04 5.90 0.00
3987 1943 228 13570.67 10.00 21.10 1.08 5.00 0.20
3987 1943 229 20302.09 12.90 22.80 1.09 3.10 0.00
3987 1943 230 20131.35 9.90 28.90 1.28 3.60 0.00
3987 1943 231 21572.93 19.60 28.40 1.52 5.30 0.00
3987 1943 232 21547.08 15.60 37.20 1.76 4.50 0.00
3987 1943 233 21789.08 19.50 37.40 1.67 4.80 0.00
3987 1943 234 21114.58 20.90 33.40 1.84 4.70 5.00
3987 1943 235 8177.25 13.30 23.50 1.61 4.90 0.70
3987 1943 236 18690.63 11.40 24.90 1.29 2.70 0.00
3987 1943 237 18551.34 12.70 25.50 1.20 3.60 0.00
3987 1943 238 15606.07 13.50 28.00 1.36 3.70 0.00
3987 1943 239 11216.95 11.00 21.50 1.32 6.70 2.90
3987 1943 240 19221.75 9.40 21.10 1.09 5.60 1.30
3987 1943 241 10302.37 12.70 20.00 1.55 5.90 5.90
3987 1943 242 7881.01 12.40 21.00 1.72 5.80 7.80
3987 1943 243 9082.47 12.90 18.30 1.53 5.80 6.90
3987 1943 244 9937.37 12.30 19.50 1.55 3.80 0.20
3987 1943 245 17642.03 9.70 22.20 1.27 2.80 0.00
3987 1943 246 8304.55 11.80 20.40 1.32 2.80 0.00
3987 1943 247 6992.03 10.90 18.10 1.61 3.90 0.50
3987 1943 248 11007.05 12.80 20.70 1.37 2.40 0.00
3987 1943 249 13094.93 10.70 24.40 1.40 4.00 0.00
3987 1943 250 15831.28 11.40 22.60 1.24 2.70 0.00
3987 1943 251 6497.09 13.20 19.50 1.49 3.20 22.70
3987 1943 252 14722.07 9.80 20.20 1.31 3.60 0.00
3987 1943 253 12610.34 8.50 19.50 1.31 2.50 0.00
3987 1943 254 6278.29 10.50 16.10 1.33 3.30 0.00
3987 1943 255 13808.65 9.90 23.00 1.43 4.90 0.00
3987 1943 256 15933.50 11.30 26.90 1.52 5.90 0.30
3987 1943 257 12882.60 18.00 29.00 1.89 4.30 0.30
3987 1943 258 10409.91 16.70 24.40 1.71 5.10 0.00
3987 1943 259 12632.54 11.00 21.50 1.35 4.30 0.00
3987 1943 260 15975.36 12.10 23.10 1.24 3.70 0.00
3987 1943 261 12631.41 10.60 25.50 1.45 3.70 0.00
3987 1943 262 7704.39 13.40 18.70 1.57 3.40 0.20
3987 1943 263 6421.15 12.80 16.20 1.39 5.30 20.80
3987 1943 264 13809.19 8.40 17.10 0.95 6.00 0.00
3987 1943 265 7484.17 7.60 14.40 0.99 4.60 0.10
3987 1943 266 12192.73 4.40 15.70 0.89 5.50 0.00
3987 1943 267 15240.99 6.50 20.80 0.97 4.60 0.00
3987 1943 268 9555.62 8.10 21.90 1.43 4.00 10.00
3987 1943 269 6132.36 8.30 15.20 1.15 5.60 3.70
3987 1943 270 10719.82 6.10 15.10 0.89 3.70 2.50
3987 1943 271 12251.59 4.00 15.50 0.89 3.30 0.00
3987 1943 272 11472.40 4.20 15.50 0.97 4.20 0.00
3987 1943 273 12191.58 5.40 17.40 1.01 3.10 0.00
3987 1943 274 13632.79 5.80 18.60 1.04 4.40 0.00
3987 1943 275 11031.67 7.30 19.20 1.11 5.00 0.60
3987 1943 276 12762.07 8.20 16.60 0.93 5.70 0.00
3987 1943 277 13263.18 4.30 19.20 0.99 5.50 0.00
3987 1943 278 4889.77 7.90 15.00 1.09 5.00 0.00
3987 1943 279 12588.55 6.00 19.70 1.05 4.90 0.00
3987 1943 280 11079.48 8.10 20.20 1.13 2.70 0.00
3987 1943 281 9888.26 6.40 17.00 0.99 3.30 0.00
3987 1943 282 12066.20 3.70 16.20 0.79 4.60 0.00
3987 1943 283 12219.14 2.50 15.50 0.68 6.00 0.00
3987 1943 284 12068.38 1.60 15.40 0.67 7.00 0.00
3987 1943 285 11913.51 1.70 16.50 0.63 6.60 0.00
3987 1943 286 11699.06 0.60 16.60 0.55 6.20 0.00
3987 1943 287 11360.61 -0.80 13.00 0.55 5.60 0.00
3987 1943 288 10178.04 1.00 11.10 0.63 4.50 0.00
3987 1943 289 5511.27 0.60 10.60 0.75 4.90 0.00
3987 1943 290 9636.53 0.30 16.90 0.83 5.30 0.00
3987 1943 291 7483.53 4.90 18.30 1.12 3.80 0.10
3987 1943 292 5068.32 10.00 16.70 1.36 3.10 6.70
3987 1943 293 4774.94 7.50 16.90 1.32 4.30 0.80
3987 1943 294 6715.48 12.00 22.80 1.37 4.60 0.20
3987 1943 295 6841.15 11.40 20.50 1.19 5.00 0.00
3987 1943 296 8131.82 8.30 22.00 1.24 5.00 0.00
3987 1943 297 6180.64 10.40 19.60 1.25 3.80 0.00
3987 1943 298 4790.22 9.50 17.00 1.29 3.70 0.00
3987 1943 299 3114.37 7.80 12.20 1.13 3.70 0.00
3987 1943 300 3634.03 7.10 13.00 1.07 4.50 0.00
3987 1943 301 5791.26 6.00 13.00 0.92 4.90 0.00
3987 1943 302 8246.71 2.60 18.20 0.99 5.90 0.10
3987 1943 303 6428.71 4.10 13.30 0.84 6.80 0.00
3987 1943 304 5487.98 2.60 11.20 0.75 7.50 0.00
3987 1943 305 8106.78 -0.70 14.70 0.63 5.00 0.00
3987 1943 306 6668.84 1.00 15.60 0.76 3.10 0.00
3987 1943 307 2750.07 2.80 8.70 0.89 3.00 0.00
3987 1943 308 3298.72 -0.50 7.90 0.68 4.70 0.00
3987 1943 309 2617.99 -4.30 1.60 0.51 3.80 0.00
3987 1943 310 4110.32 -0.90 4.10 0.55 3.90 0.10
3987 1943 311 2518.27 -2.40 2.60 0.63 4.50 3.30
3987 1943 312 2469.86 -0.10 4.30 0.63 3.20 0.00
3987 1943 313 2423.52 -1.10 3.90 0.69 2.20 0.00
3987 1943 314 2384.71 -3.60 1.70 0.59 2.80 0.00
3987 1943 315 2385.43 0.40 5.40 0.75 5.10 2.30
3987 1943 316 2977.41 2.60 6.80 0.76 7.90 4.40
3987 1943 317 2878.20 1.00 7.30 0.69 7.40 1.90
3987 1943 318 2212.69 0.10 2.90 0.68 4.40 3.10
3987 1943 319 6074.42 -0.80 6.20 0.56 5.10 0.00
3987 1943 320 2597.49 -2.30 4.00 0.60 3.80 0.00
3987 1943 321 4616.80 -2.40 5.80 0.56 3.90 0.00
3987 1943 322 3015.02 -3.40 2.30 0.55 4.20 0.00
3987 1943 323 2033.55 -0.90 0.90 0.55 3.90 0.00
3987 1943 324 2003.26 -1.50 0.60 0.53 2.40 0.00
3987 1943 325 1971.26 -3.00 -0.10 0.55 2.70 0.80
3987 1943 326 1935.33 -0.40 1.00 0.64 2.80 4.10
3987 1943 327 1899.90 0.80 4.60 0.73 5.80 0.80
3987 1943 328 2424.87 -0.40 5.90 0.68 7.10 13.70
3987 1943 329 2207.13 3.00 6.60 0.76 8.30 2.50
3987 1943 330 2226.47 0.80 5.10 0.63 8.40 0.20
3987 1943 331 2509.22 1.00 5.60 0.71 6.90 0.00
3987 1943 332 1943.60 -1.30 5.30 0.69 5.90 8.00
3987 1943 333 2090.76 2.60 9.10 0.75 8.60 4.70
3987 1943 334 2464.59 1.90 5.40 0.69 6.60 1.10
3987 1943 335 1831.66 -0.20 2.80 0.61 5.40 0.40
3987 1943 336 1943.24 -1.10 2.90 0.56 3.50 0.00
3987 1943 337 1668.28 -4.70 -1.00 0.48 3.70 0.00
3987 1943 338 1992.28 -3.50 -0.60 0.47 2.30 0.00
3987 1943 339 2014.87 -4.70 -1.10 0.44 2.70 0.00
3987 1943 340 4402.02 -4.40 1.90 0.45 2.70 0.00
3987 1943 341 1603.65 -8.60 -2.90 0.41 2.10 1.00
3987 1943 342 1581.60 -3.30 0.30 0.59 1.60 0.50
3987 1943 343 1567.39 -0.70 0.50 0.60 2.50 4.50
3987 1943 344 1557.08 -2.00 0.50 0.53 4.30 0.00
3987 1943 345 1548.56 -2.80 -1.50 0.48 4.60 0.00
3987 1943 346 1544.81 -6.70 -2.20 0.39 4.20 0.00
3987 1943 347 1535.65 -7.90 -4.70 0.36 2.10 0.20
3987 1943 348 1518.38 -5.00 0.00 0.57 1.70 0.00
3987 1943 349 1513.41 -2.30 0.10 0.52 1.40 0.00
3987 1943 350 1508.75 -3.00 -1.60 0.51 2.60 0.00
3987 1943 351 4004.54 -4.90 -0.70 0.45 4.40 0.00
3987 1943 352 2823.43 -5.70 2.10 0.48 6.00 0.00
3987 1943 353 1486.36 -1.70 6.10 0.68 9.50 5.30
3987 1943 354 4078.69 0.80 6.90 0.64 6.90 0.10
3987 1943 355 2687.73 -0.60 5.20 0.57 5.60 0.00
3987 1943 356 2086.65 -0.90 4.10 0.56 6.90 0.00
3987 1943 357 3169.90 -1.10 5.70 0.59 5.40 0.00
3987 1943 358 1771.24 -1.60 3.40 0.60 4.40 0.30
3987 1943 359 1495.66 -0.90 3.10 0.63 5.00 0.40
3987 1943 360 2256.86 -2.10 6.40 0.72 6.70 0.10
3987 1943 361 1498.21 2.10 6.20 0.84 5.20 0.60
3987 1943 362 1503.59 5.10 6.30 0.91 4.70 3.50
3987 1943 363 1514.01 2.80 5.80 0.81 5.80 0.60
3987 1943 364 1648.95 -0.40 4.60 0.67 7.90 5.20
3987 1943 365 2279.58 -2.80 1.10 0.49 7.50 0.10
