*---------------------------------------------------------------------------*
* Station name: Potsdam Saekularstation
* Year: 1955
* Author: Pedro Alencar                                   -999.000: NIL VALUE
* Source: DWD
* Comments: Gaps filled with interpolation and storical means
* Longitude: 13.0622, latitude: 52.3812, altitude: 82.0 m.
*
    * Column  Daily value
    * 1       station number
    * 2       year
    * 3       day
    * 4       irradiation                   (kJ m-2 d-1)
    * 5       minimum temperature           (degrees Celsius
    * 6       maximum temperature           (degrees Celsius)
    * 7       early morning vapour pressure (kPa)
    * 8       mean wind speed (height: 2 m) (m s-1)
    * 9       precipitation                 (mm d-1)
    *
** WCCDESCRIPTION=Potsdam, Germany
** WCCFORMAT=2
** WCCYEARNR=1955
*---------------------------------------------------------------------------*
   13.0622 52.3812 82.0 -0.18 -0.55
3987 1955 1 960.00 -3.20 -0.50 0.47 3.90 2.80
3987 1955 2 800.00 -3.50 -1.80 0.41 6.40 1.50
3987 1955 3 1170.00 -3.50 -1.90 0.41 3.60 0.70
3987 1955 4 2000.00 -6.60 -2.90 0.35 2.70 0.00
3987 1955 5 3460.00 -9.80 -3.70 0.31 3.20 0.00
3987 1955 6 3460.00 -11.20 -4.20 0.29 5.20 0.00
3987 1955 7 1550.00 -9.60 -5.70 0.28 5.60 0.00
3987 1955 8 1130.00 -9.80 -4.00 0.36 2.30 0.00
3987 1955 9 760.00 -5.40 -3.70 0.40 1.60 0.00
3987 1955 10 2070.00 -4.40 1.20 0.45 4.50 3.10
3987 1955 11 440.00 0.10 5.50 0.72 7.00 5.20
3987 1955 12 3960.00 -3.30 2.30 0.48 4.70 0.10
3987 1955 13 2160.00 -3.60 1.10 0.44 9.10 0.00
3987 1955 14 920.00 -3.00 -1.30 0.44 4.60 4.30
3987 1955 15 4150.00 -4.60 0.90 0.41 5.10 0.50
3987 1955 16 1000.00 -2.80 4.90 0.75 6.40 4.70
3987 1955 17 3290.00 -3.70 6.30 0.47 10.90 3.20
3987 1955 18 2620.00 -6.50 0.60 0.32 6.80 2.30
3987 1955 19 3160.00 -0.90 1.90 0.49 8.20 0.00
3987 1955 20 1660.00 -3.30 1.40 0.49 3.90 0.10
3987 1955 21 5580.00 -9.60 0.00 0.35 4.90 0.00
3987 1955 22 4850.00 -8.10 0.10 0.32 5.70 0.00
3987 1955 23 2280.00 -7.70 -3.00 0.33 5.00 0.00
3987 1955 24 1120.00 -10.50 -2.60 0.40 2.90 0.00
3987 1955 25 1340.00 -3.60 0.20 0.55 2.30 0.00
3987 1955 26 4520.00 -2.50 3.50 0.51 3.20 0.00
3987 1955 27 4290.00 -4.10 4.00 0.55 3.80 0.00
3987 1955 28 5580.00 -1.70 7.60 0.49 4.20 0.00
3987 1955 29 4930.00 -1.60 8.20 0.56 4.10 0.00
3987 1955 30 5340.00 -1.70 7.20 0.59 5.30 0.00
3987 1955 31 3460.00 0.70 5.40 0.59 4.50 0.00
3987 1955 32 4530.00 -0.70 5.50 0.57 3.90 0.00
3987 1955 33 3300.00 -3.20 0.20 0.51 2.40 0.00
3987 1955 34 4240.00 -3.50 7.20 0.65 3.70 0.00
3987 1955 35 4480.00 0.20 7.80 0.65 5.30 0.10
3987 1955 36 1380.00 0.50 5.10 0.68 5.20 8.00
3987 1955 37 2980.00 0.10 2.90 0.60 4.60 0.20
3987 1955 38 3180.00 -0.80 3.30 0.57 5.00 0.00
3987 1955 39 1300.00 -0.10 5.60 0.69 5.00 8.00
3987 1955 40 560.00 1.00 5.30 0.63 7.60 2.10
3987 1955 41 2560.00 -1.40 1.60 0.51 6.20 0.40
3987 1955 42 6200.00 -2.80 2.10 0.45 4.30 1.60
3987 1955 43 5210.00 -3.10 2.20 0.45 3.10 0.00
3987 1955 44 3460.00 -4.10 -0.20 0.45 2.80 0.00
3987 1955 45 2900.00 -6.00 -3.50 0.39 3.40 14.50
3987 1955 46 9180.00 -11.60 -3.10 0.25 3.40 0.10
3987 1955 47 4030.00 -13.40 -2.40 0.31 6.70 1.50
3987 1955 48 6930.00 -3.60 2.60 0.43 5.60 1.00
3987 1955 49 8080.00 -8.10 1.20 0.35 4.40 0.10
3987 1955 50 7890.00 -9.50 2.10 0.33 5.40 0.10
3987 1955 51 2210.00 -5.20 -1.80 0.40 5.20 9.00
3987 1955 52 7870.00 -7.80 -0.60 0.33 2.20 0.00
3987 1955 53 9980.00 -17.80 -2.30 0.25 1.60 0.00
3987 1955 54 10940.00 -16.20 -0.30 0.27 4.00 0.00
3987 1955 55 10050.00 -9.50 0.60 0.31 5.10 0.00
3987 1955 56 11300.00 -11.10 -0.20 0.29 5.00 0.00
3987 1955 57 11210.00 -11.40 -0.40 0.29 4.80 0.00
3987 1955 58 4330.00 -9.70 -1.40 0.36 2.50 0.00
3987 1955 59 6480.00 -10.90 0.10 0.33 3.40 0.00
3987 1955 60 12230.00 -11.40 0.10 0.28 4.70 0.00
3987 1955 61 12640.00 -10.40 1.90 0.27 4.60 0.00
3987 1955 62 10540.00 -10.60 3.00 0.25 1.60 0.00
3987 1955 63 10180.00 -7.60 7.40 0.35 5.30 1.40
3987 1955 64 4320.00 -0.40 2.80 0.56 6.20 0.90
3987 1955 65 9780.00 -5.10 4.40 0.43 6.40 2.90
3987 1955 66 3790.00 -3.90 0.50 0.48 4.60 3.60
3987 1955 67 10960.00 -9.80 4.70 0.37 3.70 0.00
3987 1955 68 10270.00 -6.70 4.30 0.40 3.80 0.00
3987 1955 69 5460.00 -5.60 1.10 0.40 3.50 0.00
3987 1955 70 8650.00 -8.10 0.60 0.36 3.90 0.00
3987 1955 71 14520.00 -8.50 1.90 0.35 5.40 0.00
3987 1955 72 5870.00 -4.80 0.70 0.40 2.50 0.00
3987 1955 73 7700.00 -4.10 4.80 0.53 5.50 0.50
3987 1955 74 3950.00 0.40 3.20 0.67 5.20 0.00
3987 1955 75 2720.00 0.60 4.30 0.63 8.30 5.00
3987 1955 76 10510.00 -2.00 2.50 0.53 6.50 1.80
3987 1955 77 8260.00 -6.80 0.40 0.40 5.80 1.10
3987 1955 78 16660.00 -11.50 -0.10 0.25 2.80 0.00
3987 1955 79 11700.00 -9.50 2.20 0.39 3.10 0.00
3987 1955 80 8190.00 -6.90 2.80 0.44 5.70 4.30
3987 1955 81 14840.00 -0.60 8.10 0.53 5.00 1.60
3987 1955 82 7250.00 0.40 11.10 0.79 4.80 0.00
3987 1955 83 5830.00 5.70 13.40 1.05 6.40 3.70
3987 1955 84 8270.00 8.00 14.80 0.93 5.40 0.30
3987 1955 85 6770.00 5.30 17.60 1.04 6.00 4.00
3987 1955 86 6930.00 1.40 15.70 0.95 6.90 2.50
3987 1955 87 15830.00 -1.50 6.30 0.44 5.40 0.00
3987 1955 88 12270.00 -2.90 5.90 0.51 2.70 0.10
3987 1955 89 16940.00 -3.80 3.90 0.32 3.60 0.00
3987 1955 90 9500.00 -3.50 6.90 0.52 5.70 0.70
3987 1955 91 8640.00 1.50 7.60 0.51 6.80 0.00
3987 1955 92 6720.00 1.40 7.90 0.69 4.40 0.00
3987 1955 93 15830.00 0.50 13.40 0.59 4.40 0.80
3987 1955 94 5130.00 3.60 9.80 0.81 3.10 1.50
3987 1955 95 11750.00 1.10 13.50 0.84 1.80 7.20
3987 1955 96 7060.00 6.20 12.60 0.96 1.70 0.10
3987 1955 97 12020.00 4.90 17.80 0.99 4.60 1.40
3987 1955 98 5290.00 4.60 10.50 0.89 3.90 11.60
3987 1955 99 7910.00 0.20 4.60 0.55 3.30 3.10
3987 1955 100 9260.00 1.60 10.40 0.80 2.30 1.50
3987 1955 101 3000.00 5.40 7.90 0.89 5.20 6.10
3987 1955 102 5330.00 3.40 7.40 0.73 4.90 0.40
3987 1955 103 7870.00 4.20 12.10 0.83 7.90 3.20
3987 1955 104 12770.00 2.90 12.00 0.72 7.40 1.20
3987 1955 105 7610.00 2.20 7.60 0.57 4.30 0.00
3987 1955 106 5020.00 2.00 5.70 0.61 4.60 0.00
3987 1955 107 20090.00 -1.20 13.20 0.56 3.90 0.00
3987 1955 108 19450.00 -2.50 8.10 0.40 4.70 0.00
3987 1955 109 24560.00 -2.50 10.80 0.36 3.70 0.00
3987 1955 110 12750.00 0.00 9.30 0.71 6.40 0.10
3987 1955 111 15210.00 2.60 9.40 0.56 9.20 0.50
3987 1955 112 19240.00 -1.10 8.10 0.49 5.20 0.00
3987 1955 113 14150.00 -1.20 12.60 0.65 5.00 2.70
3987 1955 114 11030.00 1.90 8.50 0.68 8.20 5.40
3987 1955 115 22020.00 -0.30 9.80 0.45 6.30 0.00
3987 1955 116 19580.00 -1.20 9.80 0.49 2.60 0.00
3987 1955 117 18270.00 2.40 18.10 0.64 3.40 0.00
3987 1955 118 12970.00 9.30 21.10 1.05 3.30 0.00
3987 1955 119 22050.00 12.80 27.10 1.04 3.20 0.00
3987 1955 120 18960.00 14.30 30.30 1.24 4.30 4.20
3987 1955 121 21600.00 12.90 23.10 1.43 3.30 0.00
3987 1955 122 16970.00 10.60 24.90 1.31 4.70 6.30
3987 1955 123 16610.00 8.40 16.90 0.97 5.70 0.60
3987 1955 124 14250.00 6.40 18.10 0.99 5.90 3.00
3987 1955 125 17330.00 7.30 16.30 1.04 6.60 2.30
3987 1955 126 22360.00 8.80 19.80 0.85 5.30 0.60
3987 1955 127 3790.00 8.20 14.60 0.88 9.40 0.50
3987 1955 128 20170.00 5.40 16.40 0.83 5.20 0.00
3987 1955 129 22130.00 7.20 23.70 1.00 5.60 1.30
3987 1955 130 14010.00 9.30 17.70 1.07 5.70 1.80
3987 1955 131 16430.00 5.00 11.70 0.65 4.60 0.00
3987 1955 132 23770.00 0.90 14.60 0.63 5.30 0.00
3987 1955 133 19050.00 5.60 18.80 0.80 5.50 0.00
3987 1955 134 13490.00 7.30 20.40 1.00 6.10 4.40
3987 1955 135 17480.00 2.90 13.70 0.75 5.30 1.70
3987 1955 136 23980.00 1.00 15.00 0.75 4.10 0.40
3987 1955 137 9330.00 5.10 15.90 1.03 3.90 0.30
3987 1955 138 13260.00 9.00 15.90 0.87 6.30 0.00
3987 1955 139 20980.00 3.10 13.30 0.67 6.50 0.10
3987 1955 140 21810.00 3.30 12.50 0.65 6.40 0.00
3987 1955 141 23070.00 2.10 11.80 0.65 5.20 0.80
3987 1955 142 23480.00 0.70 10.60 0.63 6.10 0.30
3987 1955 143 24780.00 1.30 14.20 0.76 5.10 2.40
3987 1955 144 15570.00 8.00 15.90 0.96 3.50 0.20
3987 1955 145 27160.00 5.20 17.50 0.79 4.50 0.00
3987 1955 146 20500.00 5.50 16.40 0.80 3.40 0.00
3987 1955 147 21070.00 4.10 15.40 0.71 5.40 6.30
3987 1955 148 11880.00 6.80 12.70 0.91 3.40 0.60
3987 1955 149 24040.00 5.10 21.50 0.84 3.40 0.00
3987 1955 150 28200.00 4.10 20.60 0.69 2.50 0.00
3987 1955 151 26450.00 6.60 22.80 0.79 3.60 0.00
3987 1955 152 17040.00 5.50 16.70 0.84 3.60 0.40
3987 1955 153 18650.00 4.40 18.50 0.96 3.20 7.60
3987 1955 154 16100.00 6.00 19.50 1.09 2.50 0.00
3987 1955 155 26310.00 8.00 23.60 1.04 3.50 0.00
3987 1955 156 21660.00 10.20 25.70 1.13 3.60 0.00
3987 1955 157 22380.00 12.20 24.80 1.21 3.10 0.00
3987 1955 158 23120.00 11.40 27.60 1.59 3.20 7.70
3987 1955 159 7650.00 7.40 18.90 1.20 7.30 0.60
3987 1955 160 16490.00 6.30 18.30 1.12 4.30 22.40
3987 1955 161 1800.00 7.40 11.90 1.12 5.70 17.80
3987 1955 162 19930.00 4.90 14.20 0.91 4.70 0.10
3987 1955 163 22780.00 5.00 17.20 0.88 3.40 1.90
3987 1955 164 12770.00 9.20 16.10 1.21 3.50 11.40
3987 1955 165 14390.00 8.90 18.40 1.15 4.20 1.00
3987 1955 166 7420.00 9.90 17.40 1.44 4.50 2.40
3987 1955 167 16630.00 7.90 15.70 0.95 5.70 0.00
3987 1955 168 27210.00 5.70 16.90 0.84 4.20 0.00
3987 1955 169 32380.00 4.70 19.50 0.83 2.40 0.00
3987 1955 170 30930.00 8.10 26.30 1.03 3.70 0.00
3987 1955 171 8710.00 15.50 21.30 1.73 2.70 4.20
3987 1955 172 19010.00 15.30 23.10 1.55 2.70 0.00
3987 1955 173 4480.00 12.70 17.40 1.44 3.60 0.70
3987 1955 174 20520.00 13.60 23.70 1.60 2.60 0.00
3987 1955 175 21360.00 14.00 27.50 1.59 1.50 0.00
3987 1955 176 21540.00 15.30 30.10 1.72 3.50 20.10
3987 1955 177 21110.00 13.70 23.20 1.64 2.60 0.00
3987 1955 178 25980.00 11.90 22.90 1.28 2.60 0.00
3987 1955 179 25670.00 11.60 23.70 1.20 1.60 0.00
3987 1955 180 18870.00 12.50 24.90 1.36 3.40 3.90
3987 1955 181 15370.00 13.90 20.60 1.59 3.00 11.00
3987 1955 182 20470.00 12.20 20.70 1.36 3.70 0.00
3987 1955 183 22180.00 13.20 24.50 1.27 5.00 0.10
3987 1955 184 27960.00 9.20 24.30 1.20 2.30 0.50
3987 1955 185 9950.00 13.20 23.20 1.61 3.80 5.70
3987 1955 186 11990.00 9.80 15.20 1.32 4.40 8.30
3987 1955 187 14600.00 11.60 19.60 1.40 3.60 5.00
3987 1955 188 23120.00 11.90 22.60 1.52 3.20 0.00
3987 1955 189 25520.00 11.20 25.60 1.40 5.10 0.00
3987 1955 190 26530.00 13.50 25.50 1.45 5.50 0.00
3987 1955 191 20590.00 12.90 26.60 1.89 2.90 2.70
3987 1955 192 21900.00 15.20 27.80 2.04 3.10 3.10
3987 1955 193 25770.00 16.90 27.10 2.11 3.30 10.10
3987 1955 194 24430.00 17.50 27.80 1.93 3.30 0.40
3987 1955 195 17200.00 16.20 28.20 1.88 2.80 16.90
3987 1955 196 25090.00 15.80 30.20 2.00 2.30 0.00
3987 1955 197 19630.00 17.70 27.00 1.91 2.70 0.00
3987 1955 198 25390.00 15.80 28.00 1.92 2.40 0.00
3987 1955 199 23260.00 18.50 30.50 2.04 2.40 29.10
3987 1955 200 11300.00 18.20 24.30 2.04 2.30 0.00
3987 1955 201 20870.00 17.10 24.80 1.87 2.30 0.00
3987 1955 202 25460.00 15.30 27.30 1.63 2.30 0.00
3987 1955 203 22640.00 15.70 27.10 1.69 2.80 0.00
3987 1955 204 11820.00 14.10 20.30 1.60 4.30 0.00
3987 1955 205 10750.00 15.10 21.90 1.47 5.60 0.80
3987 1955 206 12510.00 11.60 22.80 1.44 2.80 0.00
3987 1955 207 23000.00 10.90 24.70 1.47 3.40 0.00
3987 1955 208 17170.00 14.40 22.80 1.59 3.00 1.50
3987 1955 209 11450.00 14.60 22.60 1.65 1.70 9.40
3987 1955 210 9970.00 14.30 20.90 1.73 3.00 22.50
3987 1955 211 4840.00 14.00 17.90 1.73 3.80 9.80
3987 1955 212 17740.00 14.80 24.60 1.80 1.60 0.00
3987 1955 213 18550.00 14.70 25.90 1.83 2.40 0.00
3987 1955 214 22330.00 14.00 23.40 1.60 3.20 0.00
3987 1955 215 17950.00 11.40 19.40 1.32 4.20 1.40
3987 1955 216 16670.00 11.90 21.50 1.47 2.50 2.70
3987 1955 217 22510.00 12.90 21.50 1.39 3.60 0.00
3987 1955 218 16940.00 13.80 22.10 1.41 3.50 0.50
3987 1955 219 14690.00 11.70 19.60 1.29 4.30 0.30
3987 1955 220 10760.00 8.40 15.80 1.24 3.50 1.40
3987 1955 221 8030.00 10.00 16.70 1.37 2.10 1.00
3987 1955 222 18550.00 12.60 26.60 1.61 3.20 0.00
3987 1955 223 23300.00 13.80 26.20 1.51 3.60 0.00
3987 1955 224 21640.00 12.90 26.00 1.57 3.20 0.00
3987 1955 225 24380.00 13.40 26.90 1.49 4.50 0.00
3987 1955 226 18220.00 14.20 28.00 1.67 3.50 18.70
3987 1955 227 9860.00 14.60 22.10 1.84 1.60 3.90
3987 1955 228 17620.00 13.50 24.40 1.69 2.40 0.00
3987 1955 229 16790.00 14.50 25.80 1.73 1.60 0.00
3987 1955 230 13570.00 15.90 26.30 1.80 2.90 7.50
3987 1955 231 17200.00 15.60 24.80 1.84 2.00 0.00
3987 1955 232 20180.00 13.10 26.60 1.43 1.80 0.00
3987 1955 233 20230.00 15.50 28.60 1.84 2.50 0.00
3987 1955 234 20750.00 16.80 29.80 1.73 2.60 0.00
3987 1955 235 17580.00 17.00 27.50 1.80 2.60 0.00
3987 1955 236 19480.00 15.60 25.00 1.40 3.60 0.00
3987 1955 237 5200.00 13.70 20.80 1.83 3.10 12.90
3987 1955 238 18970.00 14.10 26.10 1.79 4.10 0.00
3987 1955 239 16010.00 15.90 27.70 1.79 4.00 11.10
3987 1955 240 11400.00 14.40 24.40 1.77 3.20 15.70
3987 1955 241 8350.00 13.90 21.90 1.81 1.50 0.10
3987 1955 242 14550.00 13.60 25.30 1.81 1.90 11.60
3987 1955 243 7670.00 15.00 22.70 1.83 1.90 6.50
3987 1955 244 15380.00 13.60 22.80 1.67 3.40 0.00
3987 1955 245 14300.00 15.30 23.70 1.61 3.80 0.00
3987 1955 246 11040.00 15.50 23.90 1.72 4.60 0.00
3987 1955 247 18550.00 11.40 21.90 1.27 2.80 0.00
3987 1955 248 13900.00 10.90 24.40 1.35 3.20 0.00
3987 1955 249 8360.00 12.00 20.30 1.61 2.10 2.30
3987 1955 250 8440.00 14.80 21.80 1.73 2.00 0.00
3987 1955 251 13660.00 15.70 25.50 1.84 3.40 0.00
3987 1955 252 15910.00 14.30 26.20 1.56 2.70 0.60
3987 1955 253 7280.00 15.80 22.30 1.85 3.20 2.80
3987 1955 254 12020.00 13.60 21.60 1.43 3.10 0.00
3987 1955 255 17710.00 10.40 23.10 1.45 3.40 0.90
3987 1955 256 4410.00 10.90 16.80 1.41 4.20 1.80
3987 1955 257 9900.00 8.10 16.20 1.08 4.40 0.00
3987 1955 258 4230.00 7.50 12.40 1.08 3.40 6.50
3987 1955 259 3750.00 9.90 14.40 1.15 8.20 1.50
3987 1955 260 8620.00 10.50 17.30 1.23 4.40 0.00
3987 1955 261 11430.00 9.60 17.20 1.21 4.40 0.60
3987 1955 262 12400.00 8.40 17.40 1.11 4.00 0.00
3987 1955 263 16050.00 7.10 19.30 1.12 2.30 0.00
3987 1955 264 12420.00 8.90 20.10 1.27 2.60 0.00
3987 1955 265 12480.00 9.10 21.20 1.27 2.70 0.00
3987 1955 266 15640.00 8.60 20.60 1.12 4.00 0.00
3987 1955 267 11531.20 8.30 18.70 1.13 3.20 0.00
3987 1955 268 9300.00 4.90 18.70 1.24 2.90 0.30
3987 1955 269 1980.00 12.90 15.40 1.59 2.80 4.60
3987 1955 270 13310.00 7.50 15.80 1.07 4.60 0.00
3987 1955 271 8720.00 7.50 15.30 0.99 3.70 0.00
3987 1955 272 10770.00 4.80 15.00 1.03 2.70 0.00
3987 1955 273 13540.00 5.40 18.00 1.07 3.90 0.00
3987 1955 274 9280.00 10.80 17.30 1.17 4.70 0.00
3987 1955 275 13350.00 7.80 16.70 1.00 2.40 0.00
3987 1955 276 13000.00 4.00 18.50 0.92 3.60 0.00
3987 1955 277 6190.00 8.60 18.20 1.12 3.20 0.00
3987 1955 278 10190.00 6.90 16.50 0.95 4.00 0.00
3987 1955 279 3560.00 7.90 13.60 1.08 5.80 3.20
3987 1955 280 5330.00 7.50 12.90 0.97 4.80 0.00
3987 1955 281 7460.00 8.10 16.10 1.13 4.00 0.00
3987 1955 282 6800.00 6.20 15.40 1.04 2.40 0.00
3987 1955 283 6480.00 4.10 12.30 1.08 4.20 0.00
3987 1955 284 6640.00 11.40 19.40 1.43 4.30 0.10
3987 1955 285 3140.00 10.60 13.20 1.35 1.10 0.40
3987 1955 286 2560.00 10.30 13.40 1.32 1.90 0.00
3987 1955 287 6770.00 9.40 15.10 1.19 3.70 0.00
3987 1955 288 2470.00 9.20 14.50 1.23 6.30 8.00
3987 1955 289 8840.00 3.60 10.60 0.71 7.00 0.20
3987 1955 290 3210.00 2.90 7.60 0.68 5.70 0.00
3987 1955 291 5660.00 2.30 9.50 0.69 5.40 0.00
3987 1955 292 8770.00 0.10 11.80 0.64 4.30 0.00
3987 1955 293 8310.00 2.80 17.40 0.77 5.40 0.00
3987 1955 294 7370.00 3.90 15.40 0.95 4.10 1.30
3987 1955 295 640.00 9.20 11.00 1.23 2.70 12.30
3987 1955 296 3090.00 7.70 10.90 1.04 6.70 11.40
3987 1955 297 1700.00 4.90 8.60 0.91 4.10 0.70
3987 1955 298 5460.00 3.50 11.20 0.99 5.60 1.50
3987 1955 299 640.00 5.50 10.80 1.01 7.90 9.20
3987 1955 300 6070.00 4.10 8.90 0.76 4.70 0.90
3987 1955 301 2700.00 2.30 6.70 0.73 4.40 2.60
3987 1955 302 6320.00 2.10 7.60 0.64 5.30 0.00
3987 1955 303 960.00 1.30 5.20 0.68 5.90 0.50
3987 1955 304 4970.00 -0.70 7.40 0.60 4.10 0.00
3987 1955 305 3520.00 -4.80 0.60 0.51 3.00 0.00
3987 1955 306 6840.00 -4.50 4.00 0.52 5.10 0.00
3987 1955 307 5550.00 -2.50 7.40 0.64 3.70 0.00
3987 1955 308 5100.00 -1.50 10.40 0.76 4.10 0.00
3987 1955 309 3870.00 5.50 14.10 0.99 4.10 0.40
3987 1955 310 2410.00 9.40 13.80 1.19 2.50 0.00
3987 1955 311 4720.00 9.00 14.20 1.17 5.00 0.00
3987 1955 312 4330.00 5.30 12.60 0.97 4.50 0.00
3987 1955 313 5010.00 3.30 13.40 0.95 4.40 0.30
3987 1955 314 5550.00 6.40 14.80 0.97 4.40 0.00
3987 1955 315 5500.00 1.40 12.80 0.87 3.90 0.10
3987 1955 316 3250.00 4.20 10.80 0.97 3.60 0.00
3987 1955 317 720.00 4.40 7.70 0.87 2.80 0.00
3987 1955 318 2370.00 1.40 7.20 0.68 2.30 0.00
3987 1955 319 3600.00 -1.70 5.90 0.59 3.00 3.60
3987 1955 320 1370.00 -1.00 6.10 0.69 4.20 0.20
3987 1955 321 2120.00 -1.60 3.50 0.63 1.90 0.00
3987 1955 322 3170.00 -0.10 4.90 0.59 2.60 0.60
3987 1955 323 920.00 1.30 3.90 0.73 1.60 0.10
3987 1955 324 560.00 2.60 5.80 0.77 5.00 3.70
3987 1955 325 1630.00 1.20 4.40 0.65 3.20 2.50
3987 1955 326 680.00 1.20 7.50 0.96 6.70 2.30
3987 1955 327 1170.00 3.10 7.20 0.72 10.90 2.30
3987 1955 328 3960.00 0.20 5.40 0.57 7.70 0.30
3987 1955 329 4080.00 -4.50 0.30 0.35 5.00 1.50
3987 1955 330 840.00 -4.50 3.90 0.65 6.90 0.10
3987 1955 331 800.00 3.60 7.90 0.83 8.50 0.30
3987 1955 332 440.00 5.10 7.40 0.84 7.00 0.60
3987 1955 333 1040.00 1.60 5.10 0.63 3.50 0.00
3987 1955 334 3710.00 -2.20 5.30 0.59 4.20 0.00
3987 1955 335 2890.00 -1.70 3.00 0.55 3.90 0.10
3987 1955 336 680.00 0.60 5.90 0.73 4.10 0.00
3987 1955 337 1140.00 1.10 6.50 0.77 6.40 4.10
3987 1955 338 1710.00 5.10 7.80 0.79 9.30 0.10
3987 1955 339 1380.00 2.90 6.10 0.77 7.00 1.80
3987 1955 340 480.00 4.50 8.70 0.88 9.70 0.50
3987 1955 341 480.00 7.40 9.40 0.97 10.60 7.70
3987 1955 342 2720.00 2.40 9.70 0.61 9.90 0.00
3987 1955 343 1562.55 0.20 2.60 0.65 4.70 12.70
3987 1955 344 400.00 0.00 6.10 0.72 6.90 6.50
3987 1955 345 2030.00 -2.50 6.50 0.55 6.00 0.10
3987 1955 346 2230.00 -6.40 -2.20 0.40 1.70 0.00
3987 1955 347 3560.00 -7.50 -3.40 0.37 2.70 0.00
3987 1955 348 1460.00 -7.00 -1.20 0.41 4.60 2.50
3987 1955 349 1240.00 -1.90 5.00 0.77 5.10 2.30
3987 1955 350 360.00 2.60 6.00 0.84 3.60 5.50
3987 1955 351 880.00 5.40 7.80 0.91 5.60 1.50
3987 1955 352 3750.00 -2.90 6.50 0.43 5.50 0.00
3987 1955 353 1660.00 -1.50 2.20 0.55 6.60 0.00
3987 1955 354 3430.00 -5.00 -0.60 0.44 3.70 0.00
3987 1955 355 1820.00 -7.50 2.10 0.49 4.50 0.50
3987 1955 356 3010.00 -3.50 3.30 0.47 6.40 0.10
3987 1955 357 2530.00 -5.40 2.00 0.53 4.70 0.50
3987 1955 358 1920.00 0.90 6.60 0.72 6.10 0.10
3987 1955 359 1130.00 2.20 5.40 0.75 4.60 0.00
3987 1955 360 1250.00 3.60 5.70 0.77 5.10 10.20
3987 1955 361 1380.00 4.20 7.20 0.77 6.70 1.10
3987 1955 362 600.00 3.50 11.00 1.07 6.70 8.10
3987 1955 363 2420.00 4.00 11.10 0.72 9.40 0.00
3987 1955 364 1880.00 0.10 4.70 0.64 4.60 0.00
3987 1955 365 3200.00 -0.40 4.10 0.63 7.40 0.90
