*---------------------------------------------------------------------------*
* Station name: Potsdam Saekularstation
* Year: 1972
* Author: Pedro Alencar                                   -999.000: NIL VALUE
* Source: DWD
* Comments: Gaps filled with interpolation and storical means
* Longitude: 13.0622, latitude: 52.3812, altitude: 82.0 m.
*
    * Column  Daily value
    * 1       station number
    * 2       year
    * 3       day
    * 4       irradiation                   (kJ m-2 d-1)
    * 5       minimum temperature           (degrees Celsius
    * 6       maximum temperature           (degrees Celsius)
    * 7       early morning vapour pressure (kPa)
    * 8       mean wind speed (height: 2 m) (m s-1)
    * 9       precipitation                 (mm d-1)
    *
** WCCDESCRIPTION=Potsdam, Germany
** WCCFORMAT=2
** WCCYEARNR=1972
*---------------------------------------------------------------------------*
   13.0622 52.3812 82.0 -0.18 -0.55
3987 1972 1 940.00 0.10 1.90 0.57 8.40 0.00
3987 1972 2 730.00 -1.20 0.70 0.53 6.80 0.00
3987 1972 3 850.00 -0.50 1.10 0.58 6.90 0.30
3987 1972 4 2020.00 0.40 3.90 0.63 4.30 0.00
3987 1972 5 770.00 -0.90 2.30 0.60 2.50 5.10
3987 1972 6 860.00 -0.50 0.80 0.60 1.70 0.90
3987 1972 7 1450.00 -1.40 0.50 0.58 3.00 0.20
3987 1972 8 440.00 0.00 0.60 0.60 2.60 0.00
3987 1972 9 980.00 -1.90 0.50 0.55 3.50 0.00
3987 1972 10 1750.00 -4.20 -0.40 0.44 4.40 0.00
3987 1972 11 3250.00 -5.80 -0.60 0.43 4.70 0.00
3987 1972 12 1320.00 -5.60 -2.20 0.38 9.00 0.00
3987 1972 13 2880.00 -7.10 -3.20 0.34 7.80 0.00
3987 1972 14 3610.00 -12.00 -4.70 0.26 5.80 0.00
3987 1972 15 3620.00 -11.30 -5.00 0.25 7.50 0.00
3987 1972 16 4170.00 -16.00 -9.20 0.16 9.60 0.00
3987 1972 17 4290.00 -15.40 -10.10 0.16 10.10 0.00
3987 1972 18 2700.00 -14.10 -10.00 0.19 5.50 0.20
3987 1972 19 3040.00 -14.90 -0.20 0.31 6.50 0.00
3987 1972 20 1450.00 -2.40 1.50 0.47 4.50 0.00
3987 1972 21 1770.00 -4.60 1.50 0.49 4.80 0.00
3987 1972 22 900.00 -0.20 1.00 0.56 1.70 0.10
3987 1972 23 740.00 -1.40 0.10 0.53 1.80 0.00
3987 1972 24 2060.00 -1.20 1.20 0.49 4.00 0.00
3987 1972 25 2650.00 -5.30 1.20 0.41 4.40 0.30
3987 1972 26 1030.00 -2.40 1.60 0.57 3.60 1.40
3987 1972 27 1710.00 -5.10 -0.30 0.44 6.10 0.60
3987 1972 28 1450.00 -6.50 -1.60 0.35 5.30 0.10
3987 1972 29 3120.00 -8.00 -4.80 0.27 4.80 0.20
3987 1972 30 1760.00 -13.10 -7.70 0.23 3.60 5.10
3987 1972 31 3260.00 -9.50 -5.80 0.29 1.90 0.90
3987 1972 32 3340.00 -9.40 -4.70 0.31 3.50 0.00
3987 1972 33 5180.00 -11.00 2.10 0.40 4.80 0.00
3987 1972 34 5770.00 -6.20 3.60 0.43 5.60 0.00
3987 1972 35 5300.00 -6.10 0.90 0.33 6.00 0.00
3987 1972 36 5130.00 -5.90 2.00 0.34 5.30 0.00
3987 1972 37 3750.00 -6.70 3.10 0.39 5.90 0.10
3987 1972 38 5650.00 1.00 7.40 0.53 6.90 0.00
3987 1972 39 2520.00 3.50 8.10 0.66 5.20 0.00
3987 1972 40 4180.00 -0.20 6.80 0.66 5.00 0.00
3987 1972 41 530.00 -0.10 3.50 0.67 2.50 1.60
3987 1972 42 2360.00 1.60 5.10 0.69 4.30 0.10
3987 1972 43 4070.00 0.90 8.80 0.67 5.60 0.00
3987 1972 44 4790.00 0.30 8.10 0.64 4.00 0.00
3987 1972 45 4450.00 -2.80 6.20 0.63 3.10 0.30
3987 1972 46 2320.00 1.90 5.60 0.72 4.00 0.00
3987 1972 47 6240.00 -0.60 6.60 0.58 5.60 0.00
3987 1972 48 5210.00 -2.50 3.80 0.55 5.00 0.00
3987 1972 49 4450.00 -0.40 5.30 0.61 3.30 0.00
3987 1972 50 1510.00 -0.20 3.30 0.63 5.50 0.00
3987 1972 51 7450.00 -0.20 11.90 0.66 6.10 0.00
3987 1972 52 4720.00 -0.40 7.10 0.67 3.20 0.00
3987 1972 53 6390.00 -0.50 10.00 0.67 3.40 0.00
3987 1972 54 3330.00 -1.10 5.80 0.66 3.20 0.00
3987 1972 55 2140.00 0.50 4.00 0.62 7.20 0.00
3987 1972 56 1320.00 2.50 4.60 0.69 6.50 0.00
3987 1972 57 1370.00 1.90 3.60 0.69 5.40 1.10
3987 1972 58 1230.00 1.40 3.60 0.70 1.70 0.00
3987 1972 59 1960.00 2.20 3.80 0.71 0.60 0.00
3987 1972 60 2320.00 1.80 5.00 0.71 1.40 0.00
3987 1972 61 2870.00 1.20 5.00 0.67 4.30 0.20
3987 1972 62 1750.00 1.80 3.50 0.68 5.20 0.30
3987 1972 63 1450.00 -0.40 2.70 0.63 6.00 0.70
3987 1972 64 8430.00 0.30 11.80 0.70 6.40 0.00
3987 1972 65 5560.00 1.00 8.60 0.68 7.10 0.00
3987 1972 66 6070.00 2.10 10.10 0.70 5.60 0.00
3987 1972 67 7670.00 1.60 12.00 0.72 4.00 4.00
3987 1972 68 990.00 5.20 8.80 0.88 2.60 0.10
3987 1972 69 5000.00 2.70 6.10 0.67 3.10 0.00
3987 1972 70 3130.00 -0.40 4.40 0.61 7.70 5.60
3987 1972 71 9200.00 -3.00 3.90 0.39 11.90 0.00
3987 1972 72 15370.00 -7.70 3.10 0.27 9.00 0.00
3987 1972 73 14480.00 -6.10 8.50 0.34 8.00 0.00
3987 1972 74 12930.00 -1.10 12.60 0.46 4.40 0.00
3987 1972 75 12720.00 -0.90 17.00 0.66 3.20 0.00
3987 1972 76 13140.00 1.30 17.70 0.65 6.30 0.00
3987 1972 77 14210.00 4.10 18.20 0.63 8.40 0.00
3987 1972 78 14560.00 3.20 17.60 0.66 7.60 0.00
3987 1972 79 13100.00 3.70 18.00 0.65 4.40 0.00
3987 1972 80 11480.00 4.70 19.00 0.72 3.30 0.00
3987 1972 81 12230.00 2.60 15.80 0.77 4.40 0.00
3987 1972 82 14170.00 2.90 14.00 0.72 5.40 0.00
3987 1972 83 4980.00 4.70 11.00 0.75 11.00 0.00
3987 1972 84 15330.00 1.70 9.90 0.50 9.00 0.00
3987 1972 85 4670.00 0.10 8.40 0.70 4.40 0.00
3987 1972 86 9270.00 -1.10 16.50 0.74 5.80 3.40
3987 1972 87 8120.00 2.40 11.30 0.76 9.40 3.70
3987 1972 88 8600.00 0.50 7.00 0.65 9.90 3.20
3987 1972 89 8130.00 1.10 8.20 0.63 9.50 0.90
3987 1972 90 9550.00 1.00 11.60 0.72 7.00 1.50
3987 1972 91 7880.00 6.20 14.80 0.91 8.70 10.00
3987 1972 92 7480.00 3.40 10.40 0.73 5.10 0.00
3987 1972 93 4460.00 1.50 8.10 0.78 4.90 2.20
3987 1972 94 6300.00 7.50 12.10 1.00 10.00 3.70
3987 1972 95 14040.00 4.00 14.80 0.77 5.90 1.30
3987 1972 96 11000.00 7.70 15.30 0.94 6.80 0.20
3987 1972 97 12240.00 4.00 13.70 0.80 7.40 5.80
3987 1972 98 6200.00 2.30 15.50 0.97 6.20 1.40
3987 1972 99 11510.00 7.00 14.20 0.91 6.10 0.00
3987 1972 100 12850.00 4.40 13.10 0.73 6.70 0.00
3987 1972 101 18430.00 2.30 17.70 0.71 6.10 0.10
3987 1972 102 14460.00 6.80 13.90 0.72 5.50 0.90
3987 1972 103 2140.00 4.70 10.40 0.87 4.00 0.70
3987 1972 104 11670.00 5.70 14.60 0.85 3.30 0.00
3987 1972 105 15100.00 5.40 16.00 0.74 1.90 0.00
3987 1972 106 8480.00 7.40 12.90 0.81 4.50 1.20
3987 1972 107 6720.00 5.00 9.30 0.81 4.00 0.00
3987 1972 108 6600.00 5.30 10.30 0.81 4.80 0.00
3987 1972 109 7690.00 3.50 9.60 0.71 3.70 2.70
3987 1972 110 5170.00 4.90 8.00 0.87 3.10 3.30
3987 1972 111 11220.00 4.30 11.00 0.82 5.40 0.00
3987 1972 112 14680.00 4.60 15.20 0.76 4.60 0.10
3987 1972 113 16830.00 7.10 16.50 0.69 5.30 0.00
3987 1972 114 21600.00 2.20 16.80 0.64 3.70 0.00
3987 1972 115 17500.00 2.10 12.70 0.55 7.10 0.00
3987 1972 116 14710.00 -2.40 7.20 0.40 4.40 0.10
3987 1972 117 4610.00 1.00 7.50 0.72 7.30 1.30
3987 1972 118 13910.00 4.20 10.70 0.68 8.30 1.70
3987 1972 119 13970.00 1.70 10.10 0.63 5.60 0.60
3987 1972 120 18950.00 2.10 15.10 0.65 6.20 0.00
3987 1972 121 17070.00 9.70 22.70 0.76 6.10 0.00
3987 1972 122 22630.00 6.80 22.70 0.74 6.90 0.00
3987 1972 123 20290.00 8.20 22.90 0.93 4.70 0.00
3987 1972 124 20820.00 9.90 22.70 0.76 5.50 0.00
3987 1972 125 5470.00 9.80 18.30 1.05 4.80 0.50
3987 1972 126 11560.00 7.90 17.10 1.11 4.20 0.00
3987 1972 127 19410.00 8.20 21.40 1.10 4.10 0.00
3987 1972 128 21580.00 7.90 22.40 1.07 3.10 0.00
3987 1972 129 23270.00 7.30 21.00 0.89 4.10 0.00
3987 1972 130 23350.00 7.30 22.30 0.92 5.00 2.80
3987 1972 131 16850.00 11.60 19.10 1.14 4.10 12.60
3987 1972 132 3850.00 6.90 15.80 1.03 4.60 16.50
3987 1972 133 6060.00 6.70 10.00 0.97 3.00 0.70
3987 1972 134 4010.00 5.60 8.30 0.94 2.00 3.70
3987 1972 135 7500.00 4.50 10.20 0.87 2.80 0.00
3987 1972 136 5770.00 6.80 9.60 0.92 2.60 0.00
3987 1972 137 6510.00 6.30 9.90 0.89 6.50 10.00
3987 1972 138 12210.00 7.60 14.50 0.96 3.80 0.20
3987 1972 139 18230.00 7.70 18.60 1.03 3.10 3.80
3987 1972 140 3340.00 10.20 13.40 1.29 3.30 4.50
3987 1972 141 1540.00 8.30 12.10 1.16 6.50 36.60
3987 1972 142 22560.00 7.70 19.00 1.02 6.10 0.20
3987 1972 143 21490.00 8.20 21.70 1.05 4.60 0.00
3987 1972 144 16560.00 11.40 24.30 1.17 3.60 0.00
3987 1972 145 16880.00 12.60 22.40 1.27 4.80 1.50
3987 1972 146 12100.00 12.40 18.60 1.20 6.00 1.40
3987 1972 147 12140.00 7.90 20.20 1.22 8.00 1.00
3987 1972 148 17020.00 7.80 17.10 0.91 8.50 3.80
3987 1972 149 11220.00 7.80 13.60 1.04 8.10 2.80
3987 1972 150 11880.00 8.80 17.50 1.10 6.60 0.40
3987 1972 151 19410.00 8.30 17.40 0.95 6.00 0.00
3987 1972 152 19210.00 8.30 17.30 0.88 6.00 0.30
3987 1972 153 18240.00 5.80 16.50 0.99 5.00 3.40
3987 1972 154 26910.00 6.50 19.40 0.98 2.80 0.00
3987 1972 155 26240.00 8.10 22.90 1.05 4.50 0.00
3987 1972 156 28120.00 10.80 27.20 1.11 5.80 0.00
3987 1972 157 28720.00 12.60 29.20 1.35 5.70 0.00
3987 1972 158 25940.00 15.30 31.30 1.70 5.20 1.60
3987 1972 159 17710.00 12.60 25.60 1.39 4.70 0.40
3987 1972 160 17020.00 11.90 20.30 1.27 7.20 7.50
3987 1972 161 20030.00 8.70 20.40 0.96 2.40 0.00
3987 1972 162 15100.00 11.40 20.40 1.37 3.60 3.50
3987 1972 163 13380.00 12.20 20.10 1.35 3.00 2.10
3987 1972 164 6040.00 12.80 18.30 1.52 3.50 23.60
3987 1972 165 9120.00 10.30 16.50 1.29 4.30 0.90
3987 1972 166 19600.00 9.30 19.60 1.22 2.10 0.00
3987 1972 167 27620.00 11.50 21.80 1.13 3.00 0.00
3987 1972 168 22800.00 9.70 20.20 1.07 4.30 0.00
3987 1972 169 22850.00 9.60 19.20 1.15 3.00 0.00
3987 1972 170 19400.00 10.70 22.90 1.18 4.90 0.00
3987 1972 171 15060.00 14.70 22.80 1.30 5.10 6.90
3987 1972 172 20200.00 9.50 17.70 1.10 5.90 1.90
3987 1972 173 19580.00 8.40 20.10 1.07 4.30 0.00
3987 1972 174 12880.00 12.80 19.50 1.32 4.80 6.60
3987 1972 175 14920.00 10.80 16.30 1.15 6.00 1.40
3987 1972 176 20680.00 7.90 18.10 1.10 3.70 1.80
3987 1972 177 32130.00 7.60 22.20 1.08 3.00 0.00
3987 1972 178 29980.00 9.10 25.50 1.23 3.00 0.00
3987 1972 179 25550.00 12.90 26.40 1.42 2.70 0.00
3987 1972 180 26140.00 13.80 28.50 1.75 3.30 0.00
3987 1972 181 4780.00 15.50 25.90 1.69 4.40 0.00
3987 1972 182 13790.00 14.80 24.10 1.70 2.70 13.20
3987 1972 183 10430.00 9.70 22.10 1.14 6.60 0.00
3987 1972 184 19550.00 8.80 20.90 1.20 5.30 0.00
3987 1972 185 9210.00 10.20 17.30 1.35 4.60 1.00
3987 1972 186 20790.00 11.00 21.30 1.33 2.50 0.00
3987 1972 187 23920.00 15.10 25.80 1.54 3.00 0.00
3987 1972 188 26060.00 13.80 28.90 1.50 3.80 0.00
3987 1972 189 18020.00 16.70 25.20 1.60 5.30 0.00
3987 1972 190 11760.00 12.20 22.30 1.45 4.00 0.00
3987 1972 191 22910.00 16.00 30.20 1.71 4.00 5.70
3987 1972 192 6830.00 12.10 27.60 1.80 5.40 5.80
3987 1972 193 17750.00 9.90 18.40 1.19 4.40 0.00
3987 1972 194 16610.00 13.00 22.10 1.29 4.70 0.00
3987 1972 195 30030.00 9.80 22.40 1.10 4.90 0.00
3987 1972 196 18580.00 10.00 22.00 1.37 2.90 0.00
3987 1972 197 15500.00 12.50 25.70 1.67 4.30 9.80
3987 1972 198 21490.00 18.30 30.60 2.28 5.20 0.60
3987 1972 199 24850.00 18.20 32.80 2.11 3.80 0.00
3987 1972 200 23920.00 19.80 33.20 2.12 4.00 0.00
3987 1972 201 24490.00 20.30 32.30 2.04 4.30 0.00
3987 1972 202 24390.00 18.00 32.70 1.95 3.20 0.00
3987 1972 203 25550.00 16.00 32.30 1.88 3.70 0.00
3987 1972 204 21460.00 16.70 32.70 1.94 2.70 2.30
3987 1972 205 17310.00 18.50 29.60 2.06 2.70 11.50
3987 1972 206 22270.00 16.70 28.50 2.06 1.90 0.00
3987 1972 207 10160.00 17.80 26.40 1.91 4.30 0.00
3987 1972 208 17030.00 14.50 21.80 1.52 5.10 0.00
3987 1972 209 14760.00 11.80 18.80 1.20 3.40 0.00
3987 1972 210 20410.00 11.60 25.20 1.38 3.20 0.00
3987 1972 211 5780.00 14.20 21.80 1.84 2.50 6.90
3987 1972 212 3950.00 15.50 19.00 1.76 4.00 9.20
3987 1972 213 12930.00 14.20 21.40 1.59 3.90 0.00
3987 1972 214 16610.00 12.90 24.20 1.56 2.80 3.40
3987 1972 215 20210.00 13.30 24.20 1.37 3.60 0.00
3987 1972 216 14550.00 11.70 21.90 1.45 3.50 6.30
3987 1972 217 17430.00 10.80 20.20 1.23 6.60 0.00
3987 1972 218 11390.00 12.50 21.70 1.42 3.90 0.00
3987 1972 219 16340.00 12.30 24.70 1.46 2.50 0.00
3987 1972 220 20990.00 12.80 28.40 1.52 4.30 0.00
3987 1972 221 13930.00 15.70 27.40 1.72 3.60 0.00
3987 1972 222 15460.00 18.70 26.30 1.78 3.60 10.00
3987 1972 223 18610.00 17.80 25.70 1.83 2.90 6.00
3987 1972 224 11170.00 17.40 25.90 1.86 6.00 4.70
3987 1972 225 24120.00 9.30 22.50 1.20 3.00 0.00
3987 1972 226 21370.00 13.70 29.10 1.56 4.80 4.20
3987 1972 227 18260.00 18.30 28.60 2.24 3.80 0.00
3987 1972 228 7710.00 18.40 24.80 2.02 4.80 16.20
3987 1972 229 3110.00 14.20 19.50 1.62 4.90 6.10
3987 1972 230 15650.00 12.50 20.80 1.36 3.90 2.30
3987 1972 231 4450.00 11.80 16.90 1.36 5.10 7.70
3987 1972 232 20920.00 8.10 19.30 1.12 3.80 0.00
3987 1972 233 12580.00 8.30 18.00 1.27 5.80 0.00
3987 1972 234 14050.00 10.00 20.00 1.31 7.60 0.00
3987 1972 235 10990.00 9.70 16.90 1.31 6.10 1.90
3987 1972 236 21090.00 9.60 20.40 1.19 4.70 0.00
3987 1972 237 11080.00 12.20 19.10 1.27 5.80 0.20
3987 1972 238 15790.00 11.40 21.00 1.23 5.30 0.00
3987 1972 239 13600.00 9.90 20.40 1.23 2.60 0.00
3987 1972 240 16810.00 10.40 21.00 1.26 1.80 0.00
3987 1972 241 14240.00 9.30 20.00 1.13 2.70 0.00
3987 1972 242 15820.00 9.50 21.20 1.17 2.70 0.00
3987 1972 243 12550.00 9.10 20.60 1.27 4.00 0.00
3987 1972 244 10300.00 10.60 20.30 1.31 3.60 0.20
3987 1972 245 5260.00 8.50 15.30 1.24 5.60 1.90
3987 1972 246 4550.00 11.80 15.00 1.36 3.80 0.00
3987 1972 247 12670.00 10.50 20.20 1.43 1.90 0.00
3987 1972 248 13330.00 11.90 20.90 1.38 2.00 0.00
3987 1972 249 17450.00 9.20 21.40 1.19 1.90 0.00
3987 1972 250 15370.00 9.60 22.90 1.27 2.00 0.00
3987 1972 251 14130.00 11.70 26.00 1.47 4.30 0.00
3987 1972 252 8780.00 14.40 21.30 1.60 2.80 5.40
3987 1972 253 11310.00 11.80 24.60 1.65 3.90 0.00
3987 1972 254 14660.00 14.40 26.00 1.66 5.00 14.20
3987 1972 255 12230.00 8.60 20.30 1.08 7.60 0.00
3987 1972 256 13630.00 5.70 15.70 1.02 4.50 0.90
3987 1972 257 8900.00 6.80 15.20 1.08 1.80 0.00
3987 1972 258 11850.00 8.80 17.30 1.14 2.20 0.00
3987 1972 259 14900.00 5.50 16.00 0.94 3.60 0.00
3987 1972 260 14760.00 4.00 15.60 0.83 2.80 0.50
3987 1972 261 10520.00 4.70 14.00 0.93 1.80 8.60
3987 1972 262 8840.00 7.70 13.20 1.03 2.70 0.00
3987 1972 263 15090.00 5.10 17.90 0.95 3.20 0.00
3987 1972 264 12540.00 5.50 17.90 0.93 2.10 0.00
3987 1972 265 10400.00 6.40 17.50 1.02 2.30 0.00
3987 1972 266 4300.00 6.60 14.20 1.14 4.70 9.10
3987 1972 267 9898.74 6.40 14.40 1.02 6.10 0.10
3987 1972 268 12410.00 5.40 14.80 0.93 5.60 2.50
3987 1972 269 9890.00 6.10 13.60 1.02 3.30 0.10
3987 1972 270 5350.00 7.90 13.30 1.10 3.80 1.40
3987 1972 271 5860.00 7.90 14.50 1.12 4.10 1.10
3987 1972 272 6930.00 3.80 11.20 0.91 2.80 0.30
3987 1972 273 5100.00 3.30 11.40 0.86 2.90 0.20
3987 1972 274 6380.00 6.60 12.80 0.89 2.60 0.00
3987 1972 275 10360.00 3.10 13.00 0.77 4.30 0.00
3987 1972 276 9080.00 1.80 12.30 0.77 2.30 0.00
3987 1972 277 12920.00 4.60 12.10 0.70 3.40 0.00
3987 1972 278 13210.00 1.00 12.20 0.60 2.70 0.00
3987 1972 279 11650.00 1.10 15.00 0.66 2.50 0.00
3987 1972 280 11460.00 5.50 18.00 0.85 4.00 0.00
3987 1972 281 11770.00 4.20 18.30 0.91 5.60 0.00
3987 1972 282 11130.00 3.60 17.30 0.94 4.70 0.00
3987 1972 283 5040.00 3.60 13.80 0.95 4.40 0.00
3987 1972 284 8810.00 3.40 16.90 1.00 4.30 0.00
3987 1972 285 5220.00 7.10 14.70 1.05 2.90 0.00
3987 1972 286 7580.00 4.10 13.40 0.88 2.90 0.00
3987 1972 287 9820.00 0.80 13.20 0.81 3.90 0.00
3987 1972 288 5950.00 1.60 11.70 0.90 2.80 0.00
3987 1972 289 3070.00 5.80 11.10 0.91 4.50 0.10
3987 1972 290 4050.00 5.30 11.40 0.95 2.80 0.00
3987 1972 291 4110.00 -0.60 10.60 0.81 3.30 0.00
3987 1972 292 9620.00 3.90 9.50 0.63 7.30 0.00
3987 1972 293 6210.00 -2.30 8.60 0.58 5.30 0.10
3987 1972 294 6420.00 2.70 8.20 0.74 5.50 1.50
3987 1972 295 3690.00 1.40 5.10 0.67 4.90 0.00
3987 1972 296 2310.00 -1.20 5.20 0.70 4.30 7.70
3987 1972 297 1660.00 1.60 9.90 0.95 6.80 8.10
3987 1972 298 5150.00 6.60 10.30 0.91 9.80 1.60
3987 1972 299 7460.00 5.90 12.30 0.89 4.90 0.00
3987 1972 300 7890.00 0.20 13.40 0.75 4.70 0.10
3987 1972 301 3430.00 4.00 12.10 0.95 4.40 1.10
3987 1972 302 2880.00 3.80 11.10 0.99 4.00 4.20
3987 1972 303 1490.00 8.80 11.00 1.20 3.90 1.40
3987 1972 304 2480.00 4.20 9.70 0.96 1.40 0.00
3987 1972 305 1680.00 4.80 7.90 0.93 3.20 0.10
3987 1972 306 1410.00 3.70 7.80 0.89 2.40 0.00
3987 1972 307 1410.00 4.70 9.70 1.03 5.50 0.10
3987 1972 308 1420.00 7.10 9.50 1.02 3.00 0.00
3987 1972 309 890.00 5.80 9.10 1.06 4.40 3.00
3987 1972 310 1450.00 8.30 10.50 1.16 5.90 0.60
3987 1972 311 1190.00 9.70 10.90 1.19 5.10 0.10
3987 1972 312 2640.00 8.70 13.60 1.11 5.20 0.00
3987 1972 313 2520.00 7.90 12.60 1.05 4.30 0.90
3987 1972 314 4830.00 5.60 11.00 0.95 4.40 0.00
3987 1972 315 3940.00 6.80 12.50 0.95 6.80 2.00
3987 1972 316 4370.00 3.50 11.10 0.79 6.10 3.30
3987 1972 317 2210.00 0.70 5.40 0.70 7.50 6.40
3987 1972 318 1490.00 2.10 9.80 0.75 14.70 2.00
3987 1972 319 1980.00 1.20 6.20 0.71 6.30 1.40
3987 1972 320 1760.00 -0.70 3.50 0.62 6.90 1.20
3987 1972 321 5010.00 0.30 5.40 0.60 6.60 0.50
3987 1972 322 3000.00 -1.20 4.10 0.59 4.30 3.00
3987 1972 323 1120.00 0.30 3.10 0.64 5.70 2.10
3987 1972 324 1990.00 -3.40 0.90 0.52 3.60 0.00
3987 1972 325 870.00 -1.70 3.70 0.62 8.00 3.10
3987 1972 326 1800.00 3.60 8.70 0.79 7.90 5.10
3987 1972 327 1420.00 3.20 7.00 0.74 8.30 1.60
3987 1972 328 3120.00 1.80 6.10 0.73 5.40 0.80
3987 1972 329 1480.00 0.40 2.80 0.66 4.80 1.40
3987 1972 330 2490.00 -2.80 2.70 0.53 6.30 0.10
3987 1972 331 2100.00 -1.90 1.30 0.56 5.50 0.00
3987 1972 332 890.00 0.00 3.10 0.59 7.90 0.00
3987 1972 333 3720.00 0.80 5.30 0.56 6.80 0.00
3987 1972 334 2570.00 0.60 6.30 0.60 8.50 0.00
3987 1972 335 3650.00 1.80 7.50 0.62 6.30 0.00
3987 1972 336 2020.00 1.40 8.50 0.74 5.00 0.00
3987 1972 337 3520.00 2.80 8.60 0.73 6.70 0.00
3987 1972 338 2100.00 0.80 8.80 0.72 5.30 2.20
3987 1972 339 2830.00 3.00 7.90 0.79 4.40 0.10
3987 1972 340 1920.00 1.10 7.60 0.70 6.90 0.00
3987 1972 341 1750.00 3.40 9.80 0.76 8.50 0.00
3987 1972 342 1160.00 5.90 9.30 0.79 6.50 3.30
3987 1972 343 1667.48 2.20 7.60 0.81 5.20 0.00
3987 1972 344 2310.00 1.30 6.50 0.74 5.20 0.10
3987 1972 345 1460.00 1.00 6.00 0.72 6.30 1.40
3987 1972 346 1670.00 0.60 6.70 0.65 6.40 0.00
3987 1972 347 2820.00 -1.40 4.40 0.59 5.40 0.00
3987 1972 348 2580.00 -1.30 6.00 0.60 6.50 0.30
3987 1972 349 650.00 4.00 8.00 0.89 3.50 0.10
3987 1972 350 430.00 3.20 7.70 0.80 2.70 0.00
3987 1972 351 2680.00 -3.80 3.20 0.49 3.20 0.00
3987 1972 352 2350.00 -4.60 0.50 0.49 1.30 0.00
3987 1972 353 690.00 -4.50 -0.20 0.54 1.40 1.50
3987 1972 354 980.00 -0.20 3.80 0.69 2.40 0.10
3987 1972 355 2820.00 -3.50 2.40 0.50 3.40 0.00
3987 1972 356 3330.00 -6.60 0.70 0.42 4.60 0.00
3987 1972 357 2690.00 -7.90 -1.80 0.34 4.50 0.00
3987 1972 358 2170.00 -7.50 -1.50 0.35 4.10 0.00
3987 1972 359 1500.00 -6.90 -1.90 0.42 3.00 0.00
3987 1972 360 2430.00 -5.70 -1.50 0.38 3.80 0.00
3987 1972 361 1800.00 -8.70 -3.90 0.35 4.50 0.00
3987 1972 362 860.00 -5.80 1.00 0.46 7.40 0.00
3987 1972 363 2830.00 -2.00 3.60 0.36 7.10 0.00
3987 1972 364 3210.00 -4.20 0.90 0.24 7.10 0.00
3987 1972 365 3080.00 -9.00 -1.10 0.24 6.20 0.00
3987 1972 366 2990.00 -9.50 1.10 0.29 5.20 0.00
