*---------------------------------------------------------------------------*
* Station name: Potsdam Saekularstation
* Year: 1969
* Author: Pedro Alencar                                   -999.000: NIL VALUE
* Source: DWD
* Comments: Gaps filled with interpolation and storical means
* Longitude: 13.0622, latitude: 52.3812, altitude: 82.0 m.
*
    * Column  Daily value
    * 1       station number
    * 2       year
    * 3       day
    * 4       irradiation                   (kJ m-2 d-1)
    * 5       minimum temperature           (degrees Celsius
    * 6       maximum temperature           (degrees Celsius)
    * 7       early morning vapour pressure (kPa)
    * 8       mean wind speed (height: 2 m) (m s-1)
    * 9       precipitation                 (mm d-1)
    *
** WCCDESCRIPTION=Potsdam, Germany
** WCCFORMAT=2
** WCCYEARNR=1969
*---------------------------------------------------------------------------*
   13.0622 52.3812 82.0 -0.18 -0.55
3987 1969 1 1880.00 -8.40 -2.00 0.38 3.80 7.60
3987 1969 2 730.00 -3.80 3.40 0.68 5.30 6.30
3987 1969 3 390.00 -5.40 2.90 0.43 2.60 0.00
3987 1969 4 650.00 -7.10 -3.60 0.38 2.70 0.00
3987 1969 5 700.00 -6.40 -2.70 0.40 3.50 0.00
3987 1969 6 780.00 -12.30 -6.40 0.25 3.50 0.00
3987 1969 7 2800.00 -10.40 -3.20 0.33 3.30 0.00
3987 1969 8 2950.00 -9.50 -2.70 0.32 4.40 0.00
3987 1969 9 890.00 -9.20 -1.60 0.42 3.00 0.00
3987 1969 10 940.00 -5.50 -2.10 0.41 2.70 0.00
3987 1969 11 3040.00 -10.80 -4.10 0.32 3.30 0.00
3987 1969 12 2340.00 -6.00 2.40 0.46 3.70 0.00
3987 1969 13 900.00 -4.00 0.30 0.42 5.00 0.90
3987 1969 14 2820.00 -4.00 1.30 0.44 4.30 0.00
3987 1969 15 1210.00 -2.80 3.10 0.58 4.60 0.10
3987 1969 16 3400.00 -1.70 5.20 0.59 3.80 0.00
3987 1969 17 1960.00 -2.90 1.60 0.54 3.40 0.00
3987 1969 18 1320.00 -0.50 2.20 0.60 4.20 0.10
3987 1969 19 3040.00 0.50 6.60 0.67 3.70 1.70
3987 1969 20 1620.00 -1.90 2.20 0.56 3.90 0.00
3987 1969 21 1020.00 -5.00 0.20 0.47 3.90 2.90
3987 1969 22 1070.00 -3.50 3.00 0.63 5.40 3.80
3987 1969 23 760.00 3.00 5.80 0.78 7.30 0.30
3987 1969 24 730.00 -0.50 4.70 0.62 3.00 3.40
3987 1969 25 1410.00 -0.50 1.10 0.59 3.10 1.40
3987 1969 26 900.00 -1.20 0.60 0.57 3.10 0.00
3987 1969 27 3470.00 0.00 5.40 0.65 4.10 0.10
3987 1969 28 2520.00 0.90 6.80 0.77 3.70 2.40
3987 1969 29 1880.00 0.80 7.30 0.71 7.00 0.70
3987 1969 30 1240.00 3.10 5.20 0.71 6.80 0.40
3987 1969 31 3560.00 2.30 8.40 0.70 7.70 0.50
3987 1969 32 3890.00 0.20 5.30 0.59 5.80 2.70
3987 1969 33 1800.00 -0.20 4.80 0.65 6.10 0.50
3987 1969 34 2010.00 -0.50 2.80 0.52 7.90 0.80
3987 1969 35 2700.00 -1.50 0.80 0.47 3.50 0.00
3987 1969 36 6500.00 -6.40 1.20 0.37 1.60 0.00
3987 1969 37 7360.00 -7.10 0.40 0.36 2.40 0.00
3987 1969 38 2790.00 -8.20 -1.00 0.39 4.50 0.20
3987 1969 39 3730.00 -5.40 1.90 0.43 4.20 0.00
3987 1969 40 3130.00 -4.20 -0.40 0.46 5.30 2.60
3987 1969 41 4790.00 -4.30 0.40 0.47 2.80 1.50
3987 1969 42 2450.00 -4.40 -1.50 0.44 2.00 0.00
3987 1969 43 6640.00 -9.40 -1.60 0.32 5.00 0.00
3987 1969 44 2270.00 -11.80 -5.20 0.24 3.10 2.90
3987 1969 45 4620.00 -14.20 -8.90 0.23 2.00 0.00
3987 1969 46 2050.00 -16.10 -5.40 0.27 4.60 22.80
3987 1969 47 2750.00 -6.60 -1.50 0.44 3.80 7.80
3987 1969 48 3520.00 -10.20 -3.10 0.33 2.90 1.10
3987 1969 49 6520.00 -14.40 -2.80 0.26 4.80 0.00
3987 1969 50 3370.00 -8.90 -1.30 0.42 5.50 0.00
3987 1969 51 2760.00 -3.50 2.30 0.56 4.10 1.60
3987 1969 52 8630.00 1.00 11.10 0.68 4.50 0.00
3987 1969 53 8620.00 -3.60 9.00 0.60 4.90 0.00
3987 1969 54 1920.00 0.40 2.30 0.61 5.40 0.00
3987 1969 55 1260.00 -1.40 0.80 0.49 6.00 0.40
3987 1969 56 1620.00 -3.50 -1.30 0.49 4.40 2.90
3987 1969 57 1420.00 -3.60 -0.10 0.54 1.80 0.40
3987 1969 58 3900.00 -1.80 1.60 0.54 2.90 0.00
3987 1969 59 6850.00 -2.30 2.20 0.48 3.90 0.00
3987 1969 60 4080.00 -5.60 0.80 0.42 5.60 0.00
3987 1969 61 11500.00 -5.20 3.40 0.37 6.00 0.00
3987 1969 62 12080.00 -9.50 0.10 0.31 5.20 0.00
3987 1969 63 12330.00 -10.70 2.50 0.33 4.30 0.00
3987 1969 64 12200.00 -8.80 3.40 0.33 2.60 0.00
3987 1969 65 11990.00 -6.20 5.20 0.32 1.90 0.00
3987 1969 66 4580.00 -5.20 1.30 0.48 2.60 0.00
3987 1969 67 11930.00 -3.90 5.30 0.45 3.90 0.00
3987 1969 68 8380.00 0.50 5.10 0.49 8.40 0.00
3987 1969 69 11550.00 -1.60 5.40 0.45 3.40 0.00
3987 1969 70 2140.00 -3.00 2.90 0.53 2.80 2.50
3987 1969 71 8250.00 -6.40 1.90 0.47 3.60 3.50
3987 1969 72 2130.00 -1.40 0.20 0.53 6.90 10.30
3987 1969 73 1490.00 -2.10 -0.60 0.50 7.30 2.10
3987 1969 74 9680.00 -3.90 0.40 0.39 10.00 1.60
3987 1969 75 3730.00 -6.00 -1.40 0.38 10.30 1.10
3987 1969 76 4250.00 -7.10 -3.40 0.34 8.50 0.80
3987 1969 77 4030.00 -5.90 -2.00 0.35 6.90 0.20
3987 1969 78 13910.00 -4.40 3.70 0.37 7.30 0.00
3987 1969 79 16510.00 -2.70 4.30 0.40 6.30 0.00
3987 1969 80 15350.00 -4.00 4.90 0.42 5.90 0.00
3987 1969 81 15620.00 -1.20 4.40 0.42 6.40 0.00
3987 1969 82 7110.00 -0.20 5.70 0.49 4.90 0.00
3987 1969 83 8120.00 -0.60 6.40 0.55 2.90 0.00
3987 1969 84 10950.00 -2.80 5.50 0.53 4.00 0.00
3987 1969 85 4840.00 0.50 3.20 0.52 5.20 0.30
3987 1969 86 7400.00 -2.30 4.90 0.55 2.80 0.80
3987 1969 87 4460.00 -0.70 3.80 0.59 2.50 0.10
3987 1969 88 11590.00 -2.30 5.90 0.50 2.80 0.00
3987 1969 89 5940.00 -1.20 7.60 0.61 5.90 2.50
3987 1969 90 6000.00 3.00 9.10 0.77 6.50 12.60
3987 1969 91 8820.00 1.10 6.70 0.70 7.10 0.10
3987 1969 92 7810.00 1.60 6.80 0.61 4.90 2.50
3987 1969 93 14380.00 -1.30 7.30 0.53 1.60 0.00
3987 1969 94 14920.00 -1.00 11.00 0.55 2.10 0.00
3987 1969 95 16560.00 3.30 15.10 0.72 2.10 0.00
3987 1969 96 18700.00 2.30 18.10 0.64 4.50 0.00
3987 1969 97 19000.00 3.60 20.20 0.70 5.10 0.00
3987 1969 98 20910.00 5.60 18.00 0.74 5.90 0.00
3987 1969 99 20940.00 -0.40 19.20 0.61 3.30 0.00
3987 1969 100 17800.00 5.60 23.70 0.70 3.50 0.10
3987 1969 101 10810.00 7.60 18.40 0.92 5.00 13.70
3987 1969 102 8070.00 5.70 14.10 0.94 7.50 1.10
3987 1969 103 15320.00 3.50 9.30 0.56 8.60 0.10
3987 1969 104 15080.00 0.10 9.00 0.59 7.10 0.10
3987 1969 105 7410.00 -1.70 7.80 0.70 5.20 11.10
3987 1969 106 12160.00 1.40 7.60 0.70 6.90 4.00
3987 1969 107 12790.00 1.60 8.40 0.65 5.60 1.50
3987 1969 108 12960.00 -1.00 6.20 0.53 4.20 0.40
3987 1969 109 13820.00 -1.20 7.00 0.54 2.10 0.10
3987 1969 110 21740.00 -2.60 10.00 0.45 3.90 0.00
3987 1969 111 23100.00 -1.50 13.40 0.44 4.50 0.00
3987 1969 112 4880.00 3.30 11.80 0.85 4.90 20.50
3987 1969 113 8550.00 7.10 13.00 0.99 3.30 7.30
3987 1969 114 4400.00 5.80 9.10 0.92 3.10 0.30
3987 1969 115 12580.00 4.30 18.30 0.95 3.20 0.40
3987 1969 116 18420.00 8.30 23.10 1.26 3.60 1.00
3987 1969 117 2560.00 8.90 18.30 1.24 3.30 5.60
3987 1969 118 5730.00 7.60 11.40 1.06 1.70 2.20
3987 1969 119 10900.00 8.00 14.60 0.99 2.10 4.70
3987 1969 120 6720.00 5.90 12.00 0.94 4.10 5.00
3987 1969 121 2610.00 6.60 9.20 0.98 3.70 3.50
3987 1969 122 7670.00 6.70 15.10 1.12 1.50 0.00
3987 1969 123 15940.00 8.60 21.30 1.30 3.30 9.00
3987 1969 124 17380.00 12.10 21.90 1.52 2.50 9.20
3987 1969 125 12370.00 13.40 21.20 1.47 2.70 0.00
3987 1969 126 16300.00 10.90 22.50 1.49 4.50 0.00
3987 1969 127 2400.00 10.40 20.20 1.28 4.80 0.00
3987 1969 128 16410.00 8.90 16.90 0.94 3.30 0.00
3987 1969 129 10110.00 8.50 17.20 1.11 2.10 1.40
3987 1969 130 17880.00 9.70 18.00 1.14 3.20 0.00
3987 1969 131 8210.00 10.20 19.10 1.36 4.30 0.00
3987 1969 132 23500.00 12.70 23.90 1.44 4.20 0.00
3987 1969 133 20870.00 13.20 29.80 1.48 4.20 0.00
3987 1969 134 25030.00 17.50 30.80 1.82 4.50 0.00
3987 1969 135 21510.00 15.30 27.70 1.36 6.00 0.00
3987 1969 136 12330.00 10.20 19.50 1.33 5.50 5.00
3987 1969 137 19590.00 8.90 17.90 0.95 6.00 0.00
3987 1969 138 14640.00 9.50 18.20 1.07 4.10 2.10
3987 1969 139 15360.00 5.60 12.20 0.88 5.10 11.50
3987 1969 140 7870.00 4.70 10.20 0.90 6.40 8.40
3987 1969 141 13250.00 6.10 13.20 0.90 3.90 1.50
3987 1969 142 13860.00 4.30 14.40 0.88 3.40 0.00
3987 1969 143 27610.00 4.10 16.20 0.75 2.80 0.00
3987 1969 144 30340.00 4.60 21.10 0.85 5.00 0.00
3987 1969 145 28060.00 7.40 21.90 0.91 6.80 0.00
3987 1969 146 18020.00 11.00 22.10 1.17 5.20 21.00
3987 1969 147 27960.00 8.60 19.90 0.98 5.20 0.00
3987 1969 148 26270.00 8.00 23.60 1.09 4.00 0.00
3987 1969 149 10440.00 12.00 21.50 1.27 6.40 0.80
3987 1969 150 22110.00 7.80 21.00 1.08 3.50 1.60
3987 1969 151 12110.00 11.30 18.10 1.29 4.70 1.70
3987 1969 152 21950.00 9.60 16.30 1.11 4.20 0.00
3987 1969 153 16420.00 6.90 17.50 1.08 3.20 1.80
3987 1969 154 9980.00 5.80 13.00 1.05 2.20 6.80
3987 1969 155 13180.00 7.40 15.20 1.04 3.20 0.00
3987 1969 156 10960.00 8.20 14.80 1.00 4.50 0.00
3987 1969 157 3520.00 7.00 11.40 1.06 4.80 11.10
3987 1969 158 28440.00 7.30 23.10 1.18 5.10 0.00
3987 1969 159 30980.00 7.70 23.60 0.94 4.00 0.00
3987 1969 160 30770.00 7.10 24.60 0.94 3.30 0.00
3987 1969 161 29660.00 7.30 23.50 1.07 3.80 0.00
3987 1969 162 26750.00 10.00 26.40 1.25 3.50 0.00
3987 1969 163 29800.00 11.30 27.40 1.14 2.90 0.00
3987 1969 164 26520.00 14.40 27.80 1.45 3.70 0.00
3987 1969 165 19130.00 14.70 28.30 1.60 3.80 14.90
3987 1969 166 11110.00 15.00 24.90 1.76 2.40 3.10
3987 1969 167 19290.00 15.60 27.40 1.76 2.10 2.00
3987 1969 168 23710.00 15.00 24.70 1.68 4.10 0.00
3987 1969 169 26150.00 13.20 26.90 1.55 4.40 0.00
3987 1969 170 12420.00 18.10 25.30 1.77 4.70 0.00
3987 1969 171 7050.00 13.40 20.00 1.57 4.10 2.10
3987 1969 172 17230.00 13.20 22.40 1.51 2.30 0.00
3987 1969 173 19450.00 13.50 23.90 1.66 1.80 1.80
3987 1969 174 25980.00 14.60 26.70 1.60 4.90 0.00
3987 1969 175 18870.00 17.10 28.00 1.96 4.90 3.70
3987 1969 176 7500.00 13.90 24.40 1.65 2.90 6.90
3987 1969 177 15170.00 14.00 23.30 1.72 3.10 2.60
3987 1969 178 18630.00 15.10 22.20 1.72 4.00 0.00
3987 1969 179 13720.00 12.90 20.80 1.36 4.50 0.30
3987 1969 180 22810.00 8.60 19.10 1.15 4.30 11.70
3987 1969 181 24830.00 10.10 21.20 1.17 2.50 0.00
3987 1969 182 16820.00 11.40 23.10 1.37 3.10 0.00
3987 1969 183 16270.00 13.80 24.70 1.67 3.30 0.80
3987 1969 184 13050.00 16.70 23.80 1.81 3.70 1.10
3987 1969 185 17720.00 13.10 23.20 1.56 2.40 1.50
3987 1969 186 23720.00 12.10 26.30 1.49 3.40 0.00
3987 1969 187 19650.00 14.80 23.40 1.61 2.70 0.00
3987 1969 188 16970.00 14.80 27.00 1.55 6.90 0.00
3987 1969 189 20860.00 10.00 19.80 1.03 4.70 0.00
3987 1969 190 17560.00 7.80 17.30 1.08 3.60 0.20
3987 1969 191 18150.00 7.80 18.10 1.18 3.60 2.20
3987 1969 192 13140.00 9.90 17.60 1.25 3.10 0.60
3987 1969 193 10400.00 11.50 18.50 1.32 4.00 0.10
3987 1969 194 8430.00 10.20 19.80 1.46 6.50 0.20
3987 1969 195 27260.00 10.50 24.00 1.21 4.30 0.00
3987 1969 196 26900.00 11.50 26.50 1.46 1.80 0.00
3987 1969 197 27350.00 13.90 30.80 1.47 4.00 0.00
3987 1969 198 23260.00 17.00 30.30 1.83 4.50 1.70
3987 1969 199 23570.00 14.10 27.80 1.32 4.40 0.00
3987 1969 200 22340.00 12.40 26.70 1.28 3.70 0.00
3987 1969 201 8390.00 17.40 25.00 1.49 5.70 0.00
3987 1969 202 16400.00 13.80 22.40 1.48 4.50 0.00
3987 1969 203 24450.00 16.30 28.60 1.90 3.80 0.00
3987 1969 204 20610.00 18.30 30.60 2.01 1.70 0.00
3987 1969 205 23070.00 17.60 33.50 1.85 4.00 0.00
3987 1969 206 19070.00 19.90 31.60 2.21 3.40 0.00
3987 1969 207 24320.00 16.60 30.40 1.77 3.30 0.00
3987 1969 208 23100.00 17.70 31.90 2.00 4.00 0.00
3987 1969 209 22070.00 19.00 34.40 2.05 3.80 0.00
3987 1969 210 26580.00 17.90 32.00 1.62 5.60 0.00
3987 1969 211 23610.00 17.50 32.30 1.82 4.30 0.00
3987 1969 212 24060.00 17.70 31.00 1.80 4.20 0.00
3987 1969 213 22980.00 18.10 31.20 1.84 4.80 0.00
3987 1969 214 23060.00 17.10 31.50 1.57 4.90 0.00
3987 1969 215 21000.00 18.40 33.00 1.64 4.50 0.00
3987 1969 216 23930.00 17.10 30.00 1.23 4.80 0.00
3987 1969 217 24500.00 14.30 30.40 1.05 3.20 0.00
3987 1969 218 17190.00 15.10 30.30 1.38 2.90 9.80
3987 1969 219 18860.00 14.50 25.50 1.62 3.40 0.00
3987 1969 220 22430.00 13.40 29.30 1.31 2.80 0.00
3987 1969 221 24480.00 14.10 27.20 1.23 4.00 0.00
3987 1969 222 25110.00 13.00 25.80 1.16 4.60 0.00
3987 1969 223 20570.00 10.50 24.00 1.06 4.40 0.00
3987 1969 224 18830.00 11.50 23.60 1.30 3.70 0.00
3987 1969 225 10060.00 12.10 22.70 1.43 3.20 0.00
3987 1969 226 20800.00 11.30 26.10 1.40 2.00 0.20
3987 1969 227 4870.00 15.10 22.80 1.63 2.50 1.50
3987 1969 228 15320.00 12.70 24.70 1.56 1.90 0.00
3987 1969 229 12460.00 15.40 23.20 1.69 2.80 0.00
3987 1969 230 19380.00 11.80 25.20 1.40 3.00 0.00
3987 1969 231 16430.00 12.00 25.30 1.50 3.10 0.00
3987 1969 232 12190.00 14.80 25.40 1.60 3.70 3.60
3987 1969 233 14570.00 13.10 20.90 1.42 5.80 3.10
3987 1969 234 5570.00 11.40 16.80 1.30 6.10 3.10
3987 1969 235 8880.00 9.10 16.10 1.25 4.00 6.40
3987 1969 236 19260.00 7.00 20.80 1.09 5.00 0.00
3987 1969 237 9010.00 9.20 19.50 1.35 4.40 2.30
3987 1969 238 8780.00 8.60 16.40 1.28 3.50 0.90
3987 1969 239 11080.00 8.90 16.90 1.19 4.80 1.00
3987 1969 240 9440.00 11.10 17.80 1.30 2.50 1.20
3987 1969 241 3560.00 7.80 13.60 1.27 5.50 78.60
3987 1969 242 4450.00 11.30 18.00 1.48 7.70 11.60
3987 1969 243 12360.00 12.80 20.00 1.44 4.00 0.00
3987 1969 244 6350.00 9.40 17.00 1.35 4.20 0.00
3987 1969 245 8600.00 10.60 18.20 1.34 3.30 0.00
3987 1969 246 19330.00 7.70 19.70 1.21 3.10 0.20
3987 1969 247 11130.00 10.50 19.00 1.28 3.00 0.00
3987 1969 248 15700.00 8.70 20.90 1.28 3.00 0.00
3987 1969 249 9870.00 13.20 19.80 1.48 2.80 0.00
3987 1969 250 6220.00 11.70 18.50 1.38 1.60 0.00
3987 1969 251 17000.00 11.90 24.30 1.36 2.80 0.00
3987 1969 252 16310.00 12.20 25.80 1.48 4.80 0.00
3987 1969 253 12720.00 12.50 25.20 1.56 3.00 0.00
3987 1969 254 13700.00 12.40 25.50 1.61 2.80 0.00
3987 1969 255 16340.00 12.80 26.90 1.55 4.40 0.00
3987 1969 256 16040.00 12.20 26.90 1.55 4.00 0.00
3987 1969 257 15950.00 11.90 25.30 1.55 4.50 0.00
3987 1969 258 10780.00 13.70 24.90 1.71 4.30 0.00
3987 1969 259 13690.00 15.70 25.60 1.68 2.90 0.00
3987 1969 260 14940.00 13.00 24.00 1.45 5.00 0.00
3987 1969 261 17240.00 7.90 17.60 0.96 5.70 0.00
3987 1969 262 14950.00 3.70 17.00 0.86 3.00 0.00
3987 1969 263 8140.00 6.20 15.40 1.04 5.60 0.10
3987 1969 264 2450.00 10.00 15.00 1.29 7.10 0.80
3987 1969 265 6580.00 13.90 18.50 1.44 7.30 1.90
3987 1969 266 14320.00 6.10 17.20 1.03 3.80 0.00
3987 1969 267 13939.86 7.10 20.00 1.05 3.10 0.00
3987 1969 268 12750.00 6.40 23.00 1.28 4.40 0.00
3987 1969 269 8710.00 10.70 20.70 1.44 3.90 0.00
3987 1969 270 3130.00 9.40 15.20 1.21 7.20 0.40
3987 1969 271 13960.00 3.50 15.10 0.78 4.30 0.00
3987 1969 272 5820.00 3.80 14.60 0.95 5.30 0.00
3987 1969 273 3780.00 4.70 12.40 0.88 1.80 0.40
3987 1969 274 8350.00 5.10 12.60 0.86 7.40 2.60
3987 1969 275 7820.00 3.50 8.50 0.80 8.00 1.60
3987 1969 276 2490.00 5.80 13.40 1.14 2.60 3.30
3987 1969 277 8740.00 8.90 16.90 1.28 5.40 0.00
3987 1969 278 6720.00 12.70 18.00 1.39 2.70 0.00
3987 1969 279 11120.00 6.30 19.00 1.20 4.50 0.00
3987 1969 280 9630.00 5.60 20.80 1.19 3.10 0.00
3987 1969 281 8480.00 6.60 20.80 1.36 4.00 0.00
3987 1969 282 8860.00 8.00 22.00 1.25 4.20 0.00
3987 1969 283 9590.00 8.70 22.60 1.39 1.70 0.00
3987 1969 284 7950.00 7.60 21.20 1.42 2.00 0.00
3987 1969 285 3390.00 10.90 14.40 1.31 3.30 0.00
3987 1969 286 6980.00 6.80 17.60 1.13 4.50 0.00
3987 1969 287 8050.00 4.70 19.60 1.06 4.10 0.00
3987 1969 288 8170.00 7.10 18.60 1.23 3.40 0.00
3987 1969 289 6880.00 7.40 18.00 1.21 2.20 0.00
3987 1969 290 2270.00 5.50 11.60 1.01 3.80 0.00
3987 1969 291 2090.00 6.30 8.60 1.01 5.10 0.00
3987 1969 292 6770.00 5.80 14.40 1.02 6.40 0.00
3987 1969 293 7840.00 3.80 18.40 0.96 3.60 0.00
3987 1969 294 7060.00 5.50 17.30 1.10 2.50 0.00
3987 1969 295 1710.00 7.20 9.30 1.05 2.50 0.80
3987 1969 296 990.00 7.50 9.30 1.09 2.30 6.80
3987 1969 297 2010.00 8.40 11.70 1.20 3.70 0.40
3987 1969 298 3100.00 5.70 12.10 1.06 4.70 0.20
3987 1969 299 2310.00 8.80 13.20 1.09 6.40 0.00
3987 1969 300 5860.00 6.10 13.60 1.07 7.40 0.00
3987 1969 301 8260.00 5.70 13.10 0.97 4.80 0.00
3987 1969 302 1940.00 7.40 12.40 0.99 8.40 0.10
3987 1969 303 3690.00 5.20 9.00 0.86 9.30 3.70
3987 1969 304 3040.00 6.10 11.80 1.07 7.90 8.80
3987 1969 305 2360.00 8.00 11.30 0.96 8.10 0.00
3987 1969 306 2390.00 9.20 13.40 1.02 8.60 0.00
3987 1969 307 1190.00 10.50 15.40 1.15 9.20 0.00
3987 1969 308 4200.00 9.10 15.90 1.05 8.60 2.20
3987 1969 309 2390.00 3.50 9.10 0.74 6.80 0.00
3987 1969 310 4480.00 -1.30 6.40 0.63 4.10 0.00
3987 1969 311 5170.00 -2.30 6.20 0.52 5.80 2.90
3987 1969 312 2400.00 2.50 10.50 0.90 6.80 6.90
3987 1969 313 3940.00 3.40 11.10 0.85 7.40 2.00
3987 1969 314 2730.00 5.40 9.70 0.77 10.50 1.50
3987 1969 315 4020.00 4.10 14.40 0.98 6.60 0.30
3987 1969 316 1080.00 10.20 15.20 1.08 7.70 0.20
3987 1969 317 4530.00 7.10 15.00 0.90 6.10 1.80
3987 1969 318 1330.00 1.60 11.40 0.87 3.80 0.40
3987 1969 319 4490.00 1.00 10.40 0.77 4.80 0.00
3987 1969 320 4400.00 3.10 9.10 0.74 6.00 0.60
3987 1969 321 1880.00 5.90 11.00 0.73 6.30 0.00
3987 1969 322 2060.00 2.80 7.80 0.66 8.40 7.70
3987 1969 323 2240.00 1.10 9.40 0.84 9.20 2.90
3987 1969 324 2360.00 5.30 9.40 0.83 8.50 0.80
3987 1969 325 3810.00 1.20 9.10 0.70 4.70 0.00
3987 1969 326 1370.00 1.30 6.50 0.76 4.70 0.70
3987 1969 327 740.00 4.00 8.00 0.94 2.60 0.50
3987 1969 328 470.00 0.40 7.40 0.76 3.20 12.70
3987 1969 329 4510.00 -3.10 3.60 0.54 2.50 0.00
3987 1969 330 900.00 -1.70 1.70 0.55 6.00 0.60
3987 1969 331 4790.00 -5.70 0.50 0.42 5.20 2.80
3987 1969 332 1310.00 -2.70 3.40 0.64 7.30 0.70
3987 1969 333 830.00 -1.30 3.00 0.56 6.40 0.50
3987 1969 334 1760.00 -4.20 0.00 0.49 3.90 0.30
3987 1969 335 900.00 -4.10 -2.70 0.43 2.40 0.10
3987 1969 336 700.00 -6.10 1.00 0.49 4.30 2.40
3987 1969 337 770.00 0.10 1.40 0.61 5.00 7.50
3987 1969 338 3730.00 -5.40 0.50 0.45 3.50 0.00
3987 1969 339 1490.00 -9.80 -3.40 0.38 2.20 0.20
3987 1969 340 2380.00 -4.50 -1.00 0.45 1.60 0.10
3987 1969 341 1280.00 -5.50 -1.80 0.45 2.70 0.30
3987 1969 342 1700.00 -7.20 -3.40 0.37 4.10 1.00
3987 1969 343 2623.19 -10.60 -1.10 0.34 2.90 0.00
3987 1969 344 1540.00 -10.60 -2.20 0.38 3.10 0.00
3987 1969 345 390.00 -3.10 0.00 0.56 3.00 0.10
3987 1969 346 980.00 -1.80 0.40 0.51 3.90 0.00
3987 1969 347 530.00 -3.00 -0.90 0.48 3.70 0.00
3987 1969 348 690.00 -3.40 -1.40 0.49 3.30 0.00
3987 1969 349 1410.00 -4.00 -1.50 0.46 5.70 4.20
3987 1969 350 1150.00 -7.30 -2.80 0.36 3.80 0.60
3987 1969 351 1080.00 -8.60 -4.90 0.37 1.80 1.20
3987 1969 352 690.00 -8.40 -4.00 0.37 5.50 6.20
3987 1969 353 1220.00 -11.20 -7.30 0.25 3.20 0.00
3987 1969 354 2190.00 -15.20 -8.70 0.20 2.00 0.00
3987 1969 355 2680.00 -24.50 -14.80 0.11 3.10 0.00
3987 1969 356 1620.00 -18.50 -10.30 0.20 5.50 0.00
3987 1969 357 2410.00 -14.90 -10.60 0.20 4.90 0.00
3987 1969 358 820.00 -13.20 -4.40 0.32 1.70 0.00
3987 1969 359 1250.00 -4.60 -1.00 0.49 2.80 0.00
3987 1969 360 650.00 -4.70 -1.80 0.45 3.70 0.00
3987 1969 361 930.00 -7.40 -3.60 0.40 3.10 0.00
3987 1969 362 1890.00 -13.40 -5.90 0.26 3.60 0.00
3987 1969 363 3170.00 -15.30 -4.80 0.27 4.10 0.20
3987 1969 364 1230.00 -6.50 -2.50 0.37 7.80 0.30
3987 1969 365 2440.00 -17.30 -6.40 0.16 6.90 0.50
