*---------------------------------------------------------------------------*
* Station name: Potsdam Saekularstation
* Year: 1956
* Author: Pedro Alencar                                   -999.000: NIL VALUE
* Source: DWD
* Comments: Gaps filled with interpolation and storical means
* Longitude: 13.0622, latitude: 52.3812, altitude: 82.0 m.
*
    * Column  Daily value
    * 1       station number
    * 2       year
    * 3       day
    * 4       irradiation                   (kJ m-2 d-1)
    * 5       minimum temperature           (degrees Celsius
    * 6       maximum temperature           (degrees Celsius)
    * 7       early morning vapour pressure (kPa)
    * 8       mean wind speed (height: 2 m) (m s-1)
    * 9       precipitation                 (mm d-1)
    *
** WCCDESCRIPTION=Potsdam, Germany
** WCCFORMAT=2
** WCCYEARNR=1956
*---------------------------------------------------------------------------*
   13.0622 52.3812 82.0 -0.18 -0.55
3987 1956 1 1300.00 0.50 3.00 0.63 5.90 6.60
3987 1956 2 320.00 -0.10 2.70 0.63 3.70 0.50
3987 1956 3 3740.00 -4.10 0.90 0.45 3.10 0.60
3987 1956 4 960.00 -3.80 1.90 0.59 5.10 0.70
3987 1956 5 760.00 1.50 3.60 0.73 2.90 1.10
3987 1956 6 640.00 -1.50 1.90 0.61 2.20 0.40
3987 1956 7 3580.00 -4.70 -0.10 0.43 4.10 0.10
3987 1956 8 920.00 -6.20 -3.40 0.41 2.90 0.00
3987 1956 9 1200.00 -4.60 -0.40 0.43 4.00 0.60
3987 1956 10 3550.00 -4.00 1.60 0.47 4.40 0.50
3987 1956 11 2730.00 -5.30 4.60 0.61 5.50 1.40
3987 1956 12 1800.00 2.50 7.70 0.77 6.60 5.00
3987 1956 13 2610.00 1.70 8.10 0.63 7.80 0.00
3987 1956 14 3620.00 -1.30 4.30 0.56 4.50 0.50
3987 1956 15 1990.00 0.00 7.60 0.76 7.40 1.70
3987 1956 16 1990.00 1.50 5.60 0.60 8.30 0.00
3987 1956 17 800.00 1.50 5.90 0.68 7.90 0.00
3987 1956 18 2210.00 1.20 5.00 0.59 6.40 0.50
3987 1956 19 3250.00 -0.20 3.00 0.47 10.00 3.60
3987 1956 20 920.00 -0.10 4.90 0.73 7.60 0.60
3987 1956 21 2680.00 3.70 6.70 0.59 10.40 0.70
3987 1956 22 1210.00 0.60 8.30 0.65 10.00 5.90
3987 1956 23 1380.00 0.00 5.20 0.67 4.80 9.00
3987 1956 24 1130.00 -0.20 6.90 0.60 9.30 5.50
3987 1956 25 1820.00 -2.90 0.80 0.53 3.50 1.70
3987 1956 26 5050.00 -2.80 3.60 0.52 3.30 0.00
3987 1956 27 2360.00 -4.50 0.10 0.43 4.90 0.80
3987 1956 28 1960.00 -8.50 -3.00 0.39 1.60 0.00
3987 1956 29 6410.00 -8.10 -1.30 0.32 2.30 0.00
3987 1956 30 6110.00 -12.60 -6.10 0.21 5.30 0.00
3987 1956 31 6510.00 -18.20 -12.60 0.11 5.20 0.00
3987 1956 32 5110.00 -21.90 -15.30 0.11 4.10 0.00
3987 1956 33 3420.00 -20.00 -6.60 0.25 3.00 1.10
3987 1956 34 2900.00 -7.00 -3.30 0.33 2.70 0.10
3987 1956 35 5460.00 -7.40 -1.50 0.37 2.30 0.00
3987 1956 36 4150.00 -9.50 -1.70 0.35 3.80 0.00
3987 1956 37 1700.00 -7.40 0.10 0.44 5.90 4.20
3987 1956 38 6770.00 -10.90 -2.30 0.27 4.20 1.60
3987 1956 39 1990.00 -16.40 -2.40 0.28 5.40 6.40
3987 1956 40 6550.00 -23.00 -13.70 0.12 2.80 0.50
3987 1956 41 5800.00 -17.20 -8.40 0.19 3.20 0.10
3987 1956 42 7870.00 -21.60 -12.20 0.11 3.80 0.00
3987 1956 43 5290.00 -20.10 -7.30 0.23 2.40 0.90
3987 1956 44 5340.00 -14.90 -6.90 0.24 2.90 1.80
3987 1956 45 6360.00 -14.70 -7.60 0.21 2.60 0.20
3987 1956 46 8240.00 -20.20 -9.30 0.16 3.60 0.00
3987 1956 47 7370.00 -16.00 -5.70 0.23 3.20 1.00
3987 1956 48 4160.00 -12.60 -6.40 0.27 3.70 3.10
3987 1956 49 5820.00 -14.20 -6.60 0.21 4.00 1.80
3987 1956 50 4400.00 -11.40 -6.30 0.24 2.30 1.00
3987 1956 51 1890.00 -16.10 -8.90 0.24 2.70 8.70
3987 1956 52 3540.00 -11.20 -6.70 0.24 3.90 1.50
3987 1956 53 8800.00 -14.40 -9.30 0.17 4.70 0.50
3987 1956 54 7720.00 -13.00 -6.40 0.20 1.90 0.00
3987 1956 55 7220.00 -19.00 -5.00 0.21 1.80 0.00
3987 1956 56 6880.00 -10.10 -3.80 0.28 1.70 0.00
3987 1956 57 9300.00 -8.80 -0.60 0.35 2.40 0.30
3987 1956 58 3620.00 -9.30 1.40 0.49 5.20 0.40
3987 1956 59 2350.00 -0.30 1.70 0.60 6.80 3.80
3987 1956 60 2930.00 1.40 5.20 0.71 6.80 3.40
3987 1956 61 3710.00 1.40 4.50 0.63 11.60 9.80
3987 1956 62 6970.00 2.40 10.20 0.75 13.40 2.00
3987 1956 63 7330.00 2.40 8.20 0.63 9.60 0.10
3987 1956 64 920.00 0.10 3.10 0.65 5.60 16.40
3987 1956 65 6920.00 -0.10 4.20 0.52 8.50 0.10
3987 1956 66 3680.00 -1.90 3.40 0.60 6.70 7.30
3987 1956 67 9120.00 -3.50 2.90 0.44 7.80 0.00
3987 1956 68 13770.00 -5.60 3.00 0.31 4.70 0.50
3987 1956 69 11940.00 -5.50 3.90 0.40 2.30 0.00
3987 1956 70 6150.00 -2.60 3.90 0.43 4.40 0.00
3987 1956 71 9630.00 -3.50 3.90 0.43 5.00 0.00
3987 1956 72 10850.00 -5.40 3.10 0.41 2.80 0.00
3987 1956 73 7620.00 -4.10 3.60 0.51 3.00 1.90
3987 1956 74 4970.00 -3.90 0.30 0.45 4.10 3.80
3987 1956 75 5790.00 -5.70 -1.60 0.41 4.90 2.10
3987 1956 76 13580.00 -6.70 4.70 0.49 4.30 0.00
3987 1956 77 12300.00 -2.70 5.50 0.56 6.20 0.00
3987 1956 78 14120.00 -2.10 7.30 0.55 6.70 0.00
3987 1956 79 15080.00 -2.50 6.70 0.49 7.50 0.00
3987 1956 80 13980.00 -2.40 7.80 0.43 7.60 0.00
3987 1956 81 14660.00 0.50 10.20 0.48 5.40 0.00
3987 1956 82 15760.00 -0.60 13.90 0.63 5.30 0.00
3987 1956 83 10670.00 0.30 11.10 0.72 5.40 0.00
3987 1956 84 15400.00 2.40 14.10 0.67 5.50 0.00
3987 1956 85 12780.00 0.90 11.40 0.63 4.80 0.00
3987 1956 86 10140.00 -0.60 9.90 0.64 4.50 0.00
3987 1956 87 14660.00 -0.10 9.80 0.61 4.40 0.00
3987 1956 88 17540.00 -1.30 12.90 0.56 4.90 0.00
3987 1956 89 18570.00 -0.60 17.60 0.49 5.30 0.00
3987 1956 90 16540.00 0.50 18.30 0.52 3.90 0.00
3987 1956 91 13770.00 5.30 16.20 0.69 3.10 0.00
3987 1956 92 4650.00 1.80 6.60 0.75 3.50 2.70
3987 1956 93 11820.00 1.80 10.00 0.68 5.90 0.00
3987 1956 94 12390.00 2.70 11.50 0.68 6.70 1.70
3987 1956 95 5500.00 -0.10 7.50 0.61 4.40 9.00
3987 1956 96 9100.00 -1.10 3.90 0.59 2.90 5.00
3987 1956 97 8270.00 -0.90 3.60 0.55 4.10 1.90
3987 1956 98 11780.00 -2.90 2.80 0.39 5.10 0.20
3987 1956 99 20660.00 -5.90 8.40 0.43 4.00 0.00
3987 1956 100 3920.00 1.70 11.60 0.80 5.00 0.50
3987 1956 101 9500.00 3.90 14.60 0.75 6.30 2.70
3987 1956 102 18130.00 1.90 12.50 0.55 7.80 0.00
3987 1956 103 19070.00 -1.00 10.60 0.55 4.30 0.00
3987 1956 104 2890.00 1.40 5.20 0.77 3.90 3.80
3987 1956 105 9450.00 5.00 12.60 1.00 3.50 17.70
3987 1956 106 2880.00 2.80 6.50 0.77 3.60 1.80
3987 1956 107 2630.00 1.80 4.90 0.79 3.10 20.60
3987 1956 108 2310.00 0.40 4.80 0.65 5.10 12.20
3987 1956 109 5010.00 0.20 5.40 0.64 3.10 1.50
3987 1956 110 5000.00 0.20 4.00 0.60 4.20 3.50
3987 1956 111 15420.00 0.10 10.70 0.67 6.00 0.00
3987 1956 112 13530.00 0.70 9.60 0.57 2.90 0.00
3987 1956 113 12840.00 -1.30 7.80 0.56 3.10 0.00
3987 1956 114 12280.00 -1.00 8.20 0.67 1.60 0.00
3987 1956 115 8300.00 3.10 10.30 0.76 1.40 4.00
3987 1956 116 8350.00 4.70 9.70 0.85 2.60 1.90
3987 1956 117 18140.00 3.50 15.50 0.83 2.10 0.60
3987 1956 118 20580.00 5.00 18.50 0.81 3.10 0.00
3987 1956 119 6550.00 6.60 14.10 1.09 3.90 6.10
3987 1956 120 2770.00 5.10 11.30 0.91 4.50 9.10
3987 1956 121 4920.00 4.50 8.90 0.85 5.20 0.10
3987 1956 122 5050.00 3.70 7.90 0.83 4.90 13.00
3987 1956 123 3370.00 3.40 6.90 0.85 2.50 0.80
3987 1956 124 6390.00 5.50 11.60 0.89 1.20 0.00
3987 1956 125 20380.00 5.40 18.20 0.91 2.80 0.00
3987 1956 126 17250.00 8.60 21.60 0.99 3.80 0.00
3987 1956 127 16200.00 10.20 24.20 0.99 3.30 0.00
3987 1956 128 18500.00 12.20 24.10 1.12 6.50 0.00
3987 1956 129 7850.00 11.40 19.00 1.25 5.60 0.00
3987 1956 130 26810.00 7.60 20.10 0.85 5.50 2.50
3987 1956 131 13020.00 8.80 16.90 1.09 5.60 5.90
3987 1956 132 16350.00 6.20 15.70 0.93 4.00 0.00
3987 1956 133 10890.00 5.70 17.00 1.05 4.20 6.80
3987 1956 134 14310.00 7.10 16.40 0.95 4.60 0.00
3987 1956 135 24090.00 6.70 19.50 1.00 4.20 0.60
3987 1956 136 25120.00 6.30 16.50 0.87 4.90 0.00
3987 1956 137 21910.00 7.60 20.90 1.01 4.90 0.10
3987 1956 138 14420.00 8.40 14.60 0.88 3.30 0.00
3987 1956 139 18470.00 6.90 14.70 0.75 3.00 0.30
3987 1956 140 24590.00 5.70 14.70 0.69 5.30 0.00
3987 1956 141 19490.00 2.80 13.00 0.76 3.60 0.30
3987 1956 142 20150.00 3.50 15.90 0.69 1.90 0.00
3987 1956 143 27380.00 6.10 21.30 0.83 4.30 0.00
3987 1956 144 26920.00 9.00 24.00 0.96 4.40 0.00
3987 1956 145 26960.00 10.10 25.50 1.01 4.20 0.00
3987 1956 146 22140.00 12.40 27.10 1.37 5.00 0.20
3987 1956 147 5200.00 10.70 17.80 1.20 5.50 1.40
3987 1956 148 9610.00 8.70 15.90 1.15 4.90 0.00
3987 1956 149 20140.00 7.90 22.50 1.23 2.20 0.00
3987 1956 150 28140.00 11.60 28.90 1.39 3.10 0.00
3987 1956 151 27400.00 13.80 29.20 1.09 3.30 0.00
3987 1956 152 25640.00 14.10 30.90 1.40 3.80 0.00
3987 1956 153 9470.00 13.60 21.50 1.36 5.30 0.00
3987 1956 154 30150.00 8.40 23.60 1.11 3.10 0.00
3987 1956 155 16640.00 10.60 22.60 1.29 3.70 0.00
3987 1956 156 18300.00 13.30 25.20 1.36 4.10 0.00
3987 1956 157 18660.00 16.90 25.40 1.35 4.90 0.00
3987 1956 158 17940.00 12.70 26.70 1.45 3.10 5.30
3987 1956 159 20140.00 13.50 26.20 1.63 3.40 21.70
3987 1956 160 7270.00 9.90 16.20 1.27 3.90 6.80
3987 1956 161 5460.00 10.30 17.80 1.53 2.80 5.40
3987 1956 162 7500.00 11.80 18.60 1.51 2.80 0.30
3987 1956 163 5990.00 10.60 15.10 1.28 4.00 7.50
3987 1956 164 14100.00 11.60 18.40 1.37 4.90 0.00
3987 1956 165 20900.00 11.50 22.10 1.29 4.40 0.00
3987 1956 166 13670.00 10.40 16.60 1.00 2.60 0.00
3987 1956 167 7410.00 7.90 15.10 1.13 1.90 6.40
3987 1956 168 20090.00 8.40 17.40 0.95 3.80 2.80
3987 1956 169 19470.00 7.50 19.10 1.07 3.80 0.00
3987 1956 170 16350.00 12.00 23.10 1.45 2.70 5.60
3987 1956 171 17800.00 12.10 20.80 1.25 3.50 3.40
3987 1956 172 13440.00 11.00 19.20 1.35 4.80 2.80
3987 1956 173 16100.00 9.30 15.70 1.03 5.50 0.30
3987 1956 174 12800.00 8.70 18.80 1.21 3.30 0.10
3987 1956 175 26200.00 11.60 20.90 1.12 5.50 1.80
3987 1956 176 2610.00 10.90 13.10 1.39 6.70 21.70
3987 1956 177 12360.00 10.40 16.70 1.16 5.70 0.10
3987 1956 178 13480.00 10.70 17.70 1.20 4.60 0.30
3987 1956 179 22330.00 11.20 18.80 1.03 6.10 0.00
3987 1956 180 20000.00 7.70 16.20 0.95 4.90 2.90
3987 1956 181 14970.00 9.40 16.20 1.07 5.30 0.30
3987 1956 182 9150.00 7.90 16.30 1.15 1.60 0.10
3987 1956 183 26760.00 8.30 26.50 1.40 4.20 0.00
3987 1956 184 22830.00 14.10 29.40 1.79 3.60 3.70
3987 1956 185 6520.00 12.50 19.60 1.71 4.90 20.40
3987 1956 186 22540.00 12.50 23.40 1.51 3.10 1.70
3987 1956 187 14470.00 14.60 24.40 1.79 5.20 10.60
3987 1956 188 13650.00 14.00 21.40 1.31 8.20 0.70
3987 1956 189 22310.00 11.80 21.50 1.33 6.30 4.70
3987 1956 190 16040.00 13.80 22.50 1.53 2.90 0.10
3987 1956 191 29100.00 10.90 25.50 1.27 1.80 0.00
3987 1956 192 29220.00 12.60 27.60 1.25 3.10 0.00
3987 1956 193 28170.00 15.00 28.00 1.53 4.30 0.00
3987 1956 194 27810.00 13.50 26.30 1.45 3.00 0.00
3987 1956 195 27110.00 12.70 28.80 1.52 3.30 0.00
3987 1956 196 24270.00 15.00 28.60 1.61 5.00 0.00
3987 1956 197 5470.00 16.20 22.60 1.80 3.20 6.10
3987 1956 198 13130.00 14.30 23.10 1.64 2.10 1.00
3987 1956 199 25070.00 10.10 23.10 1.32 3.20 0.00
3987 1956 200 24350.00 10.50 23.90 1.31 2.00 0.00
3987 1956 201 27330.00 11.50 25.20 1.24 3.60 0.00
3987 1956 202 18920.00 12.20 25.40 1.45 3.70 4.90
3987 1956 203 10310.00 13.70 21.20 1.60 3.00 0.00
3987 1956 204 12310.00 13.00 18.60 1.33 5.50 0.20
3987 1956 205 15220.00 12.40 21.10 1.40 5.20 0.60
3987 1956 206 17770.00 12.20 20.10 1.32 5.60 1.20
3987 1956 207 13860.00 11.10 20.00 1.36 6.90 0.10
3987 1956 208 18480.00 15.00 23.70 1.49 6.70 0.00
3987 1956 209 18640.00 14.30 22.60 1.40 6.30 0.00
3987 1956 210 17460.00 11.20 24.50 1.56 3.60 0.00
3987 1956 211 16140.00 13.60 24.60 1.65 4.90 0.00
3987 1956 212 26050.00 15.80 22.80 1.05 6.80 0.00
3987 1956 213 16960.00 11.60 19.70 1.08 6.80 0.70
3987 1956 214 10840.00 11.30 17.60 1.11 5.50 0.90
3987 1956 215 7240.00 10.90 18.30 1.47 5.90 28.80
3987 1956 216 15130.00 11.50 19.30 1.29 5.30 0.00
3987 1956 217 20980.00 9.10 20.10 1.23 4.30 0.70
3987 1956 218 11100.00 10.90 18.30 1.43 1.90 12.20
3987 1956 219 17300.00 8.30 21.50 1.27 1.80 3.80
3987 1956 220 10730.00 11.90 20.10 1.43 2.80 3.00
3987 1956 221 21450.00 10.00 20.00 1.24 4.50 0.00
3987 1956 222 14180.00 12.70 20.70 1.33 4.00 0.00
3987 1956 223 16990.00 8.60 20.50 1.23 2.90 0.00
3987 1956 224 4770.00 12.30 17.20 1.53 4.10 9.70
3987 1956 225 19540.00 12.00 20.30 1.19 5.90 0.00
3987 1956 226 15040.00 8.80 20.10 1.25 3.30 0.90
3987 1956 227 14020.00 13.80 21.40 1.23 5.90 1.10
3987 1956 228 15330.00 11.70 18.80 1.20 7.30 4.10
3987 1956 229 5130.00 10.50 16.20 1.37 5.50 3.60
3987 1956 230 15150.00 12.80 23.10 1.47 4.70 0.00
3987 1956 231 15400.00 12.60 23.60 1.55 4.70 0.80
3987 1956 232 15480.00 14.40 22.10 1.32 6.80 0.00
3987 1956 233 19200.00 12.20 23.10 1.31 3.60 0.00
3987 1956 234 12430.00 12.40 20.80 1.24 2.70 0.00
3987 1956 235 16830.00 8.50 19.60 1.16 1.80 0.00
3987 1956 236 15220.00 11.10 20.20 1.15 2.80 0.00
3987 1956 237 12350.00 9.60 18.10 1.16 2.90 0.70
3987 1956 238 10280.00 6.60 19.50 1.05 7.90 3.70
3987 1956 239 15820.00 9.60 20.30 1.09 6.70 0.00
3987 1956 240 9630.00 10.10 21.00 1.51 4.30 6.60
3987 1956 241 18660.00 12.20 22.90 1.36 5.50 0.30
3987 1956 242 18290.00 9.30 20.70 1.17 3.20 0.00
3987 1956 243 10680.00 10.50 17.40 1.19 3.70 0.10
3987 1956 244 16560.00 6.30 18.10 1.07 2.70 0.00
3987 1956 245 8490.00 8.40 18.50 1.25 4.90 0.00
3987 1956 246 16180.00 12.70 26.00 1.53 5.30 0.00
3987 1956 247 14320.00 14.80 28.00 1.64 5.60 0.20
3987 1956 248 15700.00 8.70 21.90 1.09 3.30 0.00
3987 1956 249 17460.00 7.60 22.50 1.16 3.50 0.00
3987 1956 250 15870.00 10.50 25.50 1.32 4.40 0.00
3987 1956 251 9770.00 13.30 20.30 1.41 4.00 0.50
3987 1956 252 11690.00 9.90 19.40 1.28 4.20 0.00
3987 1956 253 14060.00 10.20 20.70 1.24 2.50 0.00
3987 1956 254 9230.00 12.40 21.10 1.51 3.10 0.00
3987 1956 255 8710.00 12.20 20.60 1.55 3.90 12.00
3987 1956 256 10120.00 9.00 16.10 1.11 7.60 5.50
3987 1956 257 11540.00 8.60 16.00 1.08 6.90 0.30
3987 1956 258 18230.00 5.60 18.20 1.03 2.80 0.00
3987 1956 259 13410.00 9.30 16.80 1.01 3.50 0.00
3987 1956 260 13680.00 6.40 16.60 1.05 3.90 0.00
3987 1956 261 2840.00 10.50 13.20 1.28 5.60 6.60
3987 1956 262 13150.00 6.50 15.60 0.96 2.50 0.00
3987 1956 263 16340.00 4.30 20.60 0.89 4.00 0.00
3987 1956 264 13990.00 5.00 19.30 0.99 2.80 0.00
3987 1956 265 14920.00 6.50 21.00 1.03 3.80 0.00
3987 1956 266 14920.00 7.40 22.60 1.15 5.40 0.00
3987 1956 267 15076.22 9.10 21.90 1.15 6.20 0.00
3987 1956 268 15160.00 8.40 20.00 1.03 6.90 0.00
3987 1956 269 14390.00 6.40 24.10 1.09 5.80 0.00
3987 1956 270 13660.00 8.90 23.40 1.17 4.30 0.00
3987 1956 271 3090.00 12.20 19.10 1.59 4.50 2.50
3987 1956 272 7900.00 10.20 16.70 1.43 7.00 3.30
3987 1956 273 4840.00 12.00 17.20 1.33 5.40 0.30
3987 1956 274 12460.00 8.40 19.70 1.23 3.80 3.20
3987 1956 275 10420.00 12.60 21.50 1.57 3.90 0.00
3987 1956 276 9830.00 13.90 23.10 1.61 4.60 26.00
3987 1956 277 6640.00 9.90 16.50 1.25 4.60 0.10
3987 1956 278 6490.00 7.30 14.60 1.08 4.70 4.80
3987 1956 279 7410.00 5.90 11.90 0.83 5.10 1.80
3987 1956 280 6140.00 3.00 10.10 0.81 4.40 2.30
3987 1956 281 8840.00 2.90 10.70 0.76 5.00 0.00
3987 1956 282 8270.00 0.60 9.60 0.73 3.60 2.40
3987 1956 283 1730.00 6.00 10.30 1.07 4.70 3.30
3987 1956 284 10440.00 1.60 11.60 0.69 2.40 0.00
3987 1956 285 9930.00 1.80 14.10 0.88 4.20 0.00
3987 1956 286 10560.00 5.20 14.60 0.93 5.40 0.00
3987 1956 287 4390.00 9.80 13.30 1.08 7.70 0.10
3987 1956 288 3990.00 7.50 14.40 1.19 5.30 0.80
3987 1956 289 8920.00 4.40 13.70 0.84 2.50 0.10
3987 1956 290 10770.00 1.20 15.60 0.76 4.60 0.00
3987 1956 291 8930.00 3.40 17.20 1.12 4.70 0.60
3987 1956 292 2650.00 11.90 15.70 1.45 4.60 10.40
3987 1956 293 6480.00 8.60 14.70 1.21 4.40 0.00
3987 1956 294 4350.00 7.00 15.50 1.17 3.60 0.00
3987 1956 295 8020.00 9.30 17.30 1.21 3.90 0.00
3987 1956 296 2890.00 7.90 14.20 1.17 4.20 0.00
3987 1956 297 8190.00 9.60 15.60 1.09 3.90 0.00
3987 1956 298 5940.00 9.40 17.90 1.16 4.90 0.00
3987 1956 299 4310.00 7.80 13.80 0.95 4.70 0.80
3987 1956 300 5780.00 3.10 9.30 0.71 2.50 2.70
3987 1956 301 520.00 3.50 6.90 0.91 5.20 19.60
3987 1956 302 680.00 6.70 8.50 1.04 3.30 3.00
3987 1956 303 1420.00 3.70 8.10 0.83 4.40 3.20
3987 1956 304 1060.00 0.70 3.70 0.64 4.60 1.20
3987 1956 305 8480.00 -4.90 1.50 0.35 5.20 0.00
3987 1956 306 6670.00 -7.30 2.60 0.44 2.80 0.30
3987 1956 307 1700.00 0.20 4.40 0.71 2.20 0.20
3987 1956 308 2190.00 0.70 3.20 0.65 2.20 0.10
3987 1956 309 1280.00 2.00 6.80 0.81 3.70 1.30
3987 1956 310 1950.00 3.10 8.50 0.80 7.40 2.90
3987 1956 311 2450.00 1.60 8.30 0.80 7.70 10.10
3987 1956 312 720.00 7.10 8.50 1.00 6.60 5.70
3987 1956 313 1160.00 2.40 7.50 0.75 3.60 0.00
3987 1956 314 5650.00 -1.30 4.60 0.53 5.00 0.00
3987 1956 315 800.00 -3.40 0.10 0.55 5.00 3.40
3987 1956 316 1170.00 0.00 5.60 0.77 3.50 1.60
3987 1956 317 1040.00 2.50 5.10 0.77 3.10 0.40
3987 1956 318 1630.00 0.10 3.70 0.63 2.40 0.00
3987 1956 319 1120.00 -0.10 3.60 0.65 2.30 0.00
3987 1956 320 1410.00 0.70 4.60 0.67 3.30 1.00
3987 1956 321 1790.00 0.90 8.00 0.91 5.00 0.10
3987 1956 322 880.00 5.80 8.20 0.95 4.80 0.60
3987 1956 323 1590.00 2.00 8.50 0.81 3.70 0.20
3987 1956 324 5650.00 -3.10 3.20 0.45 5.30 0.00
3987 1956 325 5690.00 -6.20 -0.10 0.33 6.10 0.00
3987 1956 326 5350.00 -8.30 0.90 0.33 4.30 0.00
3987 1956 327 840.00 -5.80 0.20 0.44 6.10 0.10
3987 1956 328 4970.00 -3.60 0.70 0.44 6.20 0.00
3987 1956 329 1040.00 -1.90 0.10 0.52 2.10 0.00
3987 1956 330 800.00 -6.00 1.30 0.51 7.10 8.20
3987 1956 331 1340.00 1.30 7.60 0.85 10.00 12.20
3987 1956 332 2240.00 2.10 8.50 0.73 10.60 6.50
3987 1956 333 2440.00 0.20 6.10 0.67 5.80 6.70
3987 1956 334 1830.00 -0.30 2.00 0.63 4.40 0.40
3987 1956 335 1840.00 -0.50 1.10 0.56 2.20 0.10
3987 1956 336 4350.00 -3.80 1.60 0.48 3.20 0.00
3987 1956 337 1790.00 -1.90 4.50 0.63 5.90 0.90
3987 1956 338 920.00 1.80 7.20 0.68 9.10 1.70
3987 1956 339 280.00 1.30 9.50 0.92 8.30 1.40
3987 1956 340 240.00 7.10 9.00 1.00 9.40 8.20
3987 1956 341 3550.00 0.80 8.70 0.77 7.90 0.00
3987 1956 342 920.00 -0.80 5.10 0.77 4.30 0.40
3987 1956 343 1314.81 2.40 5.60 0.64 2.40 0.10
3987 1956 344 970.00 2.40 7.70 0.89 4.00 0.10
3987 1956 345 440.00 4.40 7.10 0.84 5.60 0.00
3987 1956 346 560.00 4.70 6.30 0.76 5.00 2.80
3987 1956 347 1090.00 5.20 8.50 0.93 6.10 2.00
3987 1956 348 1790.00 3.60 9.30 0.85 6.40 0.30
3987 1956 349 2250.00 2.70 7.20 0.69 6.50 1.20
3987 1956 350 880.00 4.90 9.40 0.92 7.30 0.00
3987 1956 351 1920.00 8.30 11.60 0.88 7.10 0.00
3987 1956 352 3380.00 6.40 13.20 0.81 6.40 0.00
3987 1956 353 3130.00 2.20 9.30 0.69 5.40 0.00
3987 1956 354 440.00 0.00 5.90 0.73 3.00 0.00
3987 1956 355 1000.00 2.20 4.40 0.67 2.60 0.00
3987 1956 356 760.00 -0.60 3.00 0.53 2.20 2.70
3987 1956 357 680.00 -0.60 0.90 0.60 2.00 1.30
3987 1956 358 930.00 -0.70 0.30 0.53 1.70 0.30
3987 1956 359 800.00 -2.30 -0.60 0.51 4.70 7.10
3987 1956 360 1260.00 -6.40 -2.20 0.36 4.70 3.20
3987 1956 361 1120.00 -7.40 -6.00 0.31 4.50 1.00
3987 1956 362 1130.00 -7.60 -4.30 0.36 4.50 0.00
3987 1956 363 1300.00 -8.50 -5.30 0.32 5.90 0.00
3987 1956 364 2720.00 -11.00 -3.70 0.33 6.00 0.00
3987 1956 365 3580.00 -7.50 -1.10 0.36 5.00 0.00
3987 1956 366 3050.00 -9.80 -4.20 0.31 4.40 0.00
