*---------------------------------------------------------------------------*
* Station name: Potsdam Saekularstation
* Year: 1953
* Author: Pedro Alencar                                   -999.000: NIL VALUE
* Source: DWD
* Comments: Gaps filled with interpolation and storical means
* Longitude: 13.0622, latitude: 52.3812, altitude: 82.0 m.
*
    * Column  Daily value
    * 1       station number
    * 2       year
    * 3       day
    * 4       irradiation                   (kJ m-2 d-1)
    * 5       minimum temperature           (degrees Celsius
    * 6       maximum temperature           (degrees Celsius)
    * 7       early morning vapour pressure (kPa)
    * 8       mean wind speed (height: 2 m) (m s-1)
    * 9       precipitation                 (mm d-1)
    *
** WCCDESCRIPTION=Potsdam, Germany
** WCCFORMAT=2
** WCCYEARNR=1953
*---------------------------------------------------------------------------*
   13.0622 52.3812 82.0 -0.18 -0.55
3987 1953 1 400.00 -3.90 0.80 0.55 4.30 1.20
3987 1953 2 760.00 -1.80 0.00 0.56 3.20 9.90
3987 1953 3 440.00 -0.60 0.40 0.60 4.10 7.00
3987 1953 4 600.00 -0.30 0.90 0.55 4.90 1.60
3987 1953 5 1260.00 -4.40 0.20 0.45 3.60 1.30
3987 1953 6 3170.00 -6.60 -2.40 0.40 3.20 2.10
3987 1953 7 640.00 -4.10 0.20 0.55 3.60 0.60
3987 1953 8 1050.00 -1.30 0.80 0.55 2.50 0.00
3987 1953 9 2110.00 -4.50 -0.60 0.45 4.50 4.30
3987 1953 10 360.00 -0.60 0.70 0.57 4.90 2.30
3987 1953 11 1590.00 -2.10 0.10 0.51 3.50 0.20
3987 1953 12 930.00 -1.90 1.10 0.61 1.90 0.10
3987 1953 13 1040.00 -1.90 0.30 0.52 1.00 0.00
3987 1953 14 1080.00 -6.00 -1.90 0.35 1.30 0.00
3987 1953 15 1000.00 -9.00 -4.80 0.33 3.60 4.30
3987 1953 16 600.00 -4.80 1.20 0.63 4.90 0.00
3987 1953 17 1550.00 0.30 2.00 0.63 2.00 0.00
3987 1953 18 560.00 -0.60 1.40 0.61 3.70 0.60
3987 1953 19 1250.00 -1.90 2.10 0.61 4.70 0.30
3987 1953 20 3250.00 -7.60 0.00 0.48 2.90 0.10
3987 1953 21 1380.00 -0.10 2.00 0.64 6.60 0.70
3987 1953 22 320.00 0.60 2.40 0.64 5.90 0.90
3987 1953 23 2640.00 -0.60 0.90 0.51 3.50 0.80
3987 1953 24 2030.00 0.00 3.10 0.64 5.10 0.10
3987 1953 25 920.00 -0.30 2.20 0.52 3.10 0.00
3987 1953 26 5460.00 -6.60 0.20 0.36 2.90 0.00
3987 1953 27 680.00 -5.50 4.20 0.57 8.20 10.80
3987 1953 28 360.00 2.70 9.20 0.89 11.10 2.50
3987 1953 29 440.00 6.80 9.20 0.97 11.10 1.80
3987 1953 30 1960.00 4.00 8.20 0.89 5.10 0.10
3987 1953 31 2650.00 2.40 8.90 0.75 6.80 4.40
3987 1953 32 1290.00 0.20 2.50 0.63 5.60 5.60
3987 1953 33 1910.00 0.40 2.80 0.61 4.50 1.00
3987 1953 34 640.00 -0.60 1.90 0.60 4.70 1.00
3987 1953 35 1990.00 -2.50 -0.50 0.48 6.90 14.20
3987 1953 36 2660.00 -3.60 -0.20 0.48 6.40 1.70
3987 1953 37 2940.00 -6.10 -3.50 0.36 3.40 1.10
3987 1953 38 6230.00 -10.90 -4.40 0.28 2.80 1.20
3987 1953 39 7920.00 -15.20 -7.50 0.19 2.90 0.00
3987 1953 40 4900.00 -18.20 -5.80 0.25 5.40 2.70
3987 1953 41 5500.00 -5.80 4.20 0.57 5.70 2.70
3987 1953 42 6490.00 -1.00 4.20 0.55 4.50 7.00
3987 1953 43 1600.00 -3.10 -0.60 0.47 3.00 0.00
3987 1953 44 3920.00 -4.30 -1.20 0.41 2.10 0.00
3987 1953 45 3950.00 -4.20 -2.20 0.39 1.40 0.00
3987 1953 46 5130.00 -4.20 0.70 0.44 1.30 0.00
3987 1953 47 4450.00 -4.10 -0.70 0.44 2.40 0.00
3987 1953 48 2930.00 -5.30 1.00 0.52 6.40 1.20
3987 1953 49 3390.00 0.60 2.60 0.60 5.90 0.10
3987 1953 50 1540.00 1.60 5.50 0.79 6.90 1.30
3987 1953 51 1380.00 3.60 6.90 0.83 5.20 0.00
3987 1953 52 2240.00 5.20 9.40 0.81 10.10 0.20
3987 1953 53 2320.00 5.90 9.20 0.95 8.80 0.30
3987 1953 54 3120.00 2.90 9.60 0.81 7.80 0.00
3987 1953 55 7050.00 4.60 8.70 0.77 6.10 0.20
3987 1953 56 4430.00 3.60 9.90 0.81 2.20 0.00
3987 1953 57 9870.00 2.30 13.20 0.69 3.40 0.00
3987 1953 58 10550.00 1.30 15.40 0.60 3.50 0.00
3987 1953 59 7380.00 0.10 9.40 0.65 4.00 0.00
3987 1953 60 8230.00 -0.70 5.80 0.52 1.30 0.00
3987 1953 61 12520.00 -3.40 7.90 0.52 2.60 0.10
3987 1953 62 3660.00 -3.50 3.90 0.61 5.80 0.00
3987 1953 63 3090.00 0.40 5.60 0.71 6.20 0.80
3987 1953 64 4990.00 0.80 6.10 0.63 3.20 0.00
3987 1953 65 2280.00 0.20 5.20 0.68 5.60 0.10
3987 1953 66 3660.00 1.00 5.40 0.65 6.90 3.20
3987 1953 67 12730.00 -1.90 6.50 0.43 2.90 0.00
3987 1953 68 2670.00 -2.70 5.40 0.61 4.80 0.00
3987 1953 69 14510.00 -0.10 7.60 0.44 5.50 0.00
3987 1953 70 7420.00 -1.60 7.00 0.59 2.60 0.00
3987 1953 71 8770.00 -1.60 7.50 0.52 4.30 0.00
3987 1953 72 8550.00 -4.10 8.90 0.55 5.10 0.00
3987 1953 73 16120.00 -5.60 5.50 0.28 3.60 0.00
3987 1953 74 16780.00 -6.10 10.60 0.31 4.40 0.00
3987 1953 75 15480.00 -2.10 14.20 0.49 6.00 0.00
3987 1953 76 15160.00 -0.50 15.90 0.56 5.40 0.00
3987 1953 77 16320.00 0.20 14.40 0.51 4.10 0.00
3987 1953 78 16520.00 -1.30 14.90 0.51 4.70 0.00
3987 1953 79 15640.00 -0.50 17.80 0.59 4.10 0.00
3987 1953 80 13420.00 1.80 16.80 0.59 1.80 0.00
3987 1953 81 13420.00 0.30 17.00 0.65 2.10 0.00
3987 1953 82 14030.00 1.90 16.90 0.67 2.00 0.00
3987 1953 83 14210.00 0.90 16.00 0.69 3.50 0.00
3987 1953 84 15130.00 5.50 18.30 0.81 4.70 0.00
3987 1953 85 15480.00 4.70 19.90 0.61 4.30 0.00
3987 1953 86 11340.00 2.90 12.70 0.51 5.90 0.00
3987 1953 87 15690.00 -1.90 11.60 0.52 5.10 1.60
3987 1953 88 8150.00 8.10 15.10 0.81 7.40 0.00
3987 1953 89 13040.00 10.50 19.90 0.75 7.50 1.10
3987 1953 90 10010.00 4.50 17.10 0.67 8.20 1.40
3987 1953 91 15610.00 1.00 13.40 0.60 4.70 0.00
3987 1953 92 17050.00 5.90 19.60 0.72 4.60 0.00
3987 1953 93 14260.00 9.70 23.70 0.96 5.50 0.00
3987 1953 94 19220.00 8.80 26.40 0.80 4.90 0.00
3987 1953 95 9580.00 5.50 17.00 0.80 5.00 4.10
3987 1953 96 12300.00 5.10 13.40 0.76 4.50 1.70
3987 1953 97 11380.00 4.20 11.00 0.77 6.70 2.50
3987 1953 98 17720.00 -0.60 11.50 0.57 3.10 0.00
3987 1953 99 7150.00 0.80 12.10 0.64 3.50 0.60
3987 1953 100 22440.00 1.40 13.10 0.41 5.20 0.00
3987 1953 101 24140.00 -1.80 14.40 0.41 5.10 0.00
3987 1953 102 22480.00 1.20 20.20 0.51 5.90 0.00
3987 1953 103 16450.00 7.10 22.30 0.83 5.40 3.30
3987 1953 104 12510.00 5.90 13.00 0.77 2.10 1.40
3987 1953 105 13330.00 4.90 13.90 0.75 2.90 1.00
3987 1953 106 19310.00 4.10 18.60 0.79 2.50 0.00
3987 1953 107 21970.00 2.20 18.90 0.64 3.00 0.00
3987 1953 108 21200.00 0.90 18.40 0.69 2.00 0.00
3987 1953 109 22590.00 5.00 15.20 0.68 4.20 0.00
3987 1953 110 25690.00 -0.60 13.00 0.35 4.70 0.00
3987 1953 111 24340.00 1.10 17.30 0.28 2.40 0.00
3987 1953 112 23750.00 3.40 19.40 0.52 2.50 0.00
3987 1953 113 24640.00 3.90 18.50 0.53 4.20 0.00
3987 1953 114 25300.00 3.90 19.90 0.52 3.60 0.00
3987 1953 115 15470.00 4.40 15.00 0.79 4.20 0.00
3987 1953 116 22390.00 2.40 15.40 0.56 2.30 0.00
3987 1953 117 22740.00 2.90 20.20 0.61 7.50 0.00
3987 1953 118 5170.00 10.10 16.20 1.13 4.20 3.10
3987 1953 119 20440.00 4.60 16.90 0.77 4.40 0.00
3987 1953 120 23400.00 3.30 17.90 0.67 2.50 0.00
3987 1953 121 24470.00 6.90 23.60 0.84 3.60 0.00
3987 1953 122 24590.00 9.80 25.80 0.88 4.30 0.00
3987 1953 123 23120.00 11.80 26.10 0.85 3.30 0.00
3987 1953 124 19150.00 9.60 21.10 0.85 3.60 0.00
3987 1953 125 8040.00 9.50 13.30 0.96 5.00 0.00
3987 1953 126 8710.00 7.70 14.90 0.95 5.00 5.90
3987 1953 127 11420.00 4.00 11.90 0.69 4.00 0.00
3987 1953 128 17210.00 -1.60 10.30 0.53 3.10 0.20
3987 1953 129 10720.00 2.60 7.70 0.53 3.90 0.10
3987 1953 130 14200.00 0.90 9.70 0.57 5.20 0.20
3987 1953 131 7380.00 2.50 7.70 0.75 5.10 0.00
3987 1953 132 12310.00 3.50 11.50 0.68 3.20 0.80
3987 1953 133 14820.00 4.00 12.10 0.80 2.40 0.00
3987 1953 134 19750.00 2.40 16.00 0.84 2.30 0.00
3987 1953 135 21090.00 4.40 21.40 0.95 3.50 0.00
3987 1953 136 24340.00 10.90 27.40 1.13 5.00 0.00
3987 1953 137 18380.00 13.60 27.90 1.47 2.80 1.70
3987 1953 138 23590.00 10.80 25.40 1.25 2.40 0.00
3987 1953 139 23150.00 15.20 29.20 1.25 5.10 0.00
3987 1953 140 27260.00 14.20 30.70 1.31 3.70 0.00
3987 1953 141 20800.00 16.70 32.50 1.52 3.40 0.00
3987 1953 142 20420.00 16.00 30.50 1.49 2.90 0.30
3987 1953 143 26070.00 15.70 27.60 1.65 2.50 0.00
3987 1953 144 26440.00 16.30 28.50 1.60 3.60 0.00
3987 1953 145 29540.00 12.50 26.30 1.25 2.80 0.00
3987 1953 146 25320.00 11.50 31.20 1.32 5.90 3.90
3987 1953 147 5300.00 10.50 17.80 1.23 6.00 1.80
3987 1953 148 17810.00 8.00 18.50 0.87 6.40 0.00
3987 1953 149 12520.00 8.10 15.40 0.87 5.70 4.10
3987 1953 150 15690.00 8.10 15.80 1.00 3.30 3.00
3987 1953 151 13820.00 7.60 15.30 0.97 2.90 1.70
3987 1953 152 16190.00 6.50 15.60 0.96 3.80 1.00
3987 1953 153 18370.00 5.90 15.90 0.81 3.50 0.20
3987 1953 154 4160.00 7.60 10.40 1.07 4.40 26.10
3987 1953 155 13770.00 7.30 15.60 1.05 4.20 2.60
3987 1953 156 19310.00 6.50 20.70 0.97 2.60 0.00
3987 1953 157 25060.00 10.70 24.60 1.16 2.10 0.00
3987 1953 158 26990.00 10.70 24.10 1.11 5.10 0.00
3987 1953 159 14300.00 14.00 22.10 1.39 6.70 8.90
3987 1953 160 11210.00 14.10 23.10 1.92 5.90 11.20
3987 1953 161 24420.00 16.40 28.40 1.89 4.50 0.00
3987 1953 162 7790.00 16.50 22.30 2.09 1.90 45.40
3987 1953 163 3840.00 15.20 18.50 1.77 2.10 5.40
3987 1953 164 7680.00 13.10 18.40 1.63 1.30 0.10
3987 1953 165 22410.00 14.40 23.80 1.69 1.70 0.00
3987 1953 166 15530.00 14.30 23.90 1.73 2.00 0.90
3987 1953 167 16870.00 15.30 25.00 1.83 2.30 2.40
3987 1953 168 17120.00 15.20 23.20 1.72 2.10 0.00
3987 1953 169 10170.00 13.30 20.00 1.71 4.00 11.30
3987 1953 170 23740.00 12.60 20.20 1.28 4.80 0.00
3987 1953 171 19820.00 12.20 25.40 1.41 2.90 0.00
3987 1953 172 27370.00 13.80 28.40 1.40 3.90 0.00
3987 1953 173 25770.00 14.60 27.90 1.41 5.70 0.00
3987 1953 174 27810.00 17.70 29.40 1.48 5.30 0.00
3987 1953 175 18870.00 17.10 28.00 1.72 4.00 12.70
3987 1953 176 15020.00 16.50 25.70 2.04 3.30 1.40
3987 1953 177 13280.00 16.00 25.10 2.08 1.80 7.40
3987 1953 178 11900.00 16.80 25.70 2.03 2.70 18.90
3987 1953 179 21180.00 13.10 25.10 1.56 3.40 0.00
3987 1953 180 31060.00 13.20 26.80 1.44 2.90 0.00
3987 1953 181 30650.00 13.20 29.10 1.57 3.50 0.00
3987 1953 182 25310.00 17.40 30.70 1.72 3.40 0.00
3987 1953 183 27070.00 17.20 31.80 1.61 3.50 0.00
3987 1953 184 25950.00 18.50 31.80 1.71 2.80 0.00
3987 1953 185 20500.00 16.80 30.70 2.03 2.80 12.70
3987 1953 186 23530.00 15.70 22.60 1.47 5.20 0.00
3987 1953 187 18680.00 12.40 25.10 1.56 4.10 3.60
3987 1953 188 18960.00 16.10 25.10 1.79 5.10 0.00
3987 1953 189 8220.00 15.60 21.10 1.67 4.70 7.30
3987 1953 190 21930.00 11.10 23.90 1.23 3.40 0.00
3987 1953 191 7160.00 12.80 18.00 1.41 2.10 0.00
3987 1953 192 21120.00 10.20 20.10 1.33 3.70 4.40
3987 1953 193 19770.00 9.80 23.00 1.29 2.50 0.00
3987 1953 194 12850.00 12.90 22.20 1.48 3.90 2.00
3987 1953 195 18690.00 12.30 21.40 1.40 4.90 4.10
3987 1953 196 17700.00 11.60 20.90 1.37 5.60 5.20
3987 1953 197 19820.00 11.00 22.60 1.31 3.70 0.00
3987 1953 198 16690.00 13.80 27.60 1.52 3.40 2.80
3987 1953 199 10050.00 15.60 22.10 1.92 2.40 2.80
3987 1953 200 17440.00 12.20 21.70 1.45 4.30 2.90
3987 1953 201 19820.00 11.30 21.10 1.28 5.70 0.40
3987 1953 202 24370.00 14.20 26.20 1.75 3.90 0.00
3987 1953 203 21290.00 17.40 30.50 1.68 5.30 0.00
3987 1953 204 12670.00 17.00 24.80 1.91 4.00 2.40
3987 1953 205 19620.00 13.90 22.00 1.35 4.60 0.00
3987 1953 206 26000.00 12.90 26.70 1.31 3.00 0.00
3987 1953 207 22930.00 15.50 31.50 1.75 4.30 0.20
3987 1953 208 13330.00 14.00 22.60 1.52 3.80 4.40
3987 1953 209 22500.00 10.30 23.30 1.31 4.80 0.00
3987 1953 210 15430.00 14.20 22.10 1.40 1.70 0.00
3987 1953 211 11940.00 13.60 22.40 1.57 2.70 0.40
3987 1953 212 16450.00 11.40 21.70 1.23 4.70 11.00
3987 1953 213 19700.00 12.10 20.70 1.35 4.90 0.80
3987 1953 214 17050.00 12.00 19.70 1.27 4.60 2.60
3987 1953 215 18330.00 11.10 19.20 1.27 4.60 0.50
3987 1953 216 17920.00 9.40 19.20 1.13 4.10 2.00
3987 1953 217 10320.00 13.40 21.00 1.37 7.30 0.00
3987 1953 218 16260.00 12.60 19.70 1.23 7.80 0.10
3987 1953 219 13090.00 11.60 20.80 1.37 6.90 3.80
3987 1953 220 20020.00 9.90 21.10 1.21 4.10 0.00
3987 1953 221 25590.00 9.50 24.20 1.33 2.50 0.00
3987 1953 222 23970.00 13.20 28.80 1.16 3.30 0.00
3987 1953 223 22120.00 13.60 27.70 1.64 3.40 0.00
3987 1953 224 22740.00 13.00 28.30 1.35 4.40 0.00
3987 1953 225 25520.00 12.40 29.60 1.24 4.80 0.00
3987 1953 226 21490.00 13.00 31.30 1.39 4.00 0.00
3987 1953 227 19730.00 16.20 31.80 1.40 3.30 0.00
3987 1953 228 17080.00 17.80 32.40 1.35 4.80 0.00
3987 1953 229 19720.00 13.30 24.20 1.20 4.40 0.00
3987 1953 230 19080.00 12.20 24.90 1.07 3.50 0.10
3987 1953 231 22240.00 14.50 22.90 1.12 3.90 0.00
3987 1953 232 15120.00 13.60 27.30 1.41 4.10 0.30
3987 1953 233 8800.00 15.00 23.10 1.71 5.20 2.70
3987 1953 234 17850.00 12.20 21.30 1.08 5.80 0.00
3987 1953 235 12840.00 8.90 20.90 1.20 5.00 0.00
3987 1953 236 13280.00 10.10 24.40 1.35 5.00 0.80
3987 1953 237 12440.00 14.60 20.30 1.27 6.00 0.00
3987 1953 238 11120.00 12.50 20.50 1.27 4.60 0.00
3987 1953 239 17410.00 9.60 21.80 1.20 4.00 0.00
3987 1953 240 18060.00 9.80 21.40 1.12 3.40 0.10
3987 1953 241 5670.00 11.80 18.30 1.47 3.60 4.50
3987 1953 242 6380.00 12.60 22.20 1.76 4.10 2.20
3987 1953 243 15980.00 15.70 21.10 1.23 7.40 0.50
3987 1953 244 15570.00 12.10 21.60 1.33 3.90 0.00
3987 1953 245 18810.00 13.00 32.40 1.49 5.50 1.10
3987 1953 246 16070.00 15.80 24.60 1.23 7.20 0.00
3987 1953 247 9660.00 12.60 19.30 1.15 6.70 0.00
3987 1953 248 15090.00 10.90 19.30 1.07 4.80 0.00
3987 1953 249 20320.00 6.70 21.30 0.80 3.00 0.00
3987 1953 250 20280.00 5.70 20.80 0.73 2.40 0.00
3987 1953 251 19260.00 7.40 24.80 0.76 4.40 0.00
3987 1953 252 11600.00 9.30 22.70 1.23 6.30 0.00
3987 1953 253 14540.00 10.00 17.50 1.08 7.30 2.50
3987 1953 254 12160.00 7.40 15.60 1.16 4.80 4.70
3987 1953 255 8200.00 9.50 16.70 1.12 8.70 7.10
3987 1953 256 11110.00 8.10 16.90 1.09 7.30 3.60
3987 1953 257 17780.00 5.40 18.70 0.92 2.70 0.00
3987 1953 258 18700.00 4.50 17.60 0.81 5.30 0.00
3987 1953 259 17420.00 5.80 20.30 0.88 6.10 0.00
3987 1953 260 12760.00 7.70 20.90 1.21 3.90 2.50
3987 1953 261 4970.00 8.60 18.10 1.48 3.40 1.10
3987 1953 262 3620.00 12.90 17.90 1.73 3.40 0.40
3987 1953 263 3000.00 12.10 15.80 1.49 2.30 0.80
3987 1953 264 10880.00 9.90 19.20 1.28 4.20 0.30
3987 1953 265 10560.00 11.60 17.40 1.03 5.80 0.00
3987 1953 266 11470.00 7.60 22.80 1.00 5.40 0.00
3987 1953 267 8962.53 12.70 18.10 1.04 4.10 0.00
3987 1953 268 12560.00 8.00 20.60 0.97 3.00 0.00
3987 1953 269 13250.00 9.20 22.10 1.15 2.70 0.00
3987 1953 270 13990.00 8.40 23.20 1.05 4.40 0.00
3987 1953 271 10440.00 11.20 25.90 1.59 4.90 0.00
3987 1953 272 7880.00 9.60 17.90 1.03 4.40 0.00
3987 1953 273 13010.00 5.80 19.40 0.85 4.40 0.00
3987 1953 274 10640.00 9.70 22.40 1.35 5.20 0.00
3987 1953 275 8670.00 15.20 23.40 1.60 3.60 0.00
3987 1953 276 11400.00 12.80 24.10 1.39 3.50 0.00
3987 1953 277 3750.00 9.40 16.10 1.25 3.90 0.80
3987 1953 278 9390.00 6.60 13.50 0.88 6.80 0.00
3987 1953 279 6650.00 5.70 13.50 0.87 6.10 0.10
3987 1953 280 5620.00 3.40 11.50 0.93 2.80 0.10
3987 1953 281 6160.00 4.10 13.40 0.76 2.20 0.00
3987 1953 282 6350.00 4.50 13.10 0.77 2.80 0.00
3987 1953 283 9240.00 5.20 16.10 0.73 3.70 0.00
3987 1953 284 11160.00 2.50 18.90 0.76 3.90 0.00
3987 1953 285 11410.00 2.20 19.10 0.76 5.00 0.00
3987 1953 286 10760.00 5.60 17.80 0.89 4.60 0.00
3987 1953 287 9870.00 3.80 20.40 1.01 3.90 0.00
3987 1953 288 7650.00 6.30 19.90 1.19 2.40 0.00
3987 1953 289 5670.00 10.90 20.40 1.31 1.60 0.00
3987 1953 290 1510.00 10.20 14.60 1.37 1.80 3.00
3987 1953 291 1380.00 11.80 13.30 1.39 2.70 0.00
3987 1953 292 1500.00 11.60 14.70 1.44 1.90 0.00
3987 1953 293 7220.00 9.60 16.30 1.15 4.00 0.00
3987 1953 294 8600.00 2.70 11.80 0.73 3.70 0.00
3987 1953 295 7750.00 1.60 17.00 0.97 5.00 0.00
3987 1953 296 5180.00 4.60 14.30 1.00 3.30 0.00
3987 1953 297 6630.00 8.00 18.40 1.20 3.60 0.00
3987 1953 298 7410.00 4.50 17.40 1.04 3.80 0.00
3987 1953 299 5790.00 7.50 16.00 1.17 2.00 0.00
3987 1953 300 4520.00 6.00 16.80 1.15 3.80 0.00
3987 1953 301 7360.00 8.70 19.90 1.08 4.20 0.00
3987 1953 302 360.00 10.20 13.30 1.23 2.70 8.10
3987 1953 303 2240.00 7.80 11.90 1.04 2.50 0.00
3987 1953 304 5090.00 6.40 11.50 0.88 3.20 0.00
3987 1953 305 6760.00 2.20 11.70 0.79 5.80 0.00
3987 1953 306 3500.00 3.40 10.20 0.77 5.20 0.10
3987 1953 307 1440.00 2.80 7.10 0.83 3.60 4.30
3987 1953 308 2940.00 4.90 9.60 0.92 3.10 0.10
3987 1953 309 2980.00 3.00 9.80 0.81 3.30 0.00
3987 1953 310 1810.00 3.40 7.20 0.81 2.90 0.00
3987 1953 311 4240.00 4.00 10.70 0.84 3.20 0.00
3987 1953 312 1240.00 3.40 8.20 0.84 4.70 0.30
3987 1953 313 6090.00 2.30 13.10 0.67 4.60 0.00
3987 1953 314 1080.00 1.40 7.80 0.77 3.70 0.10
3987 1953 315 2400.00 -1.90 5.30 0.65 3.90 0.10
3987 1953 316 1870.00 3.00 9.60 0.81 5.80 0.00
3987 1953 317 1830.00 7.90 11.40 0.96 6.30 2.60
3987 1953 318 520.00 6.30 9.80 1.09 4.50 18.60
3987 1953 319 1790.00 6.90 10.00 1.03 3.90 0.30
3987 1953 320 2210.00 -0.20 7.10 0.59 3.30 0.00
3987 1953 321 5550.00 -3.00 6.40 0.53 3.50 0.00
3987 1953 322 4230.00 -1.30 7.40 0.48 4.00 0.00
3987 1953 323 760.00 -1.30 7.00 0.83 5.00 0.00
3987 1953 324 360.00 5.90 8.70 1.00 7.00 5.40
3987 1953 325 1000.00 7.80 9.70 0.97 7.40 0.10
3987 1953 326 640.00 6.50 8.00 0.88 5.80 0.00
3987 1953 327 760.00 4.50 6.90 0.80 2.60 0.00
3987 1953 328 5010.00 -3.00 4.50 0.44 5.50 0.00
3987 1953 329 4770.00 -5.40 1.80 0.39 4.80 0.00
3987 1953 330 3740.00 -6.30 0.50 0.44 4.40 0.00
3987 1953 331 2490.00 -0.40 4.90 0.55 5.00 0.00
3987 1953 332 3920.00 0.30 8.80 0.47 5.90 0.00
3987 1953 333 1210.00 6.50 11.90 0.93 7.60 0.00
3987 1953 334 3580.00 8.40 14.40 1.01 7.20 0.00
3987 1953 335 2040.00 5.50 12.30 0.81 6.70 0.00
3987 1953 336 3420.00 1.90 10.20 0.89 5.00 0.20
3987 1953 337 3220.00 3.40 10.90 0.89 5.30 0.10
3987 1953 338 3220.00 8.50 15.40 0.96 5.80 0.00
3987 1953 339 720.00 6.90 10.20 0.89 3.30 0.00
3987 1953 340 1640.00 1.40 7.50 0.75 4.30 0.00
3987 1953 341 560.00 -0.10 1.70 0.64 6.80 0.00
3987 1953 342 2410.00 0.30 7.00 0.75 4.20 0.00
3987 1953 343 2494.60 -2.00 2.90 0.63 2.20 0.10
3987 1953 344 960.00 -1.10 4.30 0.73 3.80 9.40
3987 1953 345 200.00 2.90 5.60 0.81 1.30 0.40
3987 1953 346 480.00 2.80 5.20 0.83 1.70 0.10
3987 1953 347 1290.00 3.40 5.40 0.80 3.10 0.00
3987 1953 348 3060.00 -1.60 4.40 0.51 4.30 0.00
3987 1953 349 2600.00 -3.20 2.30 0.52 4.40 0.00
3987 1953 350 1590.00 -2.10 1.90 0.53 4.80 0.00
3987 1953 351 1960.00 -3.30 1.20 0.41 4.20 0.00
3987 1953 352 2570.00 -6.60 -1.20 0.36 4.70 0.00
3987 1953 353 2030.00 -3.70 1.50 0.43 4.80 0.00
3987 1953 354 520.00 -3.90 -1.00 0.45 2.40 0.00
3987 1953 355 720.00 -1.70 0.80 0.55 3.20 0.00
3987 1953 356 680.00 -1.80 0.50 0.49 2.00 0.00
3987 1953 357 1040.00 -2.20 0.90 0.53 2.80 0.00
3987 1953 358 800.00 0.50 3.60 0.73 3.10 0.00
3987 1953 359 2450.00 -0.60 4.30 0.67 4.00 0.00
3987 1953 360 1080.00 -2.00 1.90 0.64 3.30 4.00
3987 1953 361 1100.00 0.20 6.40 0.69 8.40 6.20
3987 1953 362 560.00 2.70 3.90 0.75 7.00 1.30
3987 1953 363 1550.00 0.70 3.00 0.56 3.60 0.00
3987 1953 364 2440.00 -2.20 1.60 0.49 3.00 0.10
3987 1953 365 1710.00 -5.30 0.10 0.41 2.20 0.00
