*---------------------------------------------------------------------------*
* Station name: Potsdam Saekularstation
* Year: 1983
* Author: Pedro Alencar                                   -999.000: NIL VALUE
* Source: DWD
* Comments: Gaps filled with interpolation and storical means
* Longitude: 13.0622, latitude: 52.3812, altitude: 82.0 m.
*
    * Column  Daily value
    * 1       station number
    * 2       year
    * 3       day
    * 4       irradiation                   (kJ m-2 d-1)
    * 5       minimum temperature           (degrees Celsius
    * 6       maximum temperature           (degrees Celsius)
    * 7       early morning vapour pressure (kPa)
    * 8       mean wind speed (height: 2 m) (m s-1)
    * 9       precipitation                 (mm d-1)
    *
** WCCDESCRIPTION=Potsdam, Germany
** WCCFORMAT=2
** WCCYEARNR=1983
*---------------------------------------------------------------------------*
   13.0622 52.3812 82.0 -0.18 -0.55
3987 1983 1 740.00 -0.10 2.60 0.57 3.70 0.60
3987 1983 2 790.00 0.20 3.80 0.59 5.50 0.80
3987 1983 3 1000.00 -1.40 4.30 0.62 5.20 7.80
3987 1983 4 490.00 4.30 9.90 0.94 9.40 5.40
3987 1983 5 2360.00 1.10 8.80 0.73 5.70 0.80
3987 1983 6 1230.00 6.00 13.60 1.03 6.30 0.00
3987 1983 7 2140.00 3.30 9.90 0.67 6.50 1.10
3987 1983 8 1010.00 3.00 6.00 0.67 6.90 3.20
3987 1983 9 1340.00 1.50 6.00 0.63 8.00 0.50
3987 1983 10 1350.00 4.10 6.40 0.67 7.60 0.10
3987 1983 11 900.00 5.40 10.00 0.87 5.70 0.00
3987 1983 12 1120.00 2.50 8.20 0.68 4.40 0.00
3987 1983 13 2840.00 0.80 6.40 0.58 6.90 0.00
3987 1983 14 1740.00 0.70 6.50 0.50 8.70 3.10
3987 1983 15 1800.00 -0.20 4.50 0.62 9.00 1.70
3987 1983 16 1650.00 1.40 5.60 0.66 8.30 15.70
3987 1983 17 270.00 2.20 7.90 0.83 10.50 4.30
3987 1983 18 1970.00 1.30 8.00 0.62 12.70 2.50
3987 1983 19 2250.00 -1.10 2.70 0.51 8.70 0.80
3987 1983 20 4460.00 -2.30 1.80 0.45 6.50 0.50
3987 1983 21 320.00 -0.10 6.40 0.70 10.80 0.00
3987 1983 22 1970.00 0.10 7.50 0.75 9.60 0.00
3987 1983 23 500.00 3.30 6.40 0.59 5.40 0.00
3987 1983 24 4190.00 -0.10 4.10 0.51 3.40 0.00
3987 1983 25 1320.00 -0.80 5.20 0.54 5.10 3.30
3987 1983 26 3020.00 2.70 8.60 0.78 6.00 0.00
3987 1983 27 1370.00 4.40 13.40 0.93 9.00 2.40
3987 1983 28 2060.00 6.00 9.30 0.83 8.10 8.40
3987 1983 29 1460.00 6.20 9.00 0.75 8.90 1.50
3987 1983 30 2620.00 2.00 7.60 0.64 7.00 1.00
3987 1983 31 1550.00 0.50 4.80 0.54 7.60 7.20
3987 1983 32 1110.00 0.20 11.40 0.67 10.50 6.70
3987 1983 33 1690.00 0.30 5.90 0.51 10.60 4.70
3987 1983 34 2000.00 -1.30 1.40 0.51 6.50 4.00
3987 1983 35 5800.00 -2.20 3.10 0.46 6.20 0.00
3987 1983 36 2030.00 -4.40 0.90 0.41 6.70 4.50
3987 1983 37 5110.00 -3.60 2.80 0.48 3.80 0.20
3987 1983 38 1770.00 -2.40 0.30 0.49 2.30 2.70
3987 1983 39 2930.00 -3.40 -1.50 0.41 1.00 0.30
3987 1983 40 3400.00 -5.50 1.00 0.41 3.60 0.00
3987 1983 41 1290.00 -6.60 -2.00 0.37 2.70 2.10
3987 1983 42 1380.00 -3.50 -0.50 0.43 3.30 0.10
3987 1983 43 1690.00 -1.60 -0.30 0.45 4.60 0.90
3987 1983 44 8120.00 -5.70 0.20 0.36 1.90 0.00
3987 1983 45 4680.00 -9.40 -0.70 0.32 1.30 0.00
3987 1983 46 7840.00 -5.70 -1.30 0.33 2.60 0.00
3987 1983 47 3130.00 -11.80 -3.00 0.29 2.50 0.00
3987 1983 48 6700.00 -6.50 2.30 0.38 3.40 0.00
3987 1983 49 1560.00 -6.00 0.20 0.43 3.90 0.00
3987 1983 50 2730.00 -0.40 1.20 0.47 3.50 0.10
3987 1983 51 1800.00 -1.70 2.80 0.51 4.00 0.20
3987 1983 52 9560.00 -4.60 0.90 0.33 4.50 0.00
3987 1983 53 9630.00 -10.40 1.40 0.32 2.70 0.00
3987 1983 54 8520.00 -7.40 3.30 0.36 2.30 0.00
3987 1983 55 9660.00 -7.20 6.10 0.36 3.90 0.00
3987 1983 56 10190.00 -6.10 6.60 0.37 4.00 0.00
3987 1983 57 2870.00 -4.50 5.60 0.50 5.20 0.90
3987 1983 58 3110.00 2.50 7.40 0.81 3.10 0.90
3987 1983 59 2890.00 2.20 5.90 0.69 4.40 2.20
3987 1983 60 7760.00 0.00 7.10 0.57 2.40 0.00
3987 1983 61 1280.00 -1.80 3.50 0.55 1.80 0.00
3987 1983 62 6070.00 -0.50 3.80 0.48 1.40 0.00
3987 1983 63 9430.00 -2.90 8.10 0.48 3.50 0.00
3987 1983 64 9780.00 0.00 9.50 0.62 7.20 2.00
3987 1983 65 890.00 5.60 8.10 0.83 10.00 1.00
3987 1983 66 5810.00 6.90 10.20 0.73 10.80 0.20
3987 1983 67 2170.00 6.40 10.00 0.82 8.10 0.00
3987 1983 68 2370.00 5.80 9.20 0.79 7.70 0.00
3987 1983 69 3350.00 6.00 10.50 0.87 8.40 0.60
3987 1983 70 5570.00 3.10 8.90 0.68 9.00 1.10
3987 1983 71 12520.00 -4.10 6.40 0.43 2.40 0.00
3987 1983 72 13470.00 -4.70 7.10 0.40 4.50 0.00
3987 1983 73 6000.00 -1.00 13.00 0.64 5.00 0.00
3987 1983 74 6660.00 2.90 12.40 0.69 3.10 0.00
3987 1983 75 2660.00 4.80 8.20 0.78 2.50 0.00
3987 1983 76 9270.00 2.80 12.50 0.75 3.30 0.50
3987 1983 77 2720.00 7.70 11.80 1.09 5.00 1.40
3987 1983 78 2270.00 8.10 11.30 1.11 2.00 9.80
3987 1983 79 2630.00 8.30 12.10 1.07 1.50 1.20
3987 1983 80 6720.00 7.20 10.00 0.83 5.00 1.10
3987 1983 81 8710.00 1.80 8.10 0.57 9.30 1.40
3987 1983 82 5910.00 0.10 7.90 0.60 8.30 4.10
3987 1983 83 6430.00 4.90 12.30 0.76 7.50 0.40
3987 1983 84 8920.00 1.50 8.20 0.58 5.40 0.10
3987 1983 85 2870.00 -0.20 3.40 0.59 3.20 6.80
3987 1983 86 10890.00 -1.10 7.90 0.55 4.10 0.10
3987 1983 87 9590.00 0.70 9.40 0.58 3.30 2.00
3987 1983 88 11160.00 -1.00 8.20 0.54 4.50 0.10
3987 1983 89 5220.00 -1.00 7.40 0.56 6.40 0.00
3987 1983 90 10590.00 2.60 13.50 0.66 4.80 0.20
3987 1983 91 4960.00 6.00 12.20 0.88 3.70 7.70
3987 1983 92 1340.00 4.40 8.30 0.78 3.30 5.00
3987 1983 93 1670.00 1.50 5.20 0.64 5.10 1.80
3987 1983 94 13470.00 -1.20 10.40 0.56 2.80 0.50
3987 1983 95 8880.00 1.50 9.50 0.61 3.80 1.10
3987 1983 96 5600.00 1.00 9.10 0.64 7.70 1.80
3987 1983 97 10640.00 0.80 10.30 0.64 5.30 0.40
3987 1983 98 4700.00 -0.30 8.50 0.79 3.90 6.50
3987 1983 99 10010.00 3.80 10.10 0.66 4.90 0.10
3987 1983 100 14630.00 2.10 14.40 0.69 3.00 2.90
3987 1983 101 10470.00 9.10 17.30 1.14 3.70 18.70
3987 1983 102 3800.00 4.40 10.40 0.78 5.60 0.20
3987 1983 103 12760.00 1.90 9.70 0.59 5.70 1.00
3987 1983 104 3630.00 1.30 6.50 0.69 4.70 6.50
3987 1983 105 5100.00 3.50 9.60 0.82 4.90 1.50
3987 1983 106 13600.00 5.10 15.80 0.81 3.40 0.00
3987 1983 107 20320.00 3.30 19.70 0.78 5.50 0.00
3987 1983 108 12650.00 8.30 20.00 0.89 4.90 0.00
3987 1983 109 12530.00 7.60 18.20 0.92 3.20 16.60
3987 1983 110 17150.00 3.90 15.80 0.78 5.00 0.30
3987 1983 111 15820.00 6.40 23.70 0.98 5.30 0.00
3987 1983 112 5780.00 9.00 19.60 0.95 5.80 0.40
3987 1983 113 21840.00 4.10 18.10 0.82 2.00 0.00
3987 1983 114 14090.00 10.40 19.90 1.09 3.70 0.00
3987 1983 115 19300.00 7.60 19.40 0.94 2.30 0.00
3987 1983 116 19650.00 7.90 22.70 0.99 4.30 0.40
3987 1983 117 9240.00 12.50 19.50 1.09 4.00 0.70
3987 1983 118 18610.00 7.30 19.40 0.80 4.80 0.00
3987 1983 119 13150.00 6.90 19.40 0.88 5.30 0.80
3987 1983 120 14600.00 4.00 19.20 0.78 3.30 0.00
3987 1983 121 11810.00 7.20 20.20 0.97 3.80 13.40
3987 1983 122 11650.00 9.50 15.80 0.97 5.70 1.10
3987 1983 123 15140.00 4.10 14.20 0.84 4.50 2.80
3987 1983 124 10580.00 6.10 13.50 0.84 4.70 7.00
3987 1983 125 7210.00 7.00 13.00 0.80 3.90 0.00
3987 1983 126 18410.00 3.40 18.40 0.83 2.90 0.00
3987 1983 127 23270.00 4.70 19.00 0.81 4.90 1.20
3987 1983 128 6000.00 9.30 16.40 1.10 2.50 9.50
3987 1983 129 14360.00 9.00 18.60 1.12 2.30 2.40
3987 1983 130 12720.00 6.90 18.60 1.02 3.40 15.40
3987 1983 131 16470.00 7.40 17.00 0.99 3.80 2.30
3987 1983 132 18920.00 7.00 19.70 1.04 5.50 1.70
3987 1983 133 14670.00 10.00 17.00 1.08 2.90 2.30
3987 1983 134 18590.00 8.20 19.20 1.10 2.80 4.30
3987 1983 135 10800.00 11.10 20.60 1.46 2.50 0.30
3987 1983 136 19860.00 14.80 26.40 1.73 3.60 7.20
3987 1983 137 24930.00 10.90 24.60 1.33 3.80 1.30
3987 1983 138 18440.00 12.20 21.00 1.17 5.20 0.00
3987 1983 139 12730.00 8.10 18.50 1.22 3.30 0.00
3987 1983 140 22050.00 6.40 21.20 1.10 3.10 0.00
3987 1983 141 22120.00 10.50 27.60 1.52 5.00 0.00
3987 1983 142 9130.00 11.60 23.00 1.24 3.00 1.90
3987 1983 143 4520.00 11.00 13.80 1.26 3.70 14.40
3987 1983 144 4320.00 10.10 13.10 1.32 3.00 5.50
3987 1983 145 5310.00 10.30 14.00 1.33 2.60 1.00
3987 1983 146 9350.00 10.90 16.10 1.20 3.00 0.00
3987 1983 147 8910.00 7.20 15.40 1.19 2.50 16.40
3987 1983 148 8400.00 8.70 13.40 1.13 2.00 0.00
3987 1983 149 17270.00 6.30 17.50 1.04 3.90 0.10
3987 1983 150 17430.00 7.10 16.20 1.05 4.30 0.00
3987 1983 151 21600.00 8.70 20.90 1.14 2.20 0.00
3987 1983 152 21990.00 11.50 28.90 1.39 3.60 0.00
3987 1983 153 11750.00 17.30 23.60 1.61 3.60 1.10
3987 1983 154 25850.00 10.40 22.50 1.19 4.40 0.00
3987 1983 155 22050.00 13.30 26.40 1.38 3.60 0.00
3987 1983 156 10180.00 14.30 24.50 1.41 4.20 5.70
3987 1983 157 20220.00 9.00 17.20 0.96 4.10 0.00
3987 1983 158 29360.00 5.20 20.80 0.79 3.50 0.00
3987 1983 159 28050.00 8.30 27.90 0.99 3.30 0.00
3987 1983 160 16810.00 16.00 23.80 1.52 4.30 0.00
3987 1983 161 18310.00 12.30 22.30 1.29 4.40 0.00
3987 1983 162 25730.00 10.40 21.90 1.07 2.00 0.00
3987 1983 163 20430.00 12.10 26.00 1.19 2.30 0.00
3987 1983 164 11790.00 13.30 23.40 1.51 2.70 0.90
3987 1983 165 7920.00 14.20 19.90 1.56 2.50 2.10
3987 1983 166 19680.00 9.30 18.30 0.97 4.90 0.00
3987 1983 167 10550.00 7.70 15.40 0.98 5.70 0.00
3987 1983 168 16630.00 6.60 15.80 0.97 4.20 0.00
3987 1983 169 14380.00 10.40 21.10 1.11 3.30 0.00
3987 1983 170 28960.00 8.50 26.10 0.96 4.00 0.00
3987 1983 171 28660.00 9.10 27.50 0.99 3.40 0.00
3987 1983 172 24900.00 13.10 29.50 1.26 4.10 0.00
3987 1983 173 28650.00 11.80 25.60 0.95 5.20 0.00
3987 1983 174 29090.00 10.50 27.60 0.80 3.80 0.00
3987 1983 175 26510.00 12.30 31.30 0.98 2.20 0.30
3987 1983 176 16660.00 16.00 26.50 1.52 3.00 1.70
3987 1983 177 19970.00 12.10 24.70 1.33 2.30 0.20
3987 1983 178 13270.00 14.50 22.40 1.53 3.00 3.40
3987 1983 179 22160.00 9.80 17.70 1.02 6.70 0.40
3987 1983 180 10680.00 7.70 16.90 1.15 4.50 0.40
3987 1983 181 10950.00 14.00 22.60 1.50 3.60 2.20
3987 1983 182 11190.00 14.30 18.90 1.46 3.60 0.00
3987 1983 183 28270.00 8.70 23.70 1.06 2.50 0.00
3987 1983 184 14830.00 15.50 24.40 1.40 1.70 0.00
3987 1983 185 25910.00 12.20 24.50 1.32 3.00 0.00
3987 1983 186 26750.00 12.50 28.10 1.28 2.70 0.00
3987 1983 187 23830.00 16.10 31.40 1.41 3.90 0.00
3987 1983 188 21920.00 18.80 32.70 1.54 4.80 0.00
3987 1983 189 28030.00 17.50 31.00 1.06 4.40 0.00
3987 1983 190 27760.00 11.70 31.70 1.28 2.90 0.00
3987 1983 191 22780.00 15.60 30.90 1.44 2.80 0.00
3987 1983 192 22110.00 16.70 32.60 1.62 3.40 0.00
3987 1983 193 25350.00 16.50 32.20 1.63 4.00 0.00
3987 1983 194 18080.00 15.60 28.90 1.53 7.50 0.00
3987 1983 195 19320.00 13.30 24.40 1.53 5.10 0.00
3987 1983 196 24950.00 12.70 28.50 1.50 4.40 0.00
3987 1983 197 20150.00 18.20 29.50 1.68 5.40 0.00
3987 1983 198 24070.00 13.50 30.20 1.49 2.30 0.00
3987 1983 199 16050.00 19.50 30.80 1.77 3.80 6.00
3987 1983 200 17770.00 17.20 28.00 1.74 4.10 0.90
3987 1983 201 15460.00 10.70 21.40 0.97 6.80 0.00
3987 1983 202 25860.00 8.00 21.60 0.89 6.10 0.00
3987 1983 203 24160.00 12.30 28.10 1.33 5.70 0.00
3987 1983 204 26930.00 13.10 30.30 1.53 2.90 0.00
3987 1983 205 26160.00 16.10 30.50 1.34 3.50 0.00
3987 1983 206 26490.00 14.30 29.40 1.19 2.80 0.00
3987 1983 207 25740.00 15.50 32.10 1.17 3.50 0.00
3987 1983 208 19010.00 18.60 32.60 1.52 4.80 0.00
3987 1983 209 18090.00 17.60 25.90 1.64 3.80 0.00
3987 1983 210 10610.00 13.60 22.00 1.50 6.20 1.90
3987 1983 211 23850.00 16.50 25.40 1.39 6.00 0.00
3987 1983 212 26770.00 11.30 30.80 1.03 2.90 0.00
3987 1983 213 20790.00 17.10 36.50 1.32 5.30 3.50
3987 1983 214 16560.00 16.00 29.10 1.36 3.80 0.00
3987 1983 215 3370.00 12.00 20.80 1.19 4.30 9.80
3987 1983 216 4800.00 10.80 12.80 1.22 6.90 31.50
3987 1983 217 2260.00 11.20 14.40 1.40 5.20 28.50
3987 1983 218 12120.00 12.40 20.50 1.42 2.30 0.00
3987 1983 219 15220.00 12.80 24.70 1.45 2.20 0.00
3987 1983 220 18870.00 13.20 25.80 1.62 2.70 0.00
3987 1983 221 22500.00 13.60 28.10 1.55 2.20 0.00
3987 1983 222 21820.00 13.30 28.50 1.56 1.40 0.00
3987 1983 223 21940.00 14.70 28.80 1.46 2.60 0.00
3987 1983 224 21110.00 12.80 23.10 1.39 3.80 1.30
3987 1983 225 12490.00 11.90 21.30 1.21 6.50 0.00
3987 1983 226 17210.00 11.50 19.40 0.98 4.50 0.00
3987 1983 227 22800.00 8.80 23.80 1.07 3.50 0.00
3987 1983 228 19210.00 13.90 28.10 1.35 5.00 0.00
3987 1983 229 18650.00 14.70 26.70 1.49 3.00 0.00
3987 1983 230 17430.00 14.30 26.80 1.66 2.20 0.00
3987 1983 231 18870.00 15.50 29.70 1.62 3.60 0.00
3987 1983 232 20060.00 15.30 29.10 1.37 4.00 0.00
3987 1983 233 19560.00 15.00 29.20 1.49 3.90 0.00
3987 1983 234 15050.00 16.10 29.60 1.55 2.50 0.00
3987 1983 235 9230.00 17.70 27.10 1.91 2.00 1.40
3987 1983 236 14290.00 17.20 26.80 1.90 3.50 0.90
3987 1983 237 17470.00 15.50 26.40 1.77 3.30 0.00
3987 1983 238 18920.00 13.20 27.20 1.54 2.20 0.00
3987 1983 239 19150.00 13.70 25.00 1.46 2.90 0.00
3987 1983 240 9580.00 12.10 22.50 1.39 3.00 0.00
3987 1983 241 17420.00 8.50 24.00 1.18 1.90 0.00
3987 1983 242 19890.00 11.80 26.20 1.01 2.40 0.00
3987 1983 243 18860.00 13.00 28.40 1.01 3.70 0.00
3987 1983 244 15550.00 14.50 29.60 1.51 4.90 0.30
3987 1983 245 8800.00 16.50 24.40 1.74 3.50 0.00
3987 1983 246 12340.00 15.10 23.70 1.25 6.50 1.30
3987 1983 247 13670.00 12.00 20.80 1.16 6.30 0.00
3987 1983 248 11390.00 12.40 23.00 1.03 8.30 0.00
3987 1983 249 15240.00 10.50 20.40 0.91 7.30 0.00
3987 1983 250 7110.00 7.70 15.60 0.87 8.70 0.10
3987 1983 251 10840.00 10.00 16.10 0.86 5.30 0.00
3987 1983 252 8230.00 9.60 20.50 1.26 5.10 1.50
3987 1983 253 5150.00 12.10 19.40 1.65 4.40 6.90
3987 1983 254 12080.00 12.00 20.70 1.22 5.20 0.00
3987 1983 255 6330.00 9.50 16.10 0.99 5.40 0.00
3987 1983 256 6450.00 10.10 16.30 1.06 5.60 2.60
3987 1983 257 4890.00 6.90 16.90 1.34 5.10 7.30
3987 1983 258 11750.00 12.50 23.00 1.65 5.20 8.20
3987 1983 259 7450.00 13.50 18.10 1.46 5.10 0.80
3987 1983 260 8060.00 9.10 16.60 1.25 4.70 0.00
3987 1983 261 9000.00 9.00 18.10 1.18 4.10 0.00
3987 1983 262 6960.00 13.30 20.70 1.40 3.60 7.20
3987 1983 263 9540.00 11.80 18.40 1.37 3.40 2.60
3987 1983 264 11200.00 7.50 19.00 1.12 4.10 0.00
3987 1983 265 6610.00 11.10 17.50 1.30 7.90 1.20
3987 1983 266 13770.00 6.00 16.90 0.99 2.80 0.00
3987 1983 267 13289.82 7.90 23.60 1.17 6.30 1.80
3987 1983 268 15090.00 9.30 21.50 0.96 6.50 0.00
3987 1983 269 7830.00 6.60 16.10 1.06 4.30 0.00
3987 1983 270 12790.00 8.00 23.90 1.27 4.00 0.00
3987 1983 271 4300.00 11.50 17.10 1.37 2.50 0.00
3987 1983 272 8490.00 6.40 17.60 1.14 4.00 0.00
3987 1983 273 7400.00 7.60 14.50 0.86 4.90 0.00
3987 1983 274 13510.00 0.60 13.30 0.60 2.80 0.00
3987 1983 275 4620.00 2.50 13.10 0.93 5.00 0.90
3987 1983 276 5220.00 11.90 18.40 1.52 3.90 9.70
3987 1983 277 9430.00 14.70 23.90 1.81 4.30 0.00
3987 1983 278 7870.00 14.90 21.50 1.40 6.60 0.40
3987 1983 279 4790.00 11.10 15.40 1.13 7.50 1.70
3987 1983 280 6610.00 8.80 15.80 1.12 6.20 0.20
3987 1983 281 7120.00 8.30 14.60 1.00 7.00 8.40
3987 1983 282 7240.00 6.50 13.00 0.94 8.10 1.70
3987 1983 283 2420.00 5.50 14.60 1.13 4.90 2.00
3987 1983 284 7290.00 8.40 14.70 1.00 6.40 0.00
3987 1983 285 5360.00 6.60 12.30 0.90 6.70 0.70
3987 1983 286 9560.00 9.00 17.80 1.00 5.50 0.00
3987 1983 287 4590.00 10.00 16.50 1.09 4.60 0.00
3987 1983 288 3320.00 7.90 15.30 1.10 5.00 1.40
3987 1983 289 1840.00 9.00 15.80 0.93 7.20 0.10
3987 1983 290 5630.00 6.00 12.50 0.86 7.20 0.00
3987 1983 291 6960.00 5.80 12.60 0.92 6.40 0.20
3987 1983 292 2550.00 9.60 15.50 1.11 7.00 0.90
3987 1983 293 5000.00 6.00 10.60 0.87 6.80 0.70
3987 1983 294 8820.00 2.90 11.10 0.74 5.70 0.00
3987 1983 295 4110.00 1.50 8.60 0.74 3.60 0.00
3987 1983 296 7680.00 4.80 10.60 0.69 3.30 0.00
3987 1983 297 4980.00 -1.40 7.50 0.67 3.00 0.00
3987 1983 298 4750.00 0.00 8.20 0.64 2.70 0.00
3987 1983 299 1730.00 5.70 11.90 0.94 7.00 0.00
3987 1983 300 5310.00 4.60 14.30 0.99 3.80 0.00
3987 1983 301 2160.00 5.90 10.50 0.86 4.70 0.00
3987 1983 302 3060.00 0.40 8.20 0.71 1.70 0.00
3987 1983 303 4780.00 1.40 7.10 0.64 2.80 0.30
3987 1983 304 2950.00 0.20 10.70 0.79 7.00 1.70
3987 1983 305 2750.00 7.10 11.30 0.84 5.40 0.00
3987 1983 306 1580.00 8.70 13.20 1.07 3.80 0.00
3987 1983 307 5460.00 3.60 12.20 0.86 4.80 0.00
3987 1983 308 4850.00 2.20 12.70 0.85 3.90 0.00
3987 1983 309 4290.00 6.80 14.80 1.02 1.30 0.00
3987 1983 310 1920.00 4.50 11.20 0.95 1.50 0.00
3987 1983 311 1940.00 3.60 8.00 0.87 3.50 0.00
3987 1983 312 4480.00 3.40 12.20 0.88 3.60 0.00
3987 1983 313 4530.00 2.90 15.10 0.88 2.40 0.00
3987 1983 314 2210.00 2.30 10.40 0.83 1.00 0.00
3987 1983 315 4610.00 3.30 9.00 0.75 3.40 0.00
3987 1983 316 5060.00 -2.80 4.40 0.46 1.70 0.00
3987 1983 317 5500.00 -3.10 3.10 0.40 3.00 0.00
3987 1983 318 4530.00 -6.40 -0.90 0.42 2.90 0.10
3987 1983 319 850.00 -2.80 1.10 0.52 6.50 5.00
3987 1983 320 2520.00 0.20 4.70 0.65 3.90 0.70
3987 1983 321 2870.00 -0.10 5.10 0.61 1.00 0.00
3987 1983 322 4120.00 -5.50 1.90 0.51 3.70 1.10
3987 1983 323 1290.00 1.30 4.60 0.73 3.70 0.50
3987 1983 324 820.00 3.60 5.80 0.70 6.90 2.10
3987 1983 325 3400.00 -0.40 4.30 0.56 7.40 0.40
3987 1983 326 2400.00 -2.50 2.80 0.52 6.70 0.60
3987 1983 327 1820.00 0.60 4.00 0.62 5.00 0.30
3987 1983 328 3100.00 -0.30 5.50 0.59 3.80 0.00
3987 1983 329 700.00 -0.90 5.50 0.68 4.80 6.80
3987 1983 330 1260.00 5.50 13.50 1.22 7.90 10.40
3987 1983 331 2360.00 8.60 14.20 1.09 7.30 18.90
3987 1983 332 340.00 2.60 8.60 0.73 7.20 1.00
3987 1983 333 1500.00 1.80 4.70 0.61 5.10 1.40
3987 1983 334 1200.00 -1.30 4.30 0.51 5.80 1.50
3987 1983 335 3000.00 -1.90 0.50 0.46 3.10 0.00
3987 1983 336 1920.00 -5.30 -1.60 0.39 2.30 0.00
3987 1983 337 3120.00 -8.70 -3.00 0.31 3.00 0.00
3987 1983 338 2650.00 -6.70 2.60 0.35 4.40 0.00
3987 1983 339 2680.00 -3.90 4.90 0.39 5.90 0.60
3987 1983 340 740.00 -1.00 2.50 0.62 4.90 5.30
3987 1983 341 1510.00 -1.10 2.20 0.52 5.50 0.00
3987 1983 342 1470.00 -5.40 0.00 0.47 4.80 5.20
3987 1983 343 1242.54 -1.00 1.90 0.62 6.10 18.00
3987 1983 344 370.00 -1.30 4.50 0.60 6.90 0.90
3987 1983 345 1900.00 -6.60 -1.30 0.37 2.80 3.30
3987 1983 346 2700.00 -9.50 -3.50 0.31 3.30 0.00
3987 1983 347 2550.00 -12.00 -5.80 0.25 4.40 0.00
3987 1983 348 2380.00 -11.60 -4.40 0.30 4.20 0.00
3987 1983 349 2400.00 -10.10 -2.20 0.32 5.30 0.00
3987 1983 350 2040.00 -7.30 -1.60 0.36 4.60 0.00
3987 1983 351 2270.00 -8.20 -1.30 0.40 5.00 0.00
3987 1983 352 1680.00 -2.50 4.20 0.60 4.20 1.40
3987 1983 353 1460.00 -1.50 2.50 0.60 5.00 1.50
3987 1983 354 2140.00 1.10 5.90 0.66 5.70 0.00
3987 1983 355 1510.00 0.80 5.40 0.63 4.70 0.00
3987 1983 356 1960.00 0.60 4.60 0.65 5.40 3.70
3987 1983 357 1120.00 1.40 7.20 0.76 7.10 1.40
3987 1983 358 1290.00 2.50 7.00 0.82 4.50 4.00
3987 1983 359 160.00 5.30 11.00 1.07 6.00 5.40
3987 1983 360 600.00 5.90 8.60 0.92 6.60 5.80
3987 1983 361 1870.00 -0.60 6.10 0.63 7.20 0.20
3987 1983 362 320.00 6.10 10.70 1.09 10.30 3.50
3987 1983 363 2630.00 4.60 10.40 0.92 4.50 0.50
3987 1983 364 930.00 3.90 9.90 0.73 6.70 0.00
3987 1983 365 1400.00 2.10 5.30 0.67 7.90 2.40
