*---------------------------------------------------------------------------*
* Station name: Potsdam Saekularstation
* Year: 1962
* Author: Pedro Alencar                                   -999.000: NIL VALUE
* Source: DWD
* Comments: Gaps filled with interpolation and storical means
* Longitude: 13.0622, latitude: 52.3812, altitude: 82.0 m.
*
    * Column  Daily value
    * 1       station number
    * 2       year
    * 3       day
    * 4       irradiation                   (kJ m-2 d-1)
    * 5       minimum temperature           (degrees Celsius
    * 6       maximum temperature           (degrees Celsius)
    * 7       early morning vapour pressure (kPa)
    * 8       mean wind speed (height: 2 m) (m s-1)
    * 9       precipitation                 (mm d-1)
    *
** WCCDESCRIPTION=Potsdam, Germany
** WCCFORMAT=2
** WCCYEARNR=1962
*---------------------------------------------------------------------------*
   13.0622 52.3812 82.0 -0.18 -0.55
3987 1962 1 870.00 0.30 6.80 0.53 8.90 0.00
3987 1962 2 1160.00 -4.00 0.70 0.48 4.60 0.00
3987 1962 3 1070.00 -6.60 0.10 0.56 3.30 0.30
3987 1962 4 400.00 -2.50 0.00 0.56 1.10 0.00
3987 1962 5 480.00 -4.90 -2.00 0.45 3.00 0.00
3987 1962 6 690.00 -3.40 2.60 0.63 6.70 2.30
3987 1962 7 2490.00 -1.30 3.80 0.61 5.40 1.40
3987 1962 8 1210.00 0.00 4.80 0.76 3.40 0.10
3987 1962 9 2620.00 0.00 5.20 0.64 6.00 1.10
3987 1962 10 1420.00 0.70 5.70 0.64 7.70 0.30
3987 1962 11 1340.00 1.40 8.70 0.76 8.10 0.90
3987 1962 12 3810.00 1.60 8.70 0.64 7.10 1.00
3987 1962 13 2170.00 1.60 5.70 0.57 7.10 0.00
3987 1962 14 1360.00 0.20 4.10 0.63 7.10 4.90
3987 1962 15 2910.00 0.30 4.90 0.60 6.20 0.00
3987 1962 16 2620.00 -1.60 4.60 0.51 7.20 2.00
3987 1962 17 2070.00 2.00 7.40 0.65 5.90 1.70
3987 1962 18 2070.00 1.70 7.40 0.68 5.80 0.00
3987 1962 19 3580.00 0.40 7.40 0.75 6.60 1.20
3987 1962 20 2860.00 2.40 7.20 0.64 7.80 1.60
3987 1962 21 1540.00 1.60 9.70 1.00 5.90 6.30
3987 1962 22 2200.00 2.00 9.50 0.72 9.00 2.10
3987 1962 23 2940.00 1.20 5.50 0.61 8.10 0.50
3987 1962 24 1460.00 1.30 4.40 0.76 4.90 12.50
3987 1962 25 1300.00 4.40 7.80 0.96 5.80 1.00
3987 1962 26 1320.00 0.70 6.60 0.75 3.40 6.90
3987 1962 27 2760.00 2.20 5.70 0.68 8.60 1.20
3987 1962 28 4070.00 -4.20 3.40 0.44 7.00 0.00
3987 1962 29 3450.00 -5.60 -2.50 0.39 4.80 0.40
3987 1962 30 4660.00 -9.30 -3.40 0.28 2.90 0.00
3987 1962 31 5820.00 -12.10 -3.40 0.28 3.00 0.00
3987 1962 32 6050.00 -13.40 -3.30 0.28 3.80 0.50
3987 1962 33 1450.00 -7.60 1.30 0.59 3.10 0.00
3987 1962 34 3940.00 -2.10 2.60 0.55 3.60 0.60
3987 1962 35 4270.00 -2.30 5.60 0.57 6.20 2.80
3987 1962 36 2020.00 -1.40 5.70 0.65 9.00 7.10
3987 1962 37 2770.00 1.70 5.20 0.64 7.00 0.60
3987 1962 38 3000.00 2.30 8.10 0.79 5.20 0.10
3987 1962 39 4410.00 2.70 9.40 0.77 4.30 0.30
3987 1962 40 8100.00 -1.90 5.60 0.52 4.40 0.00
3987 1962 41 5290.00 -2.50 6.20 0.56 4.30 1.00
3987 1962 42 5580.00 1.30 6.30 0.60 7.30 0.90
3987 1962 43 560.00 0.60 6.60 0.71 12.20 19.00
3987 1962 44 5240.00 -1.10 5.80 0.60 6.80 1.30
3987 1962 45 5120.00 -3.40 0.80 0.47 6.40 0.50
3987 1962 46 8090.00 -5.20 -0.70 0.31 5.80 4.30
3987 1962 47 720.00 -4.50 6.30 0.71 12.20 6.80
3987 1962 48 3040.00 0.20 4.80 0.57 14.20 3.00
3987 1962 49 9780.00 -1.30 4.30 0.48 7.90 2.30
3987 1962 50 1950.00 -0.10 6.50 0.76 8.20 0.50
3987 1962 51 3570.00 3.10 7.90 0.75 7.20 0.00
3987 1962 52 7010.00 -1.30 4.90 0.45 5.20 0.10
3987 1962 53 3940.00 -2.80 0.20 0.40 4.80 0.50
3987 1962 54 3870.00 -4.70 0.90 0.41 4.40 0.00
3987 1962 55 2950.00 -4.00 0.70 0.41 4.90 0.20
3987 1962 56 4530.00 -6.70 -2.80 0.33 6.00 0.10
3987 1962 57 2870.00 -5.50 -0.90 0.43 6.40 0.10
3987 1962 58 2530.00 -3.30 -0.60 0.47 6.00 2.50
3987 1962 59 4040.00 -3.50 -0.30 0.45 4.60 0.00
3987 1962 60 5580.00 -6.80 -0.80 0.41 2.30 0.00
3987 1962 61 7280.00 -4.10 2.20 0.45 1.40 0.10
3987 1962 62 6210.00 -3.90 3.60 0.45 2.60 0.00
3987 1962 63 1520.00 -0.90 0.20 0.57 3.60 5.00
3987 1962 64 820.00 -1.90 -0.10 0.55 5.40 10.10
3987 1962 65 8200.00 -4.00 0.60 0.41 5.10 0.60
3987 1962 66 13350.00 -8.20 3.40 0.43 3.60 0.20
3987 1962 67 9820.00 -7.40 1.60 0.44 2.50 0.00
3987 1962 68 8190.00 -4.70 4.40 0.39 6.10 0.00
3987 1962 69 4730.00 -0.40 4.30 0.55 4.90 0.10
3987 1962 70 7520.00 2.80 11.40 0.83 3.60 0.00
3987 1962 71 1820.00 -2.50 7.50 0.61 5.00 2.70
3987 1962 72 11600.00 -6.70 -1.10 0.29 5.70 0.00
3987 1962 73 14180.00 -9.10 2.00 0.28 4.70 0.10
3987 1962 74 9410.00 -2.80 3.20 0.49 3.70 0.40
3987 1962 75 6290.00 -3.70 1.30 0.43 2.80 0.00
3987 1962 76 8350.00 -3.60 2.20 0.45 3.70 0.00
3987 1962 77 13790.00 -5.30 4.60 0.43 2.80 0.00
3987 1962 78 12390.00 -2.80 4.40 0.37 1.80 0.00
3987 1962 79 9560.00 -4.30 6.00 0.41 3.50 0.00
3987 1962 80 14970.00 -3.40 6.10 0.40 3.60 0.00
3987 1962 81 14310.00 -4.60 5.40 0.36 3.40 0.00
3987 1962 82 11940.00 -4.40 6.00 0.37 2.80 0.00
3987 1962 83 8980.00 -3.10 5.30 0.52 2.00 0.00
3987 1962 84 13470.00 -3.60 5.40 0.41 2.20 0.00
3987 1962 85 16340.00 -4.70 9.20 0.44 4.60 0.00
3987 1962 86 6170.00 -1.20 8.60 0.63 4.60 2.90
3987 1962 87 2950.00 1.40 4.90 0.71 5.00 0.30
3987 1962 88 5860.00 0.00 6.30 0.71 4.20 2.40
3987 1962 89 9390.00 4.00 15.50 1.03 5.00 5.70
3987 1962 90 12360.00 3.00 11.00 0.75 6.60 2.20
3987 1962 91 10120.00 0.90 9.10 0.61 6.50 5.00
3987 1962 92 10160.00 0.60 8.60 0.61 6.80 0.20
3987 1962 93 17350.00 4.40 16.50 0.68 7.20 0.00
3987 1962 94 7310.00 4.00 12.90 0.79 5.10 1.00
3987 1962 95 8470.00 0.50 11.20 0.76 4.10 0.00
3987 1962 96 7150.00 0.40 9.40 0.76 5.10 0.00
3987 1962 97 14730.00 0.20 10.60 0.65 6.60 5.40
3987 1962 98 7780.00 4.30 12.90 0.85 7.70 0.50
3987 1962 99 11570.00 3.20 10.50 0.65 5.70 0.50
3987 1962 100 16180.00 0.90 11.20 0.63 4.50 0.00
3987 1962 101 17220.00 0.90 13.70 0.65 4.10 0.00
3987 1962 102 5400.00 2.50 11.00 0.88 4.00 0.50
3987 1962 103 12850.00 1.90 9.20 0.64 4.50 2.40
3987 1962 104 9550.00 2.40 9.10 0.73 4.00 1.10
3987 1962 105 4280.00 2.80 7.20 0.80 7.10 0.00
3987 1962 106 4730.00 5.00 16.40 1.00 7.10 4.80
3987 1962 107 9440.00 1.40 15.60 0.93 5.10 0.00
3987 1962 108 13090.00 7.20 20.70 1.13 4.50 0.00
3987 1962 109 13740.00 10.40 23.20 1.29 4.70 0.00
3987 1962 110 10150.00 8.80 14.60 1.09 2.90 0.00
3987 1962 111 19090.00 6.10 20.30 1.23 3.00 0.00
3987 1962 112 21620.00 10.40 29.00 1.15 4.80 0.00
3987 1962 113 19430.00 9.10 22.30 1.13 4.20 0.00
3987 1962 114 20940.00 7.80 28.50 1.20 5.10 0.00
3987 1962 115 18900.00 12.60 29.00 1.37 3.80 0.00
3987 1962 116 11740.00 8.20 18.20 1.05 4.40 0.10
3987 1962 117 11100.00 6.30 14.50 0.84 6.40 0.00
3987 1962 118 15640.00 3.70 12.80 0.76 7.30 0.40
3987 1962 119 17770.00 1.40 12.50 0.65 4.50 1.20
3987 1962 120 16650.00 0.90 9.00 0.49 4.30 0.00
3987 1962 121 13800.00 -0.70 8.70 0.60 4.80 0.00
3987 1962 122 17280.00 2.30 10.70 0.67 3.30 1.80
3987 1962 123 8900.00 1.70 8.80 0.72 5.70 0.50
3987 1962 124 15060.00 3.50 12.70 0.73 4.20 0.10
3987 1962 125 14620.00 4.80 13.20 0.72 2.50 0.00
3987 1962 126 20610.00 1.70 20.90 1.04 4.40 0.80
3987 1962 127 9100.00 12.50 19.40 1.52 3.90 0.90
3987 1962 128 10150.00 10.60 19.10 1.36 2.70 5.30
3987 1962 129 15490.00 8.00 21.10 1.31 3.30 1.20
3987 1962 130 19030.00 7.20 16.60 1.05 6.20 3.40
3987 1962 131 14970.00 5.00 15.70 0.97 3.90 2.20
3987 1962 132 16820.00 6.60 15.70 0.97 2.90 0.30
3987 1962 133 20460.00 7.20 18.00 1.01 2.70 1.40
3987 1962 134 10080.00 6.40 13.30 0.89 5.40 0.00
3987 1962 135 12990.00 5.90 14.90 0.89 7.50 0.10
3987 1962 136 15240.00 6.60 13.30 0.79 5.90 0.00
3987 1962 137 12480.00 7.50 15.40 1.03 4.60 1.90
3987 1962 138 20470.00 4.50 17.50 0.81 4.70 0.00
3987 1962 139 12940.00 5.40 21.00 1.23 4.40 2.50
3987 1962 140 18270.00 7.40 15.30 0.91 5.10 0.70
3987 1962 141 21910.00 3.70 18.80 0.91 4.00 0.70
3987 1962 142 10810.00 9.60 16.30 1.16 5.10 1.20
3987 1962 143 9820.00 8.80 16.70 1.00 5.70 0.20
3987 1962 144 16430.00 5.40 16.00 0.84 4.40 0.00
3987 1962 145 19350.00 4.20 16.50 0.85 2.30 0.00
3987 1962 146 7950.00 7.80 14.00 1.12 2.70 13.00
3987 1962 147 9780.00 7.20 13.20 1.01 2.50 0.00
3987 1962 148 9350.00 6.50 14.80 1.20 2.30 0.70
3987 1962 149 13090.00 7.60 15.70 1.07 3.00 0.80
3987 1962 150 13520.00 5.50 14.00 0.96 5.20 0.30
3987 1962 151 15140.00 5.50 15.40 0.83 6.30 0.40
3987 1962 152 20420.00 3.80 15.30 0.77 5.40 0.00
3987 1962 153 18660.00 2.40 11.90 0.87 4.20 2.30
3987 1962 154 19030.00 2.20 16.10 0.81 3.00 2.60
3987 1962 155 19730.00 3.00 16.40 0.87 3.20 0.40
3987 1962 156 23330.00 4.30 18.70 0.89 4.90 0.40
3987 1962 157 29150.00 3.30 17.60 0.64 5.60 0.00
3987 1962 158 27230.00 2.30 22.20 0.80 4.40 0.00
3987 1962 159 29720.00 5.80 24.60 0.96 2.70 0.00
3987 1962 160 29300.00 8.30 23.30 1.17 4.20 0.00
3987 1962 161 26490.00 11.00 24.70 1.29 2.60 1.50
3987 1962 162 15440.00 9.80 16.20 1.04 5.90 0.60
3987 1962 163 21550.00 7.60 17.40 0.87 5.00 0.00
3987 1962 164 28720.00 6.60 22.20 0.92 3.60 0.00
3987 1962 165 25900.00 12.20 27.40 1.31 3.50 0.00
3987 1962 166 16440.00 16.10 29.60 1.81 3.50 0.60
3987 1962 167 14060.00 15.70 24.10 1.85 3.30 0.00
3987 1962 168 19420.00 15.00 22.60 1.43 3.00 0.00
3987 1962 169 24870.00 12.50 26.70 1.41 4.10 0.00
3987 1962 170 20520.00 14.70 30.30 1.71 4.90 0.20
3987 1962 171 20350.00 11.70 21.60 1.21 5.40 0.00
3987 1962 172 14110.00 12.80 23.20 1.57 4.80 0.30
3987 1962 173 17590.00 13.30 27.20 1.72 3.20 0.00
3987 1962 174 15340.00 16.40 24.90 1.68 2.90 0.00
3987 1962 175 23470.00 13.30 27.30 1.37 4.80 0.00
3987 1962 176 18120.00 12.00 18.70 1.00 7.30 0.00
3987 1962 177 18910.00 7.40 18.20 1.05 3.70 1.50
3987 1962 178 17520.00 8.40 16.20 1.00 7.30 1.20
3987 1962 179 9480.00 7.40 13.10 1.08 7.50 10.40
3987 1962 180 8910.00 8.50 14.00 1.01 7.20 0.00
3987 1962 181 8400.00 8.90 13.70 1.07 5.30 0.00
3987 1962 182 13730.00 9.60 15.80 1.13 4.20 0.00
3987 1962 183 6230.00 9.10 13.40 1.20 5.60 7.40
3987 1962 184 17290.00 8.50 14.10 1.09 7.50 18.00
3987 1962 185 7810.00 7.70 11.60 1.13 7.20 8.90
3987 1962 186 15040.00 7.70 15.80 1.09 5.20 0.00
3987 1962 187 13270.00 8.90 15.30 1.17 5.70 2.10
3987 1962 188 7570.00 9.80 14.20 1.25 4.50 17.10
3987 1962 189 9950.00 9.80 14.40 1.19 4.40 0.00
3987 1962 190 19550.00 9.30 20.90 1.27 2.50 0.00
3987 1962 191 26890.00 10.40 24.30 1.20 3.70 0.00
3987 1962 192 16490.00 11.80 24.80 1.48 4.20 2.70
3987 1962 193 15260.00 12.30 20.60 1.47 3.80 2.00
3987 1962 194 11920.00 12.60 18.30 1.41 5.30 15.70
3987 1962 195 12230.00 11.50 17.70 1.37 3.70 0.10
3987 1962 196 24190.00 10.40 22.70 1.47 2.40 0.40
3987 1962 197 16310.00 13.60 21.70 1.57 1.90 0.00
3987 1962 198 22800.00 11.60 23.80 1.52 2.30 0.00
3987 1962 199 11430.00 13.10 20.30 1.57 1.60 0.00
3987 1962 200 21160.00 12.40 23.70 1.48 2.70 0.00
3987 1962 201 19090.00 14.90 24.30 1.65 3.20 0.00
3987 1962 202 14800.00 14.30 28.30 1.95 4.70 10.70
3987 1962 203 22010.00 15.40 24.70 1.60 4.00 0.00
3987 1962 204 20180.00 13.70 21.90 1.32 4.80 0.00
3987 1962 205 23070.00 10.10 20.80 1.29 3.60 0.00
3987 1962 206 24740.00 11.10 25.60 1.39 2.90 0.00
3987 1962 207 15600.00 15.80 26.20 1.91 3.20 0.00
3987 1962 208 17700.00 14.20 21.00 1.51 6.30 0.00
3987 1962 209 18050.00 8.90 20.40 1.25 3.40 0.00
3987 1962 210 24960.00 9.30 22.70 1.23 2.90 0.00
3987 1962 211 19060.00 11.40 23.40 1.24 2.30 1.10
3987 1962 212 20300.00 12.40 24.70 1.45 3.40 0.00
3987 1962 213 15210.00 13.60 22.20 1.43 4.30 0.00
3987 1962 214 21880.00 11.10 24.60 1.43 2.20 0.00
3987 1962 215 11600.00 14.70 23.70 1.64 2.50 0.00
3987 1962 216 14510.00 15.60 25.70 1.69 4.50 0.00
3987 1962 217 13820.00 13.80 23.50 1.67 3.50 5.10
3987 1962 218 15560.00 10.10 21.40 1.39 2.60 3.50
3987 1962 219 5530.00 13.10 19.00 1.69 5.00 8.30
3987 1962 220 17270.00 11.50 19.70 1.09 7.30 0.00
3987 1962 221 19530.00 8.50 19.40 1.13 3.30 0.00
3987 1962 222 9990.00 11.50 21.40 1.25 5.60 0.00
3987 1962 223 17160.00 12.60 22.80 1.51 4.80 0.00
3987 1962 224 22800.00 14.30 30.20 1.79 4.10 0.00
3987 1962 225 17430.00 15.20 25.10 1.68 3.50 2.20
3987 1962 226 5240.00 12.00 17.10 1.33 3.00 0.00
3987 1962 227 11700.00 10.90 24.70 1.73 4.00 3.80
3987 1962 228 15810.00 14.30 22.50 1.60 4.30 1.00
3987 1962 229 14300.00 13.20 23.10 1.49 4.20 5.90
3987 1962 230 9340.00 11.70 18.30 1.32 6.40 10.20
3987 1962 231 4710.00 11.40 16.60 1.41 6.60 1.00
3987 1962 232 7490.00 12.60 18.50 1.49 2.70 0.00
3987 1962 233 14080.00 9.60 22.70 1.49 4.00 7.40
3987 1962 234 11030.00 11.20 19.10 1.41 4.20 1.30
3987 1962 235 12450.00 10.40 18.30 1.24 6.50 7.20
3987 1962 236 4850.00 12.20 18.50 1.57 7.60 12.70
3987 1962 237 11990.00 11.60 17.90 1.27 7.20 1.60
3987 1962 238 17590.00 10.70 19.40 1.12 5.20 0.00
3987 1962 239 12700.00 10.40 21.20 1.19 8.00 0.00
3987 1962 240 7740.00 11.40 16.20 1.24 6.10 0.20
3987 1962 241 10730.00 12.30 19.10 1.36 5.80 0.00
3987 1962 242 15550.00 9.10 17.20 1.19 5.30 0.00
3987 1962 243 8810.00 11.70 15.80 1.20 6.90 0.00
3987 1962 244 14120.00 9.40 18.30 1.21 3.50 0.00
3987 1962 245 18180.00 7.90 23.00 1.12 2.90 0.00
3987 1962 246 19170.00 10.90 26.70 1.21 3.00 0.00
3987 1962 247 11080.00 13.90 24.00 1.73 4.00 34.40
3987 1962 248 13170.00 11.40 19.90 1.35 6.50 3.00
3987 1962 249 11020.00 11.10 17.80 1.44 5.20 2.60
3987 1962 250 8810.00 10.50 17.40 1.36 7.70 0.40
3987 1962 251 11150.00 7.50 15.80 1.08 6.60 1.20
3987 1962 252 11650.00 8.60 16.60 1.11 5.00 0.00
3987 1962 253 18680.00 7.30 23.30 1.20 5.00 2.00
3987 1962 254 11990.00 13.90 21.20 1.51 6.60 0.80
3987 1962 255 12790.00 14.20 25.00 1.60 8.70 1.30
3987 1962 256 12030.00 10.20 15.70 1.08 6.20 0.00
3987 1962 257 6360.00 8.20 14.20 0.96 3.60 0.00
3987 1962 258 16820.00 3.80 20.90 1.01 4.60 0.00
3987 1962 259 3560.00 10.80 17.70 1.36 4.30 0.00
3987 1962 260 14810.00 7.00 17.10 0.91 2.30 0.00
3987 1962 261 4920.00 5.70 12.20 1.07 2.10 1.90
3987 1962 262 9830.00 7.80 13.60 1.03 3.10 1.20
3987 1962 263 11530.00 6.60 15.40 1.00 3.30 0.00
3987 1962 264 5400.00 5.50 12.10 1.09 4.80 1.10
3987 1962 265 7610.00 5.10 15.20 1.11 4.10 0.50
3987 1962 266 2270.00 7.60 11.20 1.15 5.30 11.30
3987 1962 267 7133.56 6.20 10.40 1.04 2.80 0.00
3987 1962 268 12360.00 1.80 15.30 0.91 5.00 0.00
3987 1962 269 14410.00 6.00 19.10 1.03 6.00 0.00
3987 1962 270 13030.00 6.50 17.40 0.99 5.80 0.00
3987 1962 271 3910.00 6.50 12.20 1.09 3.70 0.00
3987 1962 272 3240.00 6.60 9.30 1.05 1.90 0.10
3987 1962 273 9110.00 7.00 18.70 1.40 3.10 0.00
3987 1962 274 5230.00 11.60 18.10 1.44 3.10 0.00
3987 1962 275 12130.00 9.40 24.40 1.41 4.10 0.00
3987 1962 276 11950.00 11.40 24.90 1.45 4.00 0.00
3987 1962 277 4790.00 12.70 18.20 1.55 3.40 0.10
3987 1962 278 2420.00 11.60 15.50 1.44 3.60 0.20
3987 1962 279 9050.00 9.10 16.60 1.21 2.50 0.00
3987 1962 280 7150.00 6.20 15.30 1.08 2.80 0.00
3987 1962 281 8130.00 7.20 16.40 1.19 5.00 0.00
3987 1962 282 8900.00 8.30 19.30 1.16 4.40 0.00
3987 1962 283 8060.00 6.70 15.20 1.11 4.50 0.10
3987 1962 284 3920.00 6.00 9.00 0.97 1.80 0.10
3987 1962 285 1650.00 6.50 9.00 0.96 1.90 0.00
3987 1962 286 4740.00 4.40 9.70 0.91 2.70 0.20
3987 1962 287 4070.00 4.70 11.20 1.00 4.10 0.00
3987 1962 288 8610.00 5.60 13.30 0.71 2.80 0.00
3987 1962 289 3190.00 2.90 10.30 1.03 3.60 0.10
3987 1962 290 2160.00 8.50 12.30 1.21 4.10 0.10
3987 1962 291 4530.00 10.60 16.20 1.21 6.10 0.00
3987 1962 292 5690.00 8.80 13.40 0.96 6.80 0.00
3987 1962 293 5990.00 6.60 14.00 0.97 3.60 0.00
3987 1962 294 9190.00 3.60 14.40 0.93 2.80 0.00
3987 1962 295 1850.00 5.70 9.50 0.96 1.70 0.00
3987 1962 296 3490.00 2.90 8.30 0.85 2.00 0.00
3987 1962 297 4090.00 -0.80 10.40 0.92 2.70 0.00
3987 1962 298 3490.00 6.10 14.30 1.00 3.90 0.00
3987 1962 299 4880.00 5.70 16.10 0.99 5.60 3.00
3987 1962 300 7280.00 3.00 12.90 0.69 3.60 0.00
3987 1962 301 2000.00 -1.00 6.40 0.68 4.90 0.00
3987 1962 302 6040.00 1.50 10.20 0.76 4.30 0.00
3987 1962 303 4460.00 -0.20 9.40 0.65 4.90 0.80
3987 1962 304 3880.00 3.20 8.00 0.76 3.90 0.00
3987 1962 305 2580.00 2.90 6.60 0.79 2.40 0.00
3987 1962 306 3580.00 2.40 9.20 0.81 2.00 0.00
3987 1962 307 4870.00 3.50 10.60 0.79 4.00 0.00
3987 1962 308 6780.00 -0.10 10.70 0.75 5.20 0.00
3987 1962 309 6670.00 0.90 15.00 0.87 6.10 0.00
3987 1962 310 4910.00 8.70 15.10 1.04 7.10 0.00
3987 1962 311 5040.00 5.70 13.60 1.01 4.20 0.00
3987 1962 312 2890.00 5.00 12.60 1.15 5.30 0.00
3987 1962 313 3170.00 6.20 11.70 0.95 6.20 0.00
3987 1962 314 1040.00 2.40 6.60 0.65 8.30 0.00
3987 1962 315 860.00 0.90 2.50 0.56 4.90 0.10
3987 1962 316 560.00 1.20 4.10 0.72 1.80 0.00
3987 1962 317 900.00 3.30 5.60 0.79 1.60 0.00
3987 1962 318 1160.00 3.30 4.70 0.76 1.80 0.00
3987 1962 319 2200.00 0.10 3.80 0.60 6.20 0.90
3987 1962 320 2570.00 -0.70 4.50 0.57 5.90 0.10
3987 1962 321 3160.00 -3.50 1.40 0.51 4.00 0.00
3987 1962 322 3610.00 -2.80 3.40 0.53 4.70 0.00
3987 1962 323 2320.00 -0.60 3.20 0.61 2.30 0.00
3987 1962 324 2660.00 -2.30 2.50 0.57 3.50 0.00
3987 1962 325 4200.00 -4.50 2.40 0.47 3.80 4.40
3987 1962 326 520.00 -1.20 0.20 0.57 3.80 10.00
3987 1962 327 1710.00 -1.90 0.20 0.55 6.20 3.00
3987 1962 328 2530.00 -2.70 0.60 0.55 2.80 0.00
3987 1962 329 1580.00 -5.70 1.00 0.52 3.60 0.80
3987 1962 330 1860.00 0.70 3.20 0.69 2.40 0.20
3987 1962 331 1280.00 1.40 4.60 0.79 2.40 0.10
3987 1962 332 1660.00 3.50 5.80 0.83 2.80 1.70
3987 1962 333 1440.00 4.80 7.10 0.84 5.90 2.50
3987 1962 334 1450.00 0.40 6.80 0.67 6.90 1.00
3987 1962 335 4280.00 -4.10 1.50 0.47 3.30 0.00
3987 1962 336 2150.00 -7.20 -1.70 0.43 2.20 0.00
3987 1962 337 3910.00 -9.00 -1.10 0.40 3.00 0.00
3987 1962 338 1950.00 -7.30 -0.40 0.37 4.70 0.00
3987 1962 339 690.00 -3.60 1.80 0.64 3.30 0.30
3987 1962 340 1000.00 -2.80 0.30 0.53 1.60 0.00
3987 1962 341 3240.00 -7.00 0.30 0.48 2.90 0.00
3987 1962 342 2780.00 -4.60 0.60 0.48 4.90 0.00
3987 1962 343 1596.15 -1.40 4.00 0.55 8.20 3.00
3987 1962 344 480.00 2.30 4.90 0.73 8.50 6.60
3987 1962 345 740.00 2.00 4.00 0.73 7.40 6.00
3987 1962 346 520.00 2.80 5.60 0.79 6.10 2.40
3987 1962 347 1450.00 -1.10 3.10 0.64 3.30 0.60
3987 1962 348 1500.00 -1.70 1.70 0.53 5.20 8.70
3987 1962 349 1620.00 -0.80 4.10 0.64 7.50 5.40
3987 1962 350 520.00 0.20 4.80 0.75 6.70 2.30
3987 1962 351 810.00 -0.50 1.90 0.59 4.00 1.50
3987 1962 352 1410.00 -3.60 -0.20 0.52 2.00 0.00
3987 1962 353 1450.00 -5.00 -2.70 0.37 4.20 0.00
3987 1962 354 3370.00 -7.40 -3.50 0.33 2.80 0.00
3987 1962 355 2240.00 -11.20 -4.90 0.27 6.60 0.00
3987 1962 356 2620.00 -15.40 -10.60 0.19 3.70 0.00
3987 1962 357 2940.00 -15.50 -6.90 0.21 4.00 0.00
3987 1962 358 2370.00 -13.40 -6.30 0.24 5.00 0.00
3987 1962 359 1780.00 -8.20 -6.40 0.29 3.60 0.00
3987 1962 360 1500.00 -10.40 -7.20 0.28 1.80 0.10
3987 1962 361 1120.00 -10.90 -5.70 0.31 2.70 0.80
3987 1962 362 1130.00 -7.60 -3.70 0.36 3.10 0.80
3987 1962 363 2610.00 -10.00 -6.00 0.28 1.80 0.00
3987 1962 364 1620.00 -11.20 -5.00 0.35 3.90 2.50
3987 1962 365 2350.00 -9.90 -5.20 0.31 6.10 0.50
