*---------------------------------------------------------------------------*
* Station name: Potsdam Saekularstation
* Year: 1942
* Author: Pedro Alencar                                   -999.000: NIL VALUE
* Source: DWD
* Comments: Gaps filled with interpolation and storical means
* Longitude: 13.0622, latitude: 52.3812, altitude: 82.0 m.
*
    * Column  Daily value
    * 1       station number
    * 2       year
    * 3       day
    * 4       irradiation                   (kJ m-2 d-1)
    * 5       minimum temperature           (degrees Celsius
    * 6       maximum temperature           (degrees Celsius)
    * 7       early morning vapour pressure (kPa)
    * 8       mean wind speed (height: 2 m) (m s-1)
    * 9       precipitation                 (mm d-1)
    *
** WCCDESCRIPTION=Potsdam, Germany
** WCCFORMAT=2
** WCCYEARNR=1942
*---------------------------------------------------------------------------*
   13.0622 52.3812 82.0 -0.18 -0.55
3987 1942 1 1545.73 -4.90 2.90 0.72 7.30 0.60
3987 1942 2 1556.63 1.90 3.50 0.71 6.40 2.10
3987 1942 3 1567.86 2.60 4.10 0.79 3.70 0.40
3987 1942 4 1583.51 1.90 4.10 0.68 6.10 1.70
3987 1942 5 1598.53 0.90 5.20 0.67 7.00 0.00
3987 1942 6 3875.28 -4.10 0.90 0.44 3.10 0.00
3987 1942 7 1646.58 -5.70 -3.80 0.41 1.40 0.00
3987 1942 8 2790.56 -7.70 -3.90 0.37 1.40 0.40
3987 1942 9 1688.12 -8.30 -5.30 0.33 3.30 0.00
3987 1942 10 1708.71 -10.40 -3.90 0.32 3.00 0.10
3987 1942 11 1909.99 -9.80 -6.80 0.27 4.20 0.00
3987 1942 12 4090.83 -11.50 -5.00 0.21 4.70 0.00
3987 1942 13 5139.97 -14.60 -6.00 0.19 5.60 0.00
3987 1942 14 3507.93 -13.10 -9.50 0.21 4.90 0.00
3987 1942 15 4509.78 -14.90 -5.70 0.23 3.70 0.00
3987 1942 16 4228.89 -12.40 -5.30 0.27 5.30 0.00
3987 1942 17 3119.86 -14.20 -8.00 0.23 4.50 0.00
3987 1942 18 1921.16 -14.70 -10.50 0.21 3.00 0.10
3987 1942 19 1953.21 -15.70 -10.90 0.19 4.30 0.50
3987 1942 20 2626.88 -16.40 -10.90 0.16 3.30 0.00
3987 1942 21 4147.16 -18.30 -9.90 0.15 3.20 0.00
3987 1942 22 5602.98 -18.00 -9.20 0.16 2.10 0.00
3987 1942 23 4361.40 -18.40 -8.60 0.17 2.80 0.00
3987 1942 24 5544.82 -19.00 -7.80 0.16 5.30 0.00
3987 1942 25 2278.18 -20.40 -14.20 0.12 6.50 0.00
3987 1942 26 2365.11 -21.80 -13.70 0.12 4.20 0.80
3987 1942 27 4320.28 -22.20 -13.10 0.12 4.40 0.00
3987 1942 28 2256.64 -17.00 -0.80 0.35 6.80 4.70
3987 1942 29 2394.51 -4.10 2.50 0.56 5.10 1.40
3987 1942 30 2346.36 -8.30 -4.10 0.36 4.00 0.20
3987 1942 31 2390.89 -8.60 -4.70 0.32 4.00 0.00
3987 1942 32 2435.38 -9.40 -6.50 0.32 1.80 0.10
3987 1942 33 2481.25 -8.30 -5.80 0.32 1.80 1.00
3987 1942 34 2529.73 -11.80 -5.50 0.29 1.70 0.00
3987 1942 35 2568.27 -8.10 -3.70 0.36 5.40 0.20
3987 1942 36 2628.20 -10.30 -4.40 0.28 6.00 0.00
3987 1942 37 2684.95 -12.20 -8.90 0.21 3.10 0.10
3987 1942 38 2734.67 -12.50 -9.70 0.23 2.80 0.10
3987 1942 39 2902.43 -10.50 -5.80 0.29 3.60 0.00
3987 1942 40 2876.83 -10.80 -1.70 0.41 5.00 0.20
3987 1942 41 2866.49 -7.90 -0.70 0.43 4.60 8.20
3987 1942 42 4180.54 -8.20 -0.40 0.41 4.60 0.50
3987 1942 43 3098.56 -5.30 0.90 0.43 8.40 2.30
3987 1942 44 4169.12 -2.50 1.90 0.49 9.60 2.50
3987 1942 45 3097.81 -4.90 0.90 0.39 6.70 5.70
3987 1942 46 3160.66 -7.50 -3.60 0.37 4.90 1.80
3987 1942 47 3202.61 -7.40 0.30 0.47 6.70 0.00
3987 1942 48 3274.91 -5.20 -1.10 0.37 6.70 0.00
3987 1942 49 3346.94 -11.60 -4.40 0.32 2.70 0.20
3987 1942 50 3761.13 -9.60 -5.50 0.29 2.20 0.70
3987 1942 51 5928.02 -9.10 -4.40 0.29 2.90 0.00
3987 1942 52 3531.68 -13.20 -4.30 0.37 5.80 0.00
3987 1942 53 8291.36 -10.70 2.30 0.33 5.40 0.00
3987 1942 54 3635.14 -2.80 2.40 0.47 3.00 0.30
3987 1942 55 3710.81 -3.60 0.90 0.48 3.60 0.30
3987 1942 56 3780.86 -5.10 -1.40 0.39 4.80 0.00
3987 1942 57 3858.01 -7.10 -2.10 0.28 6.10 0.00
3987 1942 58 3933.00 -10.20 -3.70 0.33 5.70 0.00
3987 1942 59 3983.96 -4.70 0.90 0.45 2.40 0.00
3987 1942 60 10573.52 -8.70 7.40 0.47 2.80 0.00
3987 1942 61 4440.33 -6.60 1.80 0.44 2.40 0.00
3987 1942 62 10522.75 -9.80 2.10 0.32 4.40 0.00
3987 1942 63 4266.00 -5.10 -0.90 0.37 7.60 2.30
3987 1942 64 4371.38 -9.30 -1.60 0.29 10.40 4.50
3987 1942 65 10532.93 -17.30 -4.70 0.19 9.40 0.00
3987 1942 66 4660.69 -9.80 -1.40 0.31 8.80 0.00
3987 1942 67 4557.03 -2.60 -1.10 0.49 4.90 2.20
3987 1942 68 11780.53 -5.00 8.70 0.47 4.50 0.00
3987 1942 69 10431.11 -2.20 5.60 0.51 3.90 0.00
3987 1942 70 5361.42 -3.00 3.70 0.48 6.30 0.60
3987 1942 71 9137.40 -10.20 0.40 0.27 5.40 0.20
3987 1942 72 14350.80 -14.80 -2.20 0.17 6.20 0.00
3987 1942 73 5449.53 -9.90 1.40 0.33 6.30 0.00
3987 1942 74 12388.11 -1.20 6.20 0.49 6.50 0.10
3987 1942 75 5138.86 -1.00 3.50 0.63 2.50 3.30
3987 1942 76 6905.60 0.00 8.30 0.72 4.20 0.10
3987 1942 77 6155.10 2.80 12.30 0.87 5.20 0.80
3987 1942 78 5368.94 -0.30 7.80 0.72 5.30 11.70
3987 1942 79 5473.11 -3.50 0.50 0.44 6.40 0.30
3987 1942 80 15817.79 -6.90 3.70 0.31 7.70 0.00
3987 1942 81 14241.02 -4.60 7.40 0.41 5.40 0.00
3987 1942 82 15676.44 -3.40 8.60 0.49 2.20 0.00
3987 1942 83 6993.91 -2.50 6.90 0.63 5.10 0.00
3987 1942 84 12090.29 -0.20 13.90 0.71 6.20 0.00
3987 1942 85 14508.98 -0.20 7.50 0.55 6.20 0.00
3987 1942 86 11033.79 -1.90 7.70 0.45 4.10 0.00
3987 1942 87 15082.78 -0.40 8.80 0.39 5.50 0.00
3987 1942 88 16742.15 -4.70 6.10 0.36 6.20 0.00
3987 1942 89 15653.68 -3.50 9.20 0.43 4.70 0.00
3987 1942 90 16114.28 -2.30 13.50 0.56 3.10 2.80
3987 1942 91 9438.33 5.80 13.90 0.92 8.40 5.60
3987 1942 92 7663.34 2.10 7.50 0.67 10.30 2.60
3987 1942 93 10024.44 -1.00 4.60 0.59 6.20 0.60
3987 1942 94 16405.36 -4.20 6.30 0.47 3.60 0.00
3987 1942 95 10134.44 -2.10 13.50 0.68 5.40 2.30
3987 1942 96 13099.38 5.60 14.10 0.81 5.30 0.10
3987 1942 97 12238.56 3.90 18.40 0.88 6.10 0.70
3987 1942 98 13299.91 5.90 16.30 0.75 5.80 0.00
3987 1942 99 17606.86 3.10 14.00 0.72 6.20 1.00
3987 1942 100 8479.31 7.30 14.00 0.85 9.40 2.30
3987 1942 101 7108.77 5.10 8.00 0.81 8.10 0.00
3987 1942 102 9645.11 4.50 9.60 0.75 3.80 0.00
3987 1942 103 13289.26 2.10 12.00 0.69 4.60 0.00
3987 1942 104 18176.81 -0.40 10.80 0.53 4.80 0.00
3987 1942 105 15448.04 -1.80 12.30 0.45 4.10 0.00
3987 1942 106 15841.75 0.20 15.20 0.63 3.50 0.00
3987 1942 107 21866.46 1.60 19.10 0.76 6.40 0.00
3987 1942 108 19910.51 4.80 19.50 0.76 6.50 0.00
3987 1942 109 17298.51 5.60 17.80 0.95 5.30 0.20
3987 1942 110 11870.85 8.20 19.50 0.93 3.70 0.10
3987 1942 111 8784.35 7.60 14.30 0.96 4.80 0.00
3987 1942 112 17338.31 4.10 15.40 0.69 2.70 0.00
3987 1942 113 21991.97 2.30 17.80 0.75 3.40 0.00
3987 1942 114 20969.43 3.20 15.60 0.67 4.90 0.00
3987 1942 115 22234.29 -1.60 13.20 0.45 6.00 0.00
3987 1942 116 22857.11 1.00 15.20 0.52 6.50 0.00
3987 1942 117 21889.15 1.20 13.90 0.47 6.90 0.00
3987 1942 118 23392.46 -0.30 12.20 0.45 7.60 0.00
3987 1942 119 23710.28 0.70 11.90 0.40 7.90 0.00
3987 1942 120 16034.67 1.70 11.40 0.52 5.50 0.00
3987 1942 121 10088.27 2.90 10.00 0.55 3.40 0.00
3987 1942 122 12951.79 2.70 10.40 0.65 3.20 0.00
3987 1942 123 9185.20 1.20 9.40 0.73 5.00 0.60
3987 1942 124 11811.76 2.90 9.20 0.59 5.10 0.00
3987 1942 125 13241.61 1.80 10.90 0.65 7.30 0.00
3987 1942 126 13187.74 8.60 20.10 0.85 9.30 0.00
3987 1942 127 20357.58 9.90 22.20 0.63 9.20 0.00
3987 1942 128 20953.15 1.40 14.60 0.51 3.20 0.00
3987 1942 129 25758.40 2.20 17.50 0.49 4.20 0.00
3987 1942 130 20010.49 3.50 20.70 0.56 3.60 0.00
3987 1942 131 21657.58 7.20 23.40 0.76 5.80 0.50
3987 1942 132 10763.18 10.70 19.00 1.24 3.70 1.80
3987 1942 133 11533.48 11.30 18.60 1.23 2.80 0.30
3987 1942 134 19416.19 6.20 19.50 1.04 3.90 0.00
3987 1942 135 16247.84 7.40 19.70 0.99 4.90 0.00
3987 1942 136 9213.84 7.80 16.40 0.88 6.00 0.30
3987 1942 137 18101.63 10.60 22.10 0.93 5.80 0.00
3987 1942 138 23266.34 9.30 25.00 0.97 4.70 0.70
3987 1942 139 20705.12 13.60 20.70 1.23 7.80 0.00
3987 1942 140 25130.40 9.30 22.70 1.00 4.10 3.20
3987 1942 141 10980.96 11.00 16.00 1.32 3.10 0.50
3987 1942 142 14479.82 9.60 18.40 1.28 3.00 3.80
3987 1942 143 26816.61 6.50 20.80 0.89 3.40 0.00
3987 1942 144 14702.63 9.80 22.30 1.20 5.50 4.20
3987 1942 145 21087.20 5.80 19.10 0.88 4.50 0.00
3987 1942 146 18493.87 8.90 24.40 0.99 5.20 1.40
3987 1942 147 15827.35 13.90 21.10 1.57 5.60 2.30
3987 1942 148 22986.81 12.80 28.50 1.48 5.60 10.60
3987 1942 149 9688.85 12.80 16.50 1.60 3.40 17.50
3987 1942 150 20820.72 10.70 17.50 1.16 5.10 4.20
3987 1942 151 22861.43 6.80 19.20 1.01 4.00 0.10
3987 1942 152 10169.34 10.80 16.10 1.19 4.10 0.00
3987 1942 153 24363.97 6.70 21.60 1.07 2.40 0.00
3987 1942 154 25727.56 12.30 24.80 1.41 2.80 0.00
3987 1942 155 28167.67 14.30 28.00 1.44 2.80 0.00
3987 1942 156 27949.36 14.30 25.20 1.28 4.50 0.00
3987 1942 157 26836.24 9.40 24.20 1.12 3.90 0.00
3987 1942 158 24475.16 12.40 30.80 1.33 5.80 0.00
3987 1942 159 22786.76 9.80 18.70 0.89 5.30 0.00
3987 1942 160 20982.06 8.80 18.50 0.85 5.10 0.00
3987 1942 161 16659.44 6.00 16.30 0.92 3.00 0.00
3987 1942 162 25281.78 9.90 18.00 0.79 3.80 0.00
3987 1942 163 12798.39 6.30 16.80 1.12 4.20 1.30
3987 1942 164 12177.20 10.80 19.00 1.36 2.90 0.20
3987 1942 165 16194.04 10.70 20.80 1.31 3.20 2.90
3987 1942 166 10872.96 10.80 18.70 1.39 4.00 3.40
3987 1942 167 10067.91 9.20 14.40 1.09 5.70 2.70
3987 1942 168 18801.40 9.70 17.40 1.03 4.30 0.00
3987 1942 169 21686.03 7.50 18.60 1.13 5.10 0.20
3987 1942 170 15546.19 9.40 16.10 0.85 6.90 0.00
3987 1942 171 20417.94 7.70 17.20 0.85 5.20 0.00
3987 1942 172 27194.66 6.50 19.50 0.83 4.00 0.00
3987 1942 173 28403.72 6.40 21.90 0.87 2.60 0.00
3987 1942 174 29404.08 8.80 25.00 1.04 3.70 0.00
3987 1942 175 27682.57 12.40 28.80 1.09 3.80 0.90
3987 1942 176 11027.91 10.60 22.00 1.20 7.40 4.50
3987 1942 177 13598.64 9.30 15.00 0.81 7.60 0.00
3987 1942 178 12992.70 6.80 13.10 1.19 7.70 6.60
3987 1942 179 10063.18 8.90 11.50 1.19 6.20 2.20
3987 1942 180 17270.90 10.50 19.60 1.35 4.20 0.00
3987 1942 181 19148.90 10.30 20.40 1.29 5.00 0.00
3987 1942 182 19903.23 9.70 20.30 1.13 2.40 0.00
3987 1942 183 28185.69 9.70 21.30 1.09 3.40 0.00
3987 1942 184 20003.40 10.40 24.00 1.17 2.60 0.00
3987 1942 185 28389.90 12.20 27.70 1.20 3.90 0.00
3987 1942 186 28512.19 12.70 31.60 1.21 4.30 0.00
3987 1942 187 23973.74 15.10 32.60 1.52 6.00 0.10
3987 1942 188 13428.30 13.90 25.30 1.64 2.80 10.30
3987 1942 189 23615.73 11.80 26.70 1.48 4.60 0.10
3987 1942 190 15190.00 12.10 22.00 1.27 3.10 0.00
3987 1942 191 17265.50 14.50 25.00 1.37 3.70 12.90
3987 1942 192 14447.16 14.30 20.30 1.31 7.50 2.10
3987 1942 193 9777.27 10.30 14.40 1.35 9.50 17.30
3987 1942 194 11782.57 12.30 17.80 1.41 7.80 0.70
3987 1942 195 21652.47 10.10 21.80 1.44 6.20 1.60
3987 1942 196 9672.64 13.30 15.40 1.55 3.00 14.90
3987 1942 197 20150.95 10.40 20.90 1.31 4.00 0.00
3987 1942 198 12084.67 12.30 21.10 1.63 4.20 5.80
3987 1942 199 15892.02 13.10 19.40 1.36 4.30 4.30
3987 1942 200 21382.79 10.80 22.30 1.25 4.50 0.00
3987 1942 201 13904.27 12.90 21.70 1.45 3.40 2.20
3987 1942 202 10890.88 11.80 17.20 1.40 6.90 0.20
3987 1942 203 10823.41 12.30 20.70 1.44 6.30 8.80
3987 1942 204 11980.00 13.60 17.90 1.55 8.70 6.10
3987 1942 205 14880.19 11.90 19.70 1.24 7.40 0.00
3987 1942 206 24351.10 15.60 27.10 1.61 4.80 0.00
3987 1942 207 17661.72 15.20 25.30 1.68 4.20 2.60
3987 1942 208 14818.35 12.80 22.00 1.47 3.20 18.80
3987 1942 209 16561.96 13.30 19.60 1.37 5.60 2.30
3987 1942 210 19855.60 9.30 22.50 1.24 3.60 6.60
3987 1942 211 11526.83 11.50 17.80 1.28 7.20 0.00
3987 1942 212 20683.77 11.00 22.30 1.28 1.90 0.00
3987 1942 213 25780.94 11.40 24.70 1.19 3.90 0.00
3987 1942 214 23980.05 10.80 28.30 1.36 4.10 0.00
3987 1942 215 15654.89 15.80 24.00 1.67 4.80 0.50
3987 1942 216 13898.70 12.10 20.80 1.53 4.10 0.10
3987 1942 217 19768.78 11.80 19.40 1.28 4.70 0.00
3987 1942 218 17253.31 11.10 18.60 1.15 4.80 0.00
3987 1942 219 20272.03 10.60 20.90 1.21 2.90 0.00
3987 1942 220 16929.83 10.20 22.00 1.23 2.70 0.00
3987 1942 221 12827.15 11.40 24.60 1.32 3.90 0.00
3987 1942 222 12412.76 14.70 22.80 1.64 3.00 0.00
3987 1942 223 19012.66 13.30 26.80 1.59 4.20 2.10
3987 1942 224 20679.50 13.90 23.30 1.44 3.60 0.00
3987 1942 225 20294.43 10.90 21.50 1.35 3.10 0.10
3987 1942 226 19048.77 9.90 21.60 1.41 2.90 2.10
3987 1942 227 17154.90 12.40 22.40 1.56 2.50 6.20
3987 1942 228 22225.56 11.90 25.50 1.28 3.40 0.00
3987 1942 229 16754.63 16.50 26.90 1.83 2.60 0.00
3987 1942 230 22609.17 15.20 29.00 1.49 4.10 0.00
3987 1942 231 21983.77 14.30 30.40 1.61 5.80 0.00
3987 1942 232 19380.75 16.00 32.60 1.79 4.50 6.00
3987 1942 233 7969.59 16.70 20.70 1.91 3.60 8.10
3987 1942 234 15525.40 13.70 24.20 1.68 2.60 0.00
3987 1942 235 11719.18 15.00 24.30 1.92 3.50 10.80
3987 1942 236 7563.03 14.20 20.10 1.71 1.50 4.40
3987 1942 237 18668.92 14.90 24.60 1.63 3.00 0.00
3987 1942 238 18152.22 15.70 29.00 2.04 3.00 0.00
3987 1942 239 20214.29 17.90 31.20 2.08 2.50 0.00
3987 1942 240 20713.24 17.20 31.60 1.51 3.70 0.00
3987 1942 241 15940.12 17.90 31.70 1.72 2.50 0.00
3987 1942 242 15506.67 19.40 32.80 1.93 3.50 0.00
3987 1942 243 17723.59 17.30 29.80 1.87 3.20 0.00
3987 1942 244 11948.72 16.40 27.80 1.99 4.80 20.80
3987 1942 245 19397.83 14.20 25.70 1.64 4.00 0.00
3987 1942 246 15605.97 15.60 29.40 1.77 3.20 0.00
3987 1942 247 17127.18 17.20 28.30 1.95 3.50 0.00
3987 1942 248 16733.60 16.00 26.00 1.68 2.90 1.50
3987 1942 249 14096.85 15.30 25.10 1.65 4.30 0.00
3987 1942 250 15586.91 10.80 20.30 1.16 3.30 0.00
3987 1942 251 9693.68 10.20 20.90 1.25 4.20 2.30
3987 1942 252 6408.03 13.90 19.50 1.68 4.00 0.50
3987 1942 253 17560.14 12.20 20.40 1.16 3.30 0.00
3987 1942 254 16468.61 8.40 24.50 1.08 3.30 0.00
3987 1942 255 15438.88 13.10 25.10 1.40 3.00 0.00
3987 1942 256 10203.42 12.50 20.00 1.21 4.20 0.00
3987 1942 257 17049.13 8.40 20.90 0.93 6.40 0.00
3987 1942 258 8076.05 11.40 22.10 1.39 5.00 8.70
3987 1942 259 12875.56 9.00 16.00 1.03 8.20 0.00
3987 1942 260 7439.72 10.00 15.40 1.20 9.00 7.40
3987 1942 261 9897.02 10.20 15.50 1.19 7.40 0.60
3987 1942 262 5942.95 8.60 16.90 1.39 6.10 0.30
3987 1942 263 12902.70 9.10 19.30 1.15 4.10 0.90
3987 1942 264 13068.99 10.50 23.50 1.47 4.80 0.00
3987 1942 265 9435.72 12.80 20.70 1.41 4.90 1.10
3987 1942 266 9590.63 10.60 18.40 1.20 6.80 0.30
3987 1942 267 10585.54 10.80 17.40 1.04 5.80 0.00
3987 1942 268 8057.43 11.30 17.80 1.21 5.30 0.60
3987 1942 269 5153.00 10.10 12.50 1.28 3.50 3.80
3987 1942 270 5068.75 10.40 14.30 1.32 4.20 0.10
3987 1942 271 8168.95 11.70 20.60 1.55 6.30 2.20
3987 1942 272 4932.02 9.70 15.70 1.28 5.10 11.10
3987 1942 273 13843.94 6.80 22.00 1.23 4.20 0.10
3987 1942 274 13622.16 9.30 24.60 1.43 4.60 0.00
3987 1942 275 9376.77 10.70 17.90 1.25 3.30 0.00
3987 1942 276 9605.04 6.40 17.80 1.11 1.70 0.10
3987 1942 277 11825.05 7.30 19.90 1.17 3.70 0.00
3987 1942 278 12137.00 9.50 23.20 1.48 4.00 0.10
3987 1942 279 5216.09 9.20 17.30 1.40 3.60 0.90
3987 1942 280 6497.26 5.20 16.70 1.13 4.40 0.10
3987 1942 281 6277.40 10.60 22.50 1.56 5.20 3.90
3987 1942 282 7738.58 7.70 16.90 0.93 7.80 3.00
3987 1942 283 4135.41 6.80 12.30 1.07 8.00 0.20
3987 1942 284 7585.56 8.90 15.70 1.09 6.40 0.30
3987 1942 285 8714.02 5.90 13.80 0.91 4.70 0.10
3987 1942 286 5960.80 5.60 14.20 0.96 4.20 1.70
3987 1942 287 8925.65 4.50 14.00 0.85 4.80 0.10
3987 1942 288 4896.74 6.40 16.50 1.16 7.10 1.00
3987 1942 289 3877.13 8.20 12.40 1.03 9.40 2.40
3987 1942 290 4389.35 7.50 11.50 1.00 8.40 3.90
3987 1942 291 3617.61 5.40 8.90 0.92 5.00 3.70
3987 1942 292 5328.38 1.30 9.10 0.73 3.60 0.20
3987 1942 293 8510.31 1.00 12.00 0.71 2.70 0.10
3987 1942 294 3425.73 3.90 9.80 0.96 6.10 10.10
3987 1942 295 3363.15 6.30 8.80 1.03 6.30 7.60
3987 1942 296 3823.22 6.40 12.80 1.29 5.30 4.70
3987 1942 297 6634.05 10.20 18.10 1.33 7.50 0.10
3987 1942 298 8418.63 6.50 14.50 0.87 5.40 0.00
3987 1942 299 6722.62 5.60 17.10 1.11 5.40 0.00
3987 1942 300 6304.62 6.70 16.80 1.16 4.40 0.00
3987 1942 301 5958.34 7.10 16.50 1.20 4.90 0.30
3987 1942 302 6242.56 6.70 16.50 1.09 4.90 0.20
3987 1942 303 5947.95 8.30 19.50 1.19 4.40 0.00
3987 1942 304 4827.10 7.30 16.80 1.12 5.20 0.00
3987 1942 305 2785.27 9.40 12.80 1.16 3.00 16.40
3987 1942 306 3634.56 6.60 9.80 0.96 5.60 0.60
3987 1942 307 3687.76 1.90 12.00 0.93 4.40 0.90
3987 1942 308 2642.69 6.60 9.70 0.96 5.50 2.20
3987 1942 309 3293.84 2.60 6.80 0.83 3.20 0.00
3987 1942 310 2552.20 2.80 5.40 0.83 6.50 9.80
3987 1942 311 2551.91 5.30 9.40 1.07 4.40 1.70
3987 1942 312 2455.86 4.10 9.20 0.95 4.30 1.80
3987 1942 313 2415.13 1.50 6.40 0.83 3.50 9.20
3987 1942 314 2373.52 3.20 5.50 0.77 3.10 0.10
3987 1942 315 2552.23 -0.30 4.30 0.67 2.80 0.00
3987 1942 316 2303.41 -2.70 0.40 0.51 3.90 0.40
3987 1942 317 2258.96 -1.60 0.80 0.57 2.90 0.20
3987 1942 318 2217.86 -0.90 1.30 0.56 1.40 0.10
3987 1942 319 2171.98 -0.10 4.60 0.68 5.00 1.80
3987 1942 320 3749.94 2.50 6.90 0.72 8.50 0.10
3987 1942 321 4455.95 -0.10 6.50 0.61 5.70 1.30
3987 1942 322 2059.04 -0.50 6.40 0.77 4.80 2.10
3987 1942 323 2025.61 1.70 5.60 0.76 3.20 0.20
3987 1942 324 1985.83 4.30 6.70 0.88 6.20 2.20
3987 1942 325 2590.50 -1.20 6.80 0.59 5.60 0.60
3987 1942 326 4505.01 -1.40 3.40 0.55 6.30 4.80
3987 1942 327 2890.82 -0.30 4.30 0.60 8.50 1.90
3987 1942 328 3606.24 -2.40 1.60 0.55 3.90 0.10
3987 1942 329 1845.91 -1.20 2.50 0.65 5.30 0.40
3987 1942 330 1812.21 2.30 5.50 0.79 6.60 0.00
3987 1942 331 1925.22 0.00 5.10 0.71 3.30 0.30
3987 1942 332 2705.07 0.80 4.40 0.63 9.60 1.30
3987 1942 333 2946.14 -2.10 4.80 0.51 9.70 0.70
3987 1942 334 1725.97 -5.70 1.20 0.55 6.50 0.40
3987 1942 335 1696.28 -0.50 4.90 0.63 9.20 1.60
3987 1942 336 3886.92 -0.20 4.90 0.59 6.80 4.80
3987 1942 337 1879.28 -2.50 1.70 0.53 5.50 0.30
3987 1942 338 3649.69 -2.10 3.60 0.56 5.60 0.00
3987 1942 339 1624.79 -4.10 3.40 0.56 6.60 5.40
3987 1942 340 1604.93 2.10 4.40 0.69 9.10 2.50
3987 1942 341 1583.84 0.90 8.40 0.85 7.50 4.00
3987 1942 342 1564.82 7.30 9.20 0.92 9.30 1.10
3987 1942 343 1554.07 5.80 9.00 0.96 6.10 1.40
3987 1942 344 4318.53 0.80 10.70 0.77 5.40 0.00
3987 1942 345 4465.72 2.30 10.10 0.64 6.20 0.00
3987 1942 346 3956.15 1.20 7.60 0.69 5.10 0.00
3987 1942 347 3126.03 4.60 9.40 0.79 5.70 0.00
3987 1942 348 1505.21 4.30 8.80 0.76 5.40 0.00
3987 1942 349 1502.91 -0.50 6.20 0.71 5.20 0.00
3987 1942 350 1500.14 0.40 5.50 0.67 2.40 0.00
3987 1942 351 3100.48 -1.70 4.30 0.63 5.10 0.20
3987 1942 352 3935.56 -1.00 5.30 0.63 5.50 0.00
3987 1942 353 1488.95 -0.70 4.40 0.69 5.10 1.10
3987 1942 354 2869.10 2.50 8.70 0.81 5.70 0.00
3987 1942 355 2673.03 2.80 7.40 0.68 6.20 0.00
3987 1942 356 1921.39 2.40 8.80 0.60 4.60 0.00
3987 1942 357 1681.26 0.70 7.10 0.79 5.80 0.00
3987 1942 358 1690.85 -0.40 4.60 0.67 3.20 0.00
3987 1942 359 1501.31 -4.80 0.10 0.51 3.20 0.10
3987 1942 360 2470.56 -2.40 0.30 0.52 4.80 0.00
3987 1942 361 4138.19 -4.10 1.90 0.41 4.10 0.20
3987 1942 362 3517.66 -8.10 -2.00 0.39 4.10 0.10
3987 1942 363 3936.86 -7.70 -1.50 0.36 6.20 0.40
3987 1942 364 1530.65 -4.50 1.80 0.53 6.40 0.40
3987 1942 365 1992.73 -2.40 0.30 0.49 4.40 0.70
