*---------------------------------------------------------------------------*
* Station name: Potsdam Saekularstation
* Year: 1990
* Author: Pedro Alencar                                   -999.000: NIL VALUE
* Source: DWD
* Comments: Gaps filled with interpolation and storical means
* Longitude: 13.0622, latitude: 52.3812, altitude: 82.0 m.
*
    * Column  Daily value
    * 1       station number
    * 2       year
    * 3       day
    * 4       irradiation                   (kJ m-2 d-1)
    * 5       minimum temperature           (degrees Celsius
    * 6       maximum temperature           (degrees Celsius)
    * 7       early morning vapour pressure (kPa)
    * 8       mean wind speed (height: 2 m) (m s-1)
    * 9       precipitation                 (mm d-1)
    *
** WCCDESCRIPTION=Potsdam, Germany
** WCCFORMAT=2
** WCCYEARNR=1990
*---------------------------------------------------------------------------*
   13.0622 52.3812 82.0 -0.18 -0.55
3987 1990 1 380.00 -3.00 -1.50 0.45 0.90 0.70
3987 1990 2 520.00 -2.90 -1.90 0.43 0.80 0.00
3987 1990 3 940.00 -2.40 -0.20 0.47 1.60 0.00
3987 1990 4 3100.00 -3.80 -0.60 0.41 3.90 1.90
3987 1990 5 550.00 -3.90 0.10 0.54 2.60 0.50
3987 1990 6 1220.00 -3.30 0.20 0.52 2.90 0.00
3987 1990 7 1430.00 -7.60 -1.40 0.41 3.50 0.00
3987 1990 8 2170.00 -4.60 0.90 0.53 3.50 1.00
3987 1990 9 1050.00 0.80 3.30 0.71 4.00 0.20
3987 1990 10 1050.00 3.10 4.70 0.78 4.00 0.20
3987 1990 11 1000.00 2.20 5.80 0.71 5.00 0.10
3987 1990 12 1760.00 4.40 8.10 0.82 4.00 0.10
3987 1990 13 3770.00 -1.80 5.90 0.60 4.00 0.00
3987 1990 14 1630.00 1.50 4.20 0.66 2.40 0.00
3987 1990 15 2120.00 -0.50 4.50 0.67 6.00 0.30
3987 1990 16 870.00 4.30 10.70 1.07 7.80 1.50
3987 1990 17 1130.00 6.50 10.90 0.85 7.50 0.50
3987 1990 18 3750.00 2.20 6.90 0.62 7.40 1.20
3987 1990 19 2830.00 2.30 6.20 0.67 6.30 1.00
3987 1990 20 1780.00 3.00 7.20 0.74 6.50 0.00
3987 1990 21 330.00 4.40 9.00 0.97 5.90 2.60
3987 1990 22 2970.00 6.40 9.50 0.94 4.10 0.20
3987 1990 23 3780.00 2.90 10.40 0.84 6.50 5.70
3987 1990 24 2730.00 4.20 8.10 0.76 7.50 4.10
3987 1990 25 1280.00 1.30 7.00 0.74 7.30 9.30
3987 1990 26 4440.00 3.30 9.40 0.63 8.60 0.10
3987 1990 27 3000.00 1.70 6.60 0.64 5.60 0.00
3987 1990 28 860.00 1.40 8.30 0.62 6.10 0.10
3987 1990 29 2900.00 3.30 8.10 0.66 4.90 0.00
3987 1990 30 3770.00 -0.60 7.50 0.65 5.30 0.00
3987 1990 31 2790.00 4.00 10.20 0.71 5.40 0.00
3987 1990 32 3840.00 5.00 11.70 0.75 4.40 0.00
3987 1990 33 2140.00 3.30 8.70 0.76 5.90 0.20
3987 1990 34 4090.00 1.80 8.90 0.67 6.70 3.60
3987 1990 35 5900.00 4.40 10.90 0.72 8.70 0.00
3987 1990 36 6760.00 2.30 12.30 0.63 4.60 0.00
3987 1990 37 6780.00 -1.30 10.90 0.55 4.50 0.00
3987 1990 38 5970.00 1.50 13.60 0.70 6.80 0.00
3987 1990 39 3520.00 6.30 16.10 0.94 10.60 6.60
3987 1990 40 3050.00 3.30 7.20 0.68 6.80 0.00
3987 1990 41 7400.00 0.60 8.90 0.61 5.30 5.50
3987 1990 42 3550.00 3.10 8.10 0.73 6.40 1.50
3987 1990 43 3800.00 0.40 7.30 0.61 6.00 3.00
3987 1990 44 2260.00 0.00 4.90 0.59 4.50 6.80
3987 1990 45 3270.00 0.10 5.20 0.65 7.10 0.30
3987 1990 46 1560.00 -0.10 3.70 0.63 2.20 2.90
3987 1990 47 2710.00 0.00 5.20 0.65 6.50 3.10
3987 1990 48 8850.00 -1.00 6.90 0.57 4.50 0.00
3987 1990 49 3100.00 2.30 9.50 0.89 4.60 2.80
3987 1990 50 6970.00 4.50 14.90 1.00 3.70 0.00
3987 1990 51 5240.00 8.70 16.70 1.08 5.00 0.00
3987 1990 52 9080.00 6.60 18.60 0.98 6.00 0.00
3987 1990 53 10030.00 2.30 14.10 0.63 4.50 0.00
3987 1990 54 10130.00 0.70 17.30 0.69 4.50 0.00
3987 1990 55 8800.00 3.70 16.70 0.91 4.80 0.00
3987 1990 56 7520.00 9.80 15.00 0.91 5.50 3.80
3987 1990 57 2480.00 3.40 12.80 0.86 10.10 6.20
3987 1990 58 5520.00 0.40 6.90 0.60 9.70 2.90
3987 1990 59 5840.00 0.70 7.70 0.64 10.20 17.90
3987 1990 60 3400.00 0.60 4.80 0.63 9.80 0.30
3987 1990 61 6990.00 0.10 5.60 0.53 8.30 1.30
3987 1990 62 7040.00 -1.10 6.20 0.60 5.80 0.70
3987 1990 63 2010.00 3.00 6.30 0.69 8.90 0.60
3987 1990 64 1560.00 4.00 8.30 0.78 8.50 0.50
3987 1990 65 1550.00 6.20 8.40 0.86 10.50 6.40
3987 1990 66 1870.00 6.30 10.50 1.03 7.20 0.50
3987 1990 67 3330.00 7.80 11.20 0.84 5.20 0.00
3987 1990 68 4540.00 2.60 11.90 0.70 9.10 2.20
3987 1990 69 4370.00 2.60 6.80 0.76 7.00 5.90
3987 1990 70 9590.00 5.60 17.60 1.02 9.30 0.00
3987 1990 71 11480.00 7.50 13.00 0.75 8.80 0.00
3987 1990 72 11540.00 1.90 9.60 0.63 4.50 0.00
3987 1990 73 3880.00 0.70 8.30 0.72 3.40 0.00
3987 1990 74 10560.00 0.40 13.90 0.78 3.20 0.00
3987 1990 75 13760.00 2.80 17.90 0.73 4.60 0.00
3987 1990 76 14860.00 4.90 20.00 0.72 4.60 0.00
3987 1990 77 15220.00 3.20 19.70 0.58 4.30 0.00
3987 1990 78 14290.00 5.90 21.90 0.69 5.20 0.00
3987 1990 79 7580.00 9.30 14.80 0.86 5.20 0.50
3987 1990 80 7110.00 5.40 16.80 1.03 5.20 0.00
3987 1990 81 2610.00 7.90 14.80 1.01 5.30 0.70
3987 1990 82 9200.00 3.90 12.10 0.69 7.10 0.00
3987 1990 83 9120.00 3.90 13.40 0.71 6.30 1.40
3987 1990 84 8620.00 3.30 10.20 0.69 7.00 1.00
3987 1990 85 7160.00 2.30 9.10 0.68 3.60 0.00
3987 1990 86 4680.00 3.80 8.30 0.68 4.00 0.00
3987 1990 87 8230.00 -0.30 11.70 0.67 4.40 0.00
3987 1990 88 4680.00 6.60 11.10 0.80 2.50 0.00
3987 1990 89 12540.00 0.20 10.40 0.71 4.10 0.00
3987 1990 90 16100.00 5.80 15.70 0.90 4.00 0.00
3987 1990 91 18350.00 5.50 20.60 0.90 3.30 0.00
3987 1990 92 16920.00 5.90 22.40 0.84 4.00 0.00
3987 1990 93 10390.00 6.70 18.80 0.89 5.90 0.60
3987 1990 94 11490.00 1.90 10.30 0.56 5.80 1.40
3987 1990 95 17280.00 -1.60 9.20 0.52 2.70 0.00
3987 1990 96 15810.00 -0.50 11.70 0.47 3.60 0.00
3987 1990 97 15300.00 -0.20 11.70 0.49 5.20 0.00
3987 1990 98 20460.00 0.50 8.90 0.44 5.40 0.00
3987 1990 99 21350.00 -3.30 9.10 0.34 4.10 0.00
3987 1990 100 19810.00 -2.00 11.30 0.35 3.20 0.80
3987 1990 101 12080.00 3.80 11.50 0.73 5.80 1.00
3987 1990 102 18470.00 3.10 13.60 0.77 3.40 0.00
3987 1990 103 15940.00 2.00 16.10 0.78 3.50 0.00
3987 1990 104 13870.00 8.50 19.40 0.93 4.60 3.70
3987 1990 105 13020.00 3.30 12.00 0.79 5.10 0.40
3987 1990 106 15210.00 0.70 13.00 0.71 4.70 0.40
3987 1990 107 14860.00 0.80 12.00 0.73 3.50 2.90
3987 1990 108 14240.00 1.60 13.60 0.70 2.50 0.70
3987 1990 109 11620.00 4.60 13.60 0.87 3.30 13.40
3987 1990 110 17160.00 7.60 19.00 1.03 4.30 0.00
3987 1990 111 15670.00 8.80 20.80 1.02 5.80 3.70
3987 1990 112 15810.00 6.90 18.90 0.98 5.20 0.40
3987 1990 113 8790.00 8.10 16.90 1.00 5.00 1.10
3987 1990 114 3950.00 8.40 11.10 1.05 3.50 2.90
3987 1990 115 7760.00 8.40 14.60 1.06 3.30 0.30
3987 1990 116 18620.00 4.20 18.50 0.84 3.50 1.70
3987 1990 117 10510.00 6.70 13.60 0.80 7.00 1.40
3987 1990 118 15120.00 2.90 10.90 0.63 7.00 0.00
3987 1990 119 17170.00 6.00 16.00 0.78 3.10 0.00
3987 1990 120 7980.00 10.20 15.60 1.11 3.50 0.00
3987 1990 121 24810.00 7.10 25.40 1.15 3.60 0.00
3987 1990 122 25040.00 10.00 23.60 1.02 5.00 0.00
3987 1990 123 25070.00 8.80 24.40 1.02 3.90 0.00
3987 1990 124 25350.00 8.90 26.30 1.08 2.80 0.00
3987 1990 125 25400.00 10.30 26.00 1.01 2.00 0.00
3987 1990 126 23480.00 12.20 27.70 0.93 2.60 0.00
3987 1990 127 25280.00 11.30 27.80 0.87 3.90 0.00
3987 1990 128 17620.00 13.30 26.90 1.16 3.20 0.00
3987 1990 129 16590.00 12.80 25.00 1.35 2.80 0.40
3987 1990 130 15790.00 11.70 23.00 1.50 3.00 23.00
3987 1990 131 16770.00 11.80 20.30 1.34 3.10 0.10
3987 1990 132 17500.00 10.90 17.60 1.34 3.10 1.50
3987 1990 133 18260.00 10.50 19.70 1.14 3.30 0.00
3987 1990 134 15020.00 8.40 17.40 1.04 5.40 0.30
3987 1990 135 16220.00 10.60 17.70 1.05 3.90 0.00
3987 1990 136 15910.00 6.50 22.20 1.21 4.00 0.30
3987 1990 137 14120.00 11.00 19.70 1.20 4.80 2.90
3987 1990 138 18180.00 5.60 16.30 0.89 3.10 0.00
3987 1990 139 17500.00 8.40 18.70 0.87 2.90 0.00
3987 1990 140 17760.00 7.80 19.30 0.77 3.50 0.00
3987 1990 141 23130.00 7.30 21.80 0.78 3.50 0.00
3987 1990 142 25940.00 10.60 21.60 0.92 3.00 0.00
3987 1990 143 21780.00 8.10 24.40 1.05 2.40 0.00
3987 1990 144 25800.00 10.30 21.20 0.99 3.60 0.00
3987 1990 145 20950.00 6.60 16.60 0.74 5.30 0.00
3987 1990 146 21250.00 5.30 15.70 0.71 5.10 0.00
3987 1990 147 16310.00 6.10 16.50 0.76 4.70 0.00
3987 1990 148 22520.00 5.20 16.30 0.73 4.30 0.00
3987 1990 149 17270.00 3.80 16.20 0.91 3.50 2.60
3987 1990 150 25260.00 5.00 20.50 0.80 2.40 0.00
3987 1990 151 20580.00 7.60 21.20 0.93 2.50 0.00
3987 1990 152 26720.00 13.50 24.40 1.05 2.70 0.00
3987 1990 153 11530.00 13.40 25.70 1.21 5.10 4.80
3987 1990 154 18470.00 9.80 19.40 1.18 3.50 1.60
3987 1990 155 11880.00 11.00 17.40 1.16 5.80 6.70
3987 1990 156 6200.00 10.50 15.30 1.18 6.50 0.20
3987 1990 157 18700.00 8.90 20.20 1.16 2.80 0.00
3987 1990 158 16460.00 11.70 20.40 1.20 3.80 3.90
3987 1990 159 7710.00 12.20 18.40 1.48 4.00 26.80
3987 1990 160 4910.00 9.30 12.20 1.19 4.80 40.80
3987 1990 161 2260.00 9.50 12.50 1.33 5.60 19.80
3987 1990 162 9950.00 12.10 19.40 1.42 3.90 0.00
3987 1990 163 19800.00 12.10 20.90 1.39 2.70 0.00
3987 1990 164 18850.00 13.30 20.30 1.34 3.10 0.00
3987 1990 165 11780.00 11.50 17.60 1.18 2.40 0.00
3987 1990 166 14460.00 9.10 17.30 1.10 3.10 0.00
3987 1990 167 14500.00 11.30 17.00 1.10 2.70 0.00
3987 1990 168 15590.00 10.80 18.40 1.13 2.60 0.00
3987 1990 169 23870.00 9.50 24.80 1.32 1.70 10.40
3987 1990 170 22360.00 12.70 26.30 1.52 3.20 0.00
3987 1990 171 19370.00 15.20 26.80 1.67 3.00 36.30
3987 1990 172 18260.00 14.70 22.70 1.49 3.10 0.20
3987 1990 173 10280.00 13.60 20.90 1.41 5.10 2.60
3987 1990 174 21250.00 10.30 21.10 1.19 4.00 0.80
3987 1990 175 18710.00 11.30 20.50 1.21 4.20 0.00
3987 1990 176 10120.00 12.60 19.90 1.42 3.70 0.20
3987 1990 177 19950.00 16.00 25.50 1.69 2.30 0.00
3987 1990 178 25020.00 15.10 29.10 1.63 4.00 0.00
3987 1990 179 19410.00 19.20 26.20 1.86 3.90 0.00
3987 1990 180 19930.00 14.50 24.20 1.54 2.80 9.00
3987 1990 181 10300.00 15.40 23.10 1.82 2.70 2.60
3987 1990 182 16020.00 15.80 22.70 1.54 5.30 0.10
3987 1990 183 16720.00 12.00 19.80 1.09 4.60 0.00
3987 1990 184 14960.00 9.50 20.20 1.17 1.70 6.60
3987 1990 185 23370.00 11.80 20.40 1.18 2.30 0.00
3987 1990 186 10600.00 13.10 21.20 1.29 5.40 5.10
3987 1990 187 12970.00 13.40 17.70 1.13 7.70 1.70
3987 1990 188 23290.00 10.50 19.70 0.99 5.60 0.00
3987 1990 189 14290.00 9.50 22.50 1.42 3.90 0.30
3987 1990 190 20020.00 16.20 23.60 1.42 5.30 0.00
3987 1990 191 18310.00 12.70 19.00 1.08 6.00 1.30
3987 1990 192 20930.00 10.90 20.10 1.09 5.50 0.00
3987 1990 193 23700.00 12.70 25.00 1.29 4.10 0.00
3987 1990 194 24690.00 12.10 22.40 1.03 4.10 0.00
3987 1990 195 27900.00 8.70 22.90 0.88 4.00 0.00
3987 1990 196 24310.00 10.50 24.50 0.94 3.20 0.00
3987 1990 197 23010.00 11.30 25.10 1.00 4.80 0.10
3987 1990 198 19810.00 13.00 21.90 1.12 7.00 0.00
3987 1990 199 18020.00 13.80 20.80 1.18 7.50 0.00
3987 1990 200 7840.00 13.00 19.80 1.34 5.70 0.00
3987 1990 201 20170.00 12.30 26.60 1.39 5.20 0.00
3987 1990 202 23320.00 14.80 27.30 1.35 6.10 0.00
3987 1990 203 25750.00 10.30 23.50 0.97 6.50 0.00
3987 1990 204 13410.00 9.60 19.70 0.91 5.50 0.00
3987 1990 205 11020.00 11.00 18.60 1.15 6.40 0.00
3987 1990 206 9570.00 12.50 20.40 1.31 3.70 0.00
3987 1990 207 15700.00 12.50 24.20 1.38 2.90 0.00
3987 1990 208 21980.00 11.80 26.40 1.31 2.90 0.00
3987 1990 209 23860.00 13.50 30.50 1.11 3.20 0.00
3987 1990 210 16160.00 16.90 30.90 1.46 3.20 0.30
3987 1990 211 22740.00 16.50 27.00 1.45 1.90 0.00
3987 1990 212 24130.00 15.80 30.50 1.21 2.10 0.00
3987 1990 213 23750.00 16.70 28.80 1.27 3.00 0.00
3987 1990 214 24470.00 12.80 28.80 1.09 3.00 0.00
3987 1990 215 24720.00 15.80 29.30 1.09 3.60 0.00
3987 1990 216 25420.00 14.70 33.20 0.88 3.80 0.00
3987 1990 217 18210.00 18.70 31.40 1.17 4.20 0.00
3987 1990 218 21680.00 14.80 23.40 1.03 4.00 0.00
3987 1990 219 22500.00 10.10 21.90 1.11 3.50 0.00
3987 1990 220 21530.00 9.60 22.80 1.07 3.10 0.30
3987 1990 221 10720.00 13.10 21.20 1.46 3.70 11.60
3987 1990 222 9090.00 14.90 21.50 1.74 4.50 5.20
3987 1990 223 13790.00 12.70 23.60 1.56 2.70 0.00
3987 1990 224 17440.00 15.70 31.00 1.56 3.60 15.50
3987 1990 225 17990.00 16.10 28.70 1.62 2.70 0.00
3987 1990 226 12790.00 17.40 28.20 1.75 3.10 12.50
3987 1990 227 15460.00 15.00 25.20 1.82 2.30 0.00
3987 1990 228 12950.00 16.20 24.70 1.71 4.70 0.30
3987 1990 229 13950.00 12.60 20.00 1.32 3.60 0.20
3987 1990 230 10580.00 11.00 19.70 1.21 3.80 4.70
3987 1990 231 12580.00 12.10 19.20 1.38 2.20 1.60
3987 1990 232 11750.00 13.00 20.40 1.35 7.40 8.60
3987 1990 233 6560.00 10.10 17.50 1.26 7.40 3.10
3987 1990 234 10200.00 14.00 18.60 1.44 5.30 0.60
3987 1990 235 19760.00 11.70 21.80 1.37 4.80 0.10
3987 1990 236 22100.00 9.70 24.20 1.14 2.40 0.00
3987 1990 237 18940.00 12.20 28.30 1.46 3.10 0.00
3987 1990 238 20320.00 13.40 24.60 1.39 3.00 0.00
3987 1990 239 21190.00 11.70 25.50 1.16 3.70 0.00
3987 1990 240 17000.00 13.40 26.90 1.22 4.40 0.00
3987 1990 241 16100.00 14.00 30.30 1.36 4.30 0.90
3987 1990 242 16590.00 15.60 30.90 1.57 3.70 0.70
3987 1990 243 16050.00 16.20 24.40 1.86 3.20 24.40
3987 1990 244 5250.00 13.60 20.10 1.51 4.20 3.40
3987 1990 245 9530.00 12.50 19.50 1.46 3.90 0.50
3987 1990 246 19600.00 11.20 21.60 1.27 2.40 0.00
3987 1990 247 2750.00 12.20 16.00 1.47 3.80 3.50
3987 1990 248 4770.00 10.80 15.80 1.26 6.30 7.80
3987 1990 249 10110.00 10.10 18.00 1.29 3.50 2.90
3987 1990 250 10600.00 10.90 17.10 1.24 3.70 4.30
3987 1990 251 10390.00 7.40 16.10 1.23 4.80 2.00
3987 1990 252 5460.00 11.30 15.80 1.28 6.60 4.30
3987 1990 253 9030.00 11.00 16.70 1.31 5.30 2.30
3987 1990 254 9470.00 11.50 18.00 1.29 3.80 0.00
3987 1990 255 9620.00 7.30 17.00 1.19 2.50 0.30
3987 1990 256 7610.00 11.50 16.60 1.26 3.80 0.00
3987 1990 257 10320.00 11.60 16.60 1.20 3.70 0.00
3987 1990 258 9470.00 10.30 15.00 1.04 5.70 0.00
3987 1990 259 14410.00 6.00 16.90 1.00 3.30 0.00
3987 1990 260 13460.00 7.10 17.20 1.01 3.40 3.20
3987 1990 261 10450.00 9.60 15.60 1.07 6.00 0.20
3987 1990 262 7290.00 10.20 17.80 1.20 5.80 3.50
3987 1990 263 8590.00 8.90 16.40 0.95 6.90 3.50
3987 1990 264 6960.00 8.00 12.40 0.87 8.60 3.50
3987 1990 265 10450.00 8.10 14.30 0.91 6.80 0.00
3987 1990 266 11280.00 7.50 16.90 1.06 3.50 0.00
3987 1990 267 8499.74 8.10 12.50 1.10 5.30 3.10
3987 1990 268 10120.00 6.80 14.90 1.03 5.90 3.10
3987 1990 269 6620.00 5.40 13.10 1.00 4.50 0.90
3987 1990 270 7410.00 7.90 14.30 1.02 3.60 0.10
3987 1990 271 9140.00 6.50 14.10 0.98 4.90 0.00
3987 1990 272 11000.00 8.90 19.10 1.01 4.70 3.00
3987 1990 273 4740.00 10.70 19.00 1.47 3.50 0.50
3987 1990 274 8810.00 11.80 17.50 1.42 5.30 0.00
3987 1990 275 7400.00 7.80 14.60 1.12 3.10 0.00
3987 1990 276 12720.00 6.80 20.30 1.14 4.50 0.00
3987 1990 277 3130.00 10.40 14.80 1.20 4.80 0.10
3987 1990 278 10280.00 5.90 15.40 0.98 5.80 0.80
3987 1990 279 5520.00 10.40 18.50 1.36 6.80 0.10
3987 1990 280 10150.00 10.90 17.30 1.10 7.50 0.00
3987 1990 281 4440.00 6.20 11.40 0.90 5.70 0.00
3987 1990 282 9730.00 5.60 14.00 0.88 4.80 0.00
3987 1990 283 4900.00 6.50 14.80 1.02 4.80 0.00
3987 1990 284 8540.00 9.80 17.10 1.12 3.70 0.00
3987 1990 285 10780.00 6.80 19.20 1.05 3.60 0.00
3987 1990 286 8570.00 7.80 19.40 1.13 4.90 0.00
3987 1990 287 9690.00 9.20 23.20 1.42 2.00 0.00
3987 1990 288 8970.00 10.40 23.00 1.44 4.60 0.00
3987 1990 289 7780.00 10.40 21.80 1.35 2.40 0.00
3987 1990 290 7670.00 10.30 19.80 1.30 3.20 0.00
3987 1990 291 6810.00 11.00 20.80 1.30 2.80 0.00
3987 1990 292 6880.00 11.90 19.20 1.38 2.00 0.10
3987 1990 293 1190.00 10.20 12.80 1.15 3.00 0.00
3987 1990 294 5350.00 1.70 10.80 0.67 3.10 0.00
3987 1990 295 9830.00 -1.50 10.20 0.58 3.60 0.00
3987 1990 296 9540.00 -1.40 11.40 0.47 5.40 0.00
3987 1990 297 8860.00 -2.20 10.80 0.48 4.30 0.00
3987 1990 298 7820.00 -1.40 10.80 0.59 4.50 0.00
3987 1990 299 7350.00 -1.00 11.10 0.60 4.70 0.00
3987 1990 300 2010.00 3.70 10.80 0.79 3.50 0.00
3987 1990 301 6900.00 4.20 14.50 0.90 5.20 5.10
3987 1990 302 3500.00 4.90 10.30 0.89 5.80 2.40
3987 1990 303 2750.00 1.30 6.50 0.76 4.40 0.40
3987 1990 304 5390.00 4.10 12.40 0.87 5.80 0.70
3987 1990 305 1690.00 8.00 10.80 0.91 6.60 0.50
3987 1990 306 3550.00 4.20 11.20 0.85 4.30 0.20
3987 1990 307 4090.00 5.00 10.20 0.80 4.30 0.10
3987 1990 308 2980.00 1.60 5.90 0.67 2.60 0.00
3987 1990 309 4930.00 -2.10 5.50 0.60 2.40 0.70
3987 1990 310 4260.00 0.30 5.40 0.67 3.50 0.20
3987 1990 311 5330.00 3.50 8.20 0.77 4.10 0.00
3987 1990 312 5760.00 4.10 10.10 0.81 3.30 0.00
3987 1990 313 1070.00 3.40 5.20 0.76 1.50 0.00
3987 1990 314 4490.00 1.50 6.50 0.66 3.60 0.00
3987 1990 315 990.00 1.00 8.60 0.89 2.20 0.20
3987 1990 316 430.00 6.30 9.00 1.03 1.60 2.40
3987 1990 317 970.00 5.10 6.80 0.90 3.00 0.40
3987 1990 318 1310.00 5.90 10.00 0.97 3.90 1.80
3987 1990 319 1590.00 8.40 10.80 1.09 3.50 0.30
3987 1990 320 1390.00 7.30 10.40 0.96 6.40 2.70
3987 1990 321 910.00 6.30 11.80 1.01 5.50 15.30
3987 1990 322 1570.00 5.00 7.80 0.81 7.30 6.90
3987 1990 323 940.00 4.00 6.80 0.75 7.20 4.00
3987 1990 324 830.00 1.30 6.50 0.76 4.70 2.40
3987 1990 325 1590.00 4.10 6.30 0.71 6.30 0.00
3987 1990 326 1890.00 -0.70 4.50 0.67 2.20 0.00
3987 1990 327 210.00 1.20 3.40 0.65 4.50 8.60
3987 1990 328 4290.00 -0.10 4.90 0.58 3.60 0.00
3987 1990 329 980.00 -1.70 3.70 0.61 5.60 0.00
3987 1990 330 690.00 3.50 5.30 0.77 3.30 4.60
3987 1990 331 3760.00 -0.70 4.70 0.63 2.50 0.00
3987 1990 332 690.00 2.30 5.50 0.77 1.20 0.40
3987 1990 333 440.00 -0.70 4.60 0.67 5.00 5.10
3987 1990 334 2930.00 -1.80 4.50 0.49 5.00 0.00
3987 1990 335 3010.00 -5.50 0.00 0.44 3.60 0.00
3987 1990 336 700.00 -2.50 1.00 0.59 2.80 0.50
3987 1990 337 860.00 0.90 5.50 0.76 5.00 1.70
3987 1990 338 2040.00 3.00 5.40 0.75 6.50 6.50
3987 1990 339 3330.00 -1.20 3.40 0.54 4.30 0.00
3987 1990 340 4050.00 -4.90 1.20 0.47 2.90 0.00
3987 1990 341 1820.00 -2.30 0.90 0.46 3.30 0.00
3987 1990 342 2290.00 -7.20 -2.10 0.37 4.20 0.00
3987 1990 343 1679.99 -7.30 -1.10 0.40 4.80 0.00
3987 1990 344 280.00 -2.70 1.50 0.59 7.70 19.00
3987 1990 345 380.00 0.00 1.30 0.61 2.50 11.50
3987 1990 346 470.00 0.10 1.80 0.63 4.30 4.70
3987 1990 347 760.00 0.10 1.70 0.64 1.70 0.70
3987 1990 348 1450.00 -0.60 1.90 0.56 2.60 0.00
3987 1990 349 1110.00 -1.20 0.80 0.55 1.10 0.00
3987 1990 350 630.00 -2.50 1.20 0.56 1.80 0.40
3987 1990 351 1550.00 -2.00 0.80 0.49 3.50 0.00
3987 1990 352 720.00 -1.80 -0.70 0.48 3.80 0.20
3987 1990 353 1420.00 -2.10 0.20 0.53 2.50 0.70
3987 1990 354 540.00 -1.70 1.50 0.56 5.20 6.80
3987 1990 355 540.00 0.20 3.70 0.64 5.50 1.00
3987 1990 356 2000.00 -2.50 2.30 0.60 3.00 0.40
3987 1990 357 780.00 0.00 4.60 0.76 2.80 0.00
3987 1990 358 3080.00 -1.50 3.70 0.49 4.80 0.00
3987 1990 359 1870.00 -2.90 0.50 0.39 5.00 0.00
3987 1990 360 1560.00 -2.20 2.80 0.50 6.10 2.60
3987 1990 361 2160.00 0.70 7.20 0.67 7.00 0.20
3987 1990 362 2430.00 1.20 4.40 0.57 6.00 2.20
3987 1990 363 1440.00 0.70 8.80 0.77 5.90 9.80
3987 1990 364 3340.00 2.20 7.40 0.74 6.30 0.00
3987 1990 365 1930.00 1.30 5.90 0.66 4.20 2.10
