*---------------------------------------------------------------------------*
* Station name: Potsdam Saekularstation
* Year: 1987
* Author: Pedro Alencar                                   -999.000: NIL VALUE
* Source: DWD
* Comments: Gaps filled with interpolation and storical means
* Longitude: 13.0622, latitude: 52.3812, altitude: 82.0 m.
*
    * Column  Daily value
    * 1       station number
    * 2       year
    * 3       day
    * 4       irradiation                   (kJ m-2 d-1)
    * 5       minimum temperature           (degrees Celsius
    * 6       maximum temperature           (degrees Celsius)
    * 7       early morning vapour pressure (kPa)
    * 8       mean wind speed (height: 2 m) (m s-1)
    * 9       precipitation                 (mm d-1)
    *
** WCCDESCRIPTION=Potsdam, Germany
** WCCFORMAT=2
** WCCYEARNR=1987
*---------------------------------------------------------------------------*
   13.0622 52.3812 82.0 -0.18 -0.55
3987 1987 1 320.00 0.00 5.90 0.68 6.80 13.30
3987 1987 2 1130.00 -5.60 0.00 0.34 7.10 4.50
3987 1987 3 1730.00 -13.30 -4.00 0.27 4.80 0.50
3987 1987 4 2700.00 -6.10 -1.80 0.36 4.30 7.80
3987 1987 5 780.00 -4.50 2.50 0.59 8.10 5.50
3987 1987 6 1260.00 -1.90 2.10 0.48 6.00 0.70
3987 1987 7 1340.00 -8.30 -1.80 0.33 2.90 3.00
3987 1987 8 2140.00 -10.90 -4.20 0.33 5.50 5.80
3987 1987 9 3030.00 -11.80 0.70 0.35 4.90 0.20
3987 1987 10 1720.00 -15.30 -8.80 0.21 2.80 0.00
3987 1987 11 3890.00 -19.00 -12.90 0.14 2.90 0.20
3987 1987 12 790.00 -18.80 -9.30 0.17 4.50 6.80
3987 1987 13 2450.00 -20.60 -13.80 0.11 2.20 0.00
3987 1987 14 3060.00 -20.80 -15.30 0.11 6.30 0.00
3987 1987 15 2380.00 -17.10 -10.90 0.16 10.10 1.50
3987 1987 16 1400.00 -12.10 -10.10 0.20 4.80 0.80
3987 1987 17 3460.00 -15.60 -9.70 0.19 2.40 0.00
3987 1987 18 1780.00 -15.10 -7.10 0.24 3.80 0.00
3987 1987 19 1280.00 -12.10 -7.60 0.27 3.50 0.10
3987 1987 20 2220.00 -13.90 -9.60 0.21 1.50 0.20
3987 1987 21 1280.00 -13.10 -8.00 0.29 1.30 0.00
3987 1987 22 900.00 -8.10 -0.20 0.49 1.90 4.50
3987 1987 23 660.00 -0.20 1.70 0.64 5.70 6.50
3987 1987 24 850.00 -0.90 1.70 0.54 3.40 0.00
3987 1987 25 520.00 -0.50 2.70 0.61 10.90 3.60
3987 1987 26 3110.00 -3.00 2.80 0.46 7.50 0.00
3987 1987 27 5430.00 -7.40 0.30 0.41 5.40 0.20
3987 1987 28 2730.00 -4.00 0.80 0.49 5.30 0.70
3987 1987 29 4160.00 -11.50 -3.80 0.27 4.50 0.10
3987 1987 30 6670.00 -17.60 -7.30 0.18 3.90 0.00
3987 1987 31 5830.00 -14.40 -0.50 0.21 4.50 0.00
3987 1987 32 5640.00 -12.40 -1.40 0.22 3.50 0.00
3987 1987 33 5910.00 -13.00 -1.80 0.24 4.20 0.00
3987 1987 34 6130.00 -11.20 -0.30 0.28 4.20 0.00
3987 1987 35 950.00 -10.30 0.00 0.41 3.50 0.00
3987 1987 36 2750.00 -0.40 3.60 0.62 3.60 0.10
3987 1987 37 1500.00 2.10 5.30 0.69 8.50 2.00
3987 1987 38 2460.00 -0.10 5.30 0.63 8.70 0.30
3987 1987 39 1360.00 -3.30 2.00 0.54 5.70 6.50
3987 1987 40 1810.00 1.20 5.00 0.80 5.10 0.00
3987 1987 41 1730.00 3.20 6.20 0.76 4.90 3.30
3987 1987 42 6000.00 -0.40 7.40 0.62 4.60 0.00
3987 1987 43 3160.00 0.60 4.70 0.63 3.40 0.00
3987 1987 44 1390.00 -1.70 2.10 0.59 3.60 3.00
3987 1987 45 1610.00 -0.90 2.00 0.58 3.00 1.80
3987 1987 46 620.00 0.10 1.20 0.59 3.30 8.80
3987 1987 47 1000.00 -0.70 0.40 0.55 2.70 0.70
3987 1987 48 1080.00 -1.80 -0.60 0.48 3.70 0.00
3987 1987 49 1460.00 -2.30 -0.70 0.46 1.80 10.40
3987 1987 50 1430.00 -1.50 -0.50 0.50 3.20 0.30
3987 1987 51 1460.00 -2.90 -0.90 0.45 5.90 0.00
3987 1987 52 1960.00 -3.00 -0.80 0.46 3.20 4.50
3987 1987 53 2390.00 -4.90 1.30 0.49 6.00 0.80
3987 1987 54 11330.00 -5.30 1.10 0.33 4.80 0.00
3987 1987 55 11010.00 -11.40 2.70 0.26 4.30 0.00
3987 1987 56 10890.00 -11.00 4.20 0.23 3.00 0.00
3987 1987 57 9490.00 -7.30 2.60 0.36 6.00 0.00
3987 1987 58 2180.00 -5.40 2.20 0.52 5.20 4.30
3987 1987 59 1300.00 0.20 3.10 0.64 3.50 1.80
3987 1987 60 6910.00 -4.70 0.40 0.28 5.90 0.00
3987 1987 61 4580.00 -9.10 -4.60 0.20 8.40 0.00
3987 1987 62 9960.00 -12.60 -4.10 0.21 4.20 0.00
3987 1987 63 9760.00 -9.00 -2.90 0.25 2.70 0.00
3987 1987 64 9380.00 -9.70 -0.50 0.25 1.50 0.00
3987 1987 65 8440.00 -6.80 -2.00 0.27 3.10 0.00
3987 1987 66 7680.00 -11.20 -3.10 0.27 3.10 0.00
3987 1987 67 9550.00 -6.20 1.20 0.34 3.30 0.00
3987 1987 68 12360.00 -5.80 2.50 0.30 5.00 0.00
3987 1987 69 12580.00 -8.30 3.40 0.27 3.70 0.00
3987 1987 70 12790.00 -7.80 2.40 0.27 4.80 0.00
3987 1987 71 13190.00 -8.60 1.50 0.25 3.70 0.00
3987 1987 72 13550.00 -8.90 2.80 0.23 4.90 0.00
3987 1987 73 13030.00 -7.00 3.30 0.27 3.70 0.00
3987 1987 74 11030.00 -6.20 4.60 0.35 4.10 4.00
3987 1987 75 2810.00 -1.40 0.90 0.55 3.90 4.10
3987 1987 76 7820.00 -2.00 2.80 0.50 3.80 3.30
3987 1987 77 4090.00 -0.50 6.40 0.66 6.30 4.60
3987 1987 78 13900.00 -0.80 7.30 0.50 5.30 1.00
3987 1987 79 9100.00 -2.80 4.30 0.52 4.40 1.90
3987 1987 80 10510.00 -1.00 7.00 0.51 4.90 0.00
3987 1987 81 5430.00 -1.50 5.60 0.52 5.00 0.70
3987 1987 82 6610.00 -2.00 6.50 0.57 4.10 1.10
3987 1987 83 3610.00 2.70 8.10 0.89 2.30 0.70
3987 1987 84 5910.00 5.50 11.40 1.03 2.90 3.10
3987 1987 85 7760.00 5.20 10.70 0.80 5.80 0.90
3987 1987 86 10750.00 2.00 13.90 0.73 7.00 3.30
3987 1987 87 10810.00 5.80 13.70 0.72 8.20 1.00
3987 1987 88 10120.00 1.00 8.40 0.62 7.00 0.90
3987 1987 89 15190.00 -0.10 8.30 0.52 5.30 0.00
3987 1987 90 14630.00 -1.80 10.30 0.58 3.20 0.00
3987 1987 91 3940.00 -0.50 6.40 0.62 3.00 0.20
3987 1987 92 2050.00 2.30 5.30 0.75 3.80 0.40
3987 1987 93 14210.00 1.30 12.70 0.75 6.40 0.00
3987 1987 94 8240.00 3.40 12.80 0.82 8.00 0.20
3987 1987 95 640.00 5.70 10.00 0.90 7.00 12.00
3987 1987 96 6720.00 5.20 10.40 0.87 4.50 0.00
3987 1987 97 14990.00 2.50 17.90 0.86 3.20 0.40
3987 1987 98 14800.00 8.50 17.40 0.94 4.10 0.40
3987 1987 99 11810.00 6.60 18.20 0.95 3.30 1.80
3987 1987 100 2920.00 7.40 10.20 1.05 3.30 6.40
3987 1987 101 18420.00 1.50 14.60 0.69 3.90 1.10
3987 1987 102 11380.00 4.90 12.00 0.77 1.80 0.10
3987 1987 103 13320.00 0.80 12.40 0.72 2.80 0.00
3987 1987 104 13050.00 2.10 13.30 0.70 2.00 0.00
3987 1987 105 6370.00 6.90 11.80 0.84 2.60 0.20
3987 1987 106 9560.00 6.10 13.50 0.87 4.40 0.00
3987 1987 107 18160.00 3.10 15.20 0.77 5.40 0.00
3987 1987 108 21330.00 2.30 15.60 0.70 3.50 0.00
3987 1987 109 16860.00 2.10 20.00 0.72 3.20 1.60
3987 1987 110 11650.00 10.00 16.70 1.06 7.00 3.30
3987 1987 111 2860.00 6.30 10.00 0.94 6.10 0.90
3987 1987 112 6040.00 3.80 9.60 0.77 1.80 0.00
3987 1987 113 17330.00 4.20 16.90 0.82 2.20 0.00
3987 1987 114 21130.00 7.20 21.60 0.87 1.90 0.00
3987 1987 115 20810.00 7.90 21.60 0.94 2.20 0.00
3987 1987 116 20400.00 6.60 17.50 0.78 3.40 0.00
3987 1987 117 22950.00 -0.90 14.50 0.51 2.50 0.00
3987 1987 118 21080.00 3.60 19.60 0.57 3.20 0.00
3987 1987 119 23480.00 5.80 25.90 0.70 4.40 0.00
3987 1987 120 20430.00 10.60 28.30 1.00 3.50 1.00
3987 1987 121 14150.00 12.50 21.10 1.40 3.50 2.70
3987 1987 122 11890.00 9.00 23.50 1.27 4.00 1.40
3987 1987 123 6030.00 7.40 15.60 0.86 3.80 17.90
3987 1987 124 2660.00 4.70 10.10 1.03 2.90 2.10
3987 1987 125 4350.00 5.50 10.00 0.92 4.30 0.40
3987 1987 126 7690.00 4.30 10.30 0.92 3.20 2.80
3987 1987 127 18010.00 5.90 17.10 0.85 4.30 0.00
3987 1987 128 25110.00 2.60 17.00 0.76 4.80 0.00
3987 1987 129 23520.00 4.90 21.50 0.94 5.20 0.00
3987 1987 130 15640.00 8.70 23.70 0.94 4.50 2.10
3987 1987 131 13280.00 3.50 13.00 0.73 6.00 0.20
3987 1987 132 7230.00 7.80 13.00 1.01 6.30 5.90
3987 1987 133 14410.00 5.80 13.10 0.78 5.90 0.00
3987 1987 134 17300.00 3.30 13.60 0.74 4.00 0.30
3987 1987 135 9350.00 4.80 15.10 0.93 4.60 4.90
3987 1987 136 14360.00 7.90 14.00 0.96 4.10 0.00
3987 1987 137 16010.00 4.40 14.50 0.75 4.10 0.20
3987 1987 138 18490.00 3.60 18.00 0.80 2.80 0.00
3987 1987 139 18320.00 8.70 19.50 0.93 2.10 0.00
3987 1987 140 16730.00 5.60 14.60 0.78 5.70 1.40
3987 1987 141 10700.00 4.70 11.60 0.80 3.80 0.00
3987 1987 142 4840.00 5.70 10.30 0.98 3.50 2.40
3987 1987 143 25280.00 5.70 20.80 0.84 3.80 0.00
3987 1987 144 21490.00 4.90 22.80 0.79 3.00 0.00
3987 1987 145 27060.00 3.60 19.80 0.77 3.30 0.00
3987 1987 146 28100.00 3.50 21.30 0.65 1.80 0.00
3987 1987 147 18120.00 9.10 24.70 1.01 3.20 18.40
3987 1987 148 8130.00 8.60 13.40 0.96 4.90 0.00
3987 1987 149 11690.00 8.30 14.30 0.91 3.20 0.00
3987 1987 150 13860.00 8.30 13.80 0.96 2.30 0.00
3987 1987 151 10610.00 7.10 15.70 0.97 2.00 1.30
3987 1987 152 14140.00 10.90 18.90 1.20 3.80 5.30
3987 1987 153 17510.00 9.40 16.70 1.08 5.00 0.80
3987 1987 154 7090.00 8.60 16.00 1.31 2.30 5.70
3987 1987 155 9660.00 10.20 18.20 1.40 2.20 14.50
3987 1987 156 17550.00 10.00 19.60 1.38 3.30 12.30
3987 1987 157 17070.00 9.30 20.50 1.33 3.90 0.00
3987 1987 158 20990.00 12.10 22.40 1.32 4.70 0.00
3987 1987 159 7460.00 12.60 20.30 1.25 5.90 0.80
3987 1987 160 19720.00 7.80 20.60 1.01 4.00 0.00
3987 1987 161 16890.00 8.70 20.60 1.12 3.30 2.60
3987 1987 162 21480.00 8.70 23.70 1.23 4.40 1.10
3987 1987 163 13920.00 11.50 19.50 1.33 3.30 6.80
3987 1987 164 11400.00 10.80 18.60 1.42 2.80 7.20
3987 1987 165 19910.00 13.60 19.70 1.37 3.80 4.00
3987 1987 166 4520.00 9.30 17.50 1.28 4.40 16.20
3987 1987 167 8510.00 7.70 13.30 1.10 7.50 0.70
3987 1987 168 16210.00 8.00 16.30 0.94 6.30 0.00
3987 1987 169 9180.00 6.30 12.20 1.07 6.20 5.50
3987 1987 170 17990.00 8.70 19.80 1.08 3.60 0.00
3987 1987 171 19250.00 12.10 23.90 1.28 2.70 0.00
3987 1987 172 6600.00 11.50 17.30 1.30 3.80 0.00
3987 1987 173 25250.00 9.80 21.90 1.15 1.50 0.00
3987 1987 174 12140.00 13.20 19.60 1.36 4.20 2.30
3987 1987 175 15400.00 8.70 18.20 1.22 2.90 2.10
3987 1987 176 12710.00 11.20 18.00 1.26 3.30 0.00
3987 1987 177 14080.00 10.30 22.50 1.40 3.70 2.40
3987 1987 178 16150.00 9.90 20.80 1.40 2.80 0.00
3987 1987 179 8980.00 16.40 23.00 1.74 3.50 0.80
3987 1987 180 17860.00 16.70 29.70 2.06 2.50 0.00
3987 1987 181 23530.00 19.00 32.80 2.21 3.00 0.20
3987 1987 182 15770.00 20.10 28.20 2.05 3.00 0.00
3987 1987 183 27160.00 13.00 23.70 1.21 2.40 0.00
3987 1987 184 21260.00 12.60 24.70 1.29 3.00 0.00
3987 1987 185 25190.00 13.40 23.40 1.26 3.70 0.00
3987 1987 186 28320.00 10.00 26.10 1.23 2.30 0.00
3987 1987 187 28090.00 12.90 28.10 1.22 3.40 0.00
3987 1987 188 26590.00 14.30 31.00 1.44 3.70 0.00
3987 1987 189 9860.00 18.10 25.90 1.79 4.00 0.00
3987 1987 190 21010.00 12.20 21.00 1.20 5.30 0.00
3987 1987 191 19200.00 9.70 20.20 1.06 5.90 0.10
3987 1987 192 14080.00 13.00 26.80 1.58 5.00 15.00
3987 1987 193 16170.00 16.90 24.10 1.67 5.20 0.00
3987 1987 194 15100.00 13.40 21.30 1.29 4.80 0.00
3987 1987 195 27480.00 8.60 24.50 1.14 2.30 0.00
3987 1987 196 23840.00 12.40 28.10 1.35 5.50 0.00
3987 1987 197 19740.00 16.40 30.60 1.82 4.30 7.10
3987 1987 198 17400.00 18.10 28.30 1.96 4.30 1.30
3987 1987 199 4070.00 14.60 25.00 1.71 3.00 26.40
3987 1987 200 21860.00 13.70 24.90 1.64 2.90 1.80
3987 1987 201 18870.00 15.20 25.40 1.75 2.50 3.50
3987 1987 202 9040.00 14.20 21.60 1.66 2.80 0.60
3987 1987 203 18040.00 13.10 25.10 1.65 2.30 0.00
3987 1987 204 13060.00 15.50 22.90 1.81 2.50 3.30
3987 1987 205 17610.00 13.40 22.40 1.59 4.80 1.00
3987 1987 206 15110.00 11.50 19.60 1.28 5.10 0.30
3987 1987 207 20500.00 8.70 17.70 1.09 6.70 0.90
3987 1987 208 8580.00 10.30 16.80 1.25 5.30 4.00
3987 1987 209 7220.00 10.70 15.50 1.29 5.80 0.20
3987 1987 210 10350.00 10.70 18.60 1.35 3.10 1.30
3987 1987 211 12760.00 13.00 23.50 1.72 3.30 1.00
3987 1987 212 10090.00 11.90 17.90 1.42 5.40 3.20
3987 1987 213 10240.00 13.40 19.80 1.47 6.00 1.70
3987 1987 214 13710.00 10.50 17.60 1.24 6.00 0.20
3987 1987 215 13600.00 9.60 19.30 1.23 3.80 2.30
3987 1987 216 18430.00 10.60 18.50 1.20 5.90 1.10
3987 1987 217 8920.00 9.40 16.10 1.19 6.20 13.50
3987 1987 218 12240.00 9.40 15.70 1.17 5.80 6.70
3987 1987 219 20560.00 5.40 19.60 1.02 3.60 0.00
3987 1987 220 15660.00 9.10 19.70 1.11 4.60 0.00
3987 1987 221 9380.00 12.00 19.50 1.42 2.50 12.50
3987 1987 222 10640.00 12.40 18.10 1.44 4.10 7.80
3987 1987 223 14470.00 11.40 18.20 1.27 4.30 1.10
3987 1987 224 16110.00 8.40 21.20 1.25 2.00 5.70
3987 1987 225 15520.00 10.50 20.40 1.39 2.20 3.30
3987 1987 226 10930.00 13.20 23.10 1.71 4.40 1.10
3987 1987 227 14530.00 12.70 19.40 1.40 7.10 1.40
3987 1987 228 10510.00 12.40 18.60 1.41 3.80 0.00
3987 1987 229 10180.00 13.50 23.60 1.81 2.60 0.30
3987 1987 230 10160.00 16.80 24.60 2.05 2.40 4.40
3987 1987 231 6180.00 16.50 20.40 1.92 3.60 0.40
3987 1987 232 20530.00 14.00 22.50 1.52 2.50 0.00
3987 1987 233 18670.00 11.50 26.50 1.63 3.70 0.00
3987 1987 234 19970.00 13.70 28.30 1.67 3.80 0.00
3987 1987 235 16200.00 14.70 29.10 1.84 3.50 8.00
3987 1987 236 14060.00 17.20 25.40 2.09 3.20 0.00
3987 1987 237 8150.00 17.80 24.90 1.91 4.30 0.20
3987 1987 238 7730.00 13.90 19.70 1.33 5.70 0.00
3987 1987 239 9960.00 13.20 21.30 1.41 3.70 2.30
3987 1987 240 7000.00 14.10 18.70 1.44 6.30 0.70
3987 1987 241 8190.00 12.90 19.30 1.54 4.60 0.20
3987 1987 242 16600.00 10.50 19.50 1.21 4.80 0.00
3987 1987 243 10000.00 13.00 18.70 1.32 4.30 0.00
3987 1987 244 19860.00 8.60 22.20 1.29 4.20 0.00
3987 1987 245 13630.00 11.50 24.30 1.60 3.60 0.00
3987 1987 246 16670.00 12.50 23.40 1.50 2.00 0.00
3987 1987 247 17530.00 12.30 26.40 1.57 2.80 0.00
3987 1987 248 9710.00 12.80 23.40 1.73 3.20 0.20
3987 1987 249 11590.00 14.30 20.90 1.58 3.80 0.00
3987 1987 250 7230.00 11.60 20.50 1.38 6.50 0.30
3987 1987 251 15310.00 9.30 20.40 1.26 4.70 1.70
3987 1987 252 10330.00 8.90 18.80 1.31 3.10 0.00
3987 1987 253 11210.00 10.20 21.40 1.33 5.10 0.30
3987 1987 254 11010.00 11.20 19.40 1.25 5.50 0.10
3987 1987 255 9270.00 9.70 23.10 1.51 6.00 0.00
3987 1987 256 5100.00 14.70 20.20 1.58 4.40 3.20
3987 1987 257 4530.00 13.30 17.80 1.71 4.30 4.90
3987 1987 258 13660.00 11.50 18.80 1.25 6.60 0.00
3987 1987 259 8270.00 8.90 17.60 1.24 2.20 0.00
3987 1987 260 6180.00 11.10 18.20 1.34 4.80 0.70
3987 1987 261 6980.00 13.10 22.20 1.74 5.60 0.00
3987 1987 262 14290.00 8.30 17.80 1.13 2.80 16.10
3987 1987 263 1870.00 9.20 12.40 1.29 2.60 0.30
3987 1987 264 7280.00 8.70 18.00 1.38 4.50 0.00
3987 1987 265 9310.00 12.90 26.10 1.93 4.30 11.60
3987 1987 266 5670.00 15.80 22.10 1.97 3.30 6.00
3987 1987 267 7544.55 12.00 17.30 1.48 4.10 4.40
3987 1987 268 9460.00 9.50 16.00 1.16 4.90 0.60
3987 1987 269 11310.00 5.40 17.10 1.05 3.00 0.30
3987 1987 270 10040.00 6.80 13.50 0.94 6.50 0.00
3987 1987 271 9400.00 5.20 13.80 0.93 6.00 0.10
3987 1987 272 9270.00 4.80 13.80 0.94 3.00 0.00
3987 1987 273 6820.00 3.20 13.50 0.95 2.00 0.00
3987 1987 274 8830.00 3.90 13.70 0.91 3.50 0.00
3987 1987 275 12830.00 3.40 13.80 0.81 5.20 0.00
3987 1987 276 11660.00 2.50 15.00 0.82 5.40 0.00
3987 1987 277 11480.00 2.80 15.70 0.84 5.20 0.00
3987 1987 278 9180.00 4.70 17.30 0.99 4.80 0.00
3987 1987 279 8090.00 8.70 22.70 1.28 4.70 0.60
3987 1987 280 9790.00 9.60 17.90 1.07 5.50 0.00
3987 1987 281 4290.00 7.60 17.40 1.06 6.70 0.10
3987 1987 282 10540.00 6.70 13.80 0.78 5.70 0.00
3987 1987 283 11040.00 4.10 18.70 0.98 5.80 0.00
3987 1987 284 7440.00 9.90 19.80 1.32 3.90 0.00
3987 1987 285 4420.00 9.20 19.80 1.27 6.20 0.00
3987 1987 286 7140.00 4.50 14.40 0.91 3.60 0.00
3987 1987 287 5660.00 6.70 14.50 1.03 3.80 0.00
3987 1987 288 3800.00 5.20 16.90 1.15 5.70 1.60
3987 1987 289 3820.00 11.30 19.80 1.40 4.70 0.70
3987 1987 290 1460.00 10.50 17.20 1.33 2.10 9.70
3987 1987 291 6600.00 7.50 14.70 1.15 1.70 0.00
3987 1987 292 2770.00 4.80 9.60 1.00 2.30 0.00
3987 1987 293 1370.00 4.90 11.20 1.09 4.40 0.00
3987 1987 294 3180.00 7.90 11.60 1.06 5.00 0.00
3987 1987 295 2030.00 6.00 9.60 1.03 2.60 1.40
3987 1987 296 3250.00 7.80 11.80 1.11 2.30 3.30
3987 1987 297 870.00 7.90 9.70 1.12 2.30 0.70
3987 1987 298 1040.00 5.80 8.60 0.93 2.50 0.00
3987 1987 299 6720.00 3.10 11.00 0.82 4.00 0.00
3987 1987 300 6720.00 1.60 10.60 0.76 6.30 0.00
3987 1987 301 6540.00 2.00 12.10 0.74 5.90 0.00
3987 1987 302 6350.00 1.60 9.70 0.61 5.00 0.00
3987 1987 303 5970.00 0.00 8.90 0.51 4.20 0.00
3987 1987 304 6270.00 -2.70 8.60 0.54 4.30 0.00
3987 1987 305 3520.00 1.60 11.80 0.84 3.00 3.80
3987 1987 306 810.00 6.90 8.70 1.02 2.50 0.30
3987 1987 307 3000.00 3.60 8.20 0.84 1.90 0.00
3987 1987 308 2580.00 5.80 9.90 0.85 2.00 0.00
3987 1987 309 1570.00 5.20 9.10 0.85 4.20 0.10
3987 1987 310 1030.00 6.20 8.50 0.91 5.30 0.20
3987 1987 311 770.00 6.60 7.90 0.84 4.50 0.00
3987 1987 312 1540.00 5.20 7.20 0.80 3.50 0.10
3987 1987 313 3220.00 3.40 7.90 0.75 3.00 0.00
3987 1987 314 1360.00 1.80 6.10 0.71 3.50 0.90
3987 1987 315 970.00 2.60 6.80 0.80 3.60 2.30
3987 1987 316 880.00 4.50 11.20 0.85 6.80 2.90
3987 1987 317 2630.00 2.50 9.80 0.75 5.30 2.90
3987 1987 318 1170.00 3.50 7.40 0.82 6.90 0.70
3987 1987 319 2890.00 1.20 8.30 0.68 5.50 0.00
3987 1987 320 1000.00 1.40 8.90 0.84 5.40 5.60
3987 1987 321 890.00 6.70 9.40 0.99 7.50 7.30
3987 1987 322 1110.00 7.40 9.50 0.98 6.50 6.70
3987 1987 323 430.00 7.60 8.90 1.04 5.60 22.80
3987 1987 324 1340.00 5.20 8.20 0.83 6.30 2.50
3987 1987 325 1980.00 3.90 6.80 0.80 3.10 2.40
3987 1987 326 570.00 1.80 5.90 0.79 3.50 6.00
3987 1987 327 500.00 2.00 5.50 0.71 5.00 0.20
3987 1987 328 550.00 0.90 2.50 0.58 6.70 0.20
3987 1987 329 210.00 1.00 6.50 0.75 5.60 3.90
3987 1987 330 3800.00 -0.50 7.40 0.63 3.10 0.00
3987 1987 331 2220.00 -1.50 3.40 0.60 3.70 0.00
3987 1987 332 530.00 2.20 4.20 0.69 5.30 0.00
3987 1987 333 1020.00 2.50 4.90 0.70 3.60 0.00
3987 1987 334 880.00 0.50 4.80 0.65 2.00 0.00
3987 1987 335 1820.00 -2.30 2.60 0.55 2.30 0.00
3987 1987 336 910.00 -0.10 3.80 0.58 3.00 0.10
3987 1987 337 850.00 -0.90 3.50 0.55 3.00 0.00
3987 1987 338 1580.00 -2.40 -0.10 0.47 5.00 0.00
3987 1987 339 3530.00 -4.50 0.90 0.47 3.50 0.00
3987 1987 340 640.00 -4.90 -1.50 0.46 2.10 0.50
3987 1987 341 2150.00 -4.80 0.50 0.44 3.80 0.10
3987 1987 342 3490.00 -8.50 -2.60 0.32 3.30 0.00
3987 1987 343 1985.28 -8.20 -5.70 0.33 2.40 0.00
3987 1987 344 1290.00 -8.80 2.30 0.51 7.00 0.90
3987 1987 345 3300.00 -0.80 4.10 0.59 5.50 0.00
3987 1987 346 3660.00 -5.10 1.40 0.45 1.70 0.00
3987 1987 347 540.00 -6.30 -3.60 0.39 1.30 0.00
3987 1987 348 550.00 -6.00 -3.40 0.39 0.70 0.00
3987 1987 349 840.00 -4.90 -3.00 0.38 1.50 0.00
3987 1987 350 580.00 -6.60 0.80 0.53 3.40 6.30
3987 1987 351 310.00 0.40 1.90 0.68 4.30 2.10
3987 1987 352 430.00 1.50 12.50 1.13 6.40 6.20
3987 1987 353 490.00 7.20 11.80 1.02 7.30 1.30
3987 1987 354 390.00 5.50 8.80 0.96 6.60 11.30
3987 1987 355 1530.00 7.10 9.50 1.03 7.20 3.90
3987 1987 356 720.00 4.70 8.60 0.93 6.50 1.30
3987 1987 357 950.00 1.70 5.90 0.70 5.00 0.00
3987 1987 358 770.00 0.20 2.90 0.61 3.00 0.00
3987 1987 359 2470.00 -2.60 1.80 0.52 3.30 0.70
3987 1987 360 1200.00 0.80 7.40 0.75 5.20 1.50
3987 1987 361 420.00 4.70 8.70 0.93 6.80 1.40
3987 1987 362 880.00 6.40 11.00 1.04 7.60 3.00
3987 1987 363 1270.00 9.10 11.10 1.01 6.20 5.80
3987 1987 364 2310.00 6.70 11.50 0.98 7.30 0.00
3987 1987 365 2340.00 1.90 7.20 0.76 4.20 0.10
