*---------------------------------------------------------------------------*
* Station name: Potsdam Saekularstation
* Year: 1937
* Author: Pedro Alencar                                   -999.000: NIL VALUE
* Source: DWD
* Comments: Gaps filled with interpolation and storical means
* Longitude: 13.0622, latitude: 52.3812, altitude: 82.0 m.
*
    * Column  Daily value
    * 1       station number
    * 2       year
    * 3       day
    * 4       irradiation                   (kJ m-2 d-1)
    * 5       minimum temperature           (degrees Celsius
    * 6       maximum temperature           (degrees Celsius)
    * 7       early morning vapour pressure (kPa)
    * 8       mean wind speed (height: 2 m) (m s-1)
    * 9       precipitation                 (mm d-1)
    *
** WCCDESCRIPTION=Potsdam, Germany
** WCCFORMAT=2
** WCCYEARNR=1937
*---------------------------------------------------------------------------*
   13.0622 52.3812 82.0 -0.18 -0.55
3987 1937 1 3799.86 -1.70 4.80 0.65 6.60 0.60
3987 1937 2 1759.57 2.00 5.20 0.68 8.60 4.80
3987 1937 3 2506.91 3.20 8.50 0.92 10.10 5.70
3987 1937 4 1574.07 6.20 9.40 0.96 6.80 0.00
3987 1937 5 1595.19 2.90 6.90 0.71 6.90 0.00
3987 1937 6 2159.04 1.90 5.50 0.65 9.70 3.50
3987 1937 7 2261.85 3.70 7.00 0.75 10.00 2.20
3987 1937 8 3327.84 -2.10 4.60 0.52 6.10 0.00
3987 1937 9 4412.24 -5.00 1.80 0.47 3.40 0.10
3987 1937 10 1702.95 -5.70 -2.90 0.45 1.70 0.00
3987 1937 11 2560.41 -8.10 -0.50 0.48 2.30 0.00
3987 1937 12 3117.87 -3.10 0.90 0.48 3.90 0.00
3987 1937 13 5182.17 -5.10 -0.10 0.39 6.10 0.00
3987 1937 14 4459.60 -6.50 0.60 0.33 7.40 0.00
3987 1937 15 1997.89 -3.10 0.00 0.32 6.30 0.00
3987 1937 16 1843.51 -5.40 -0.90 0.39 6.20 0.10
3987 1937 17 4314.88 -7.90 -1.40 0.32 6.30 0.00
3987 1937 18 5224.06 -9.60 -3.80 0.25 8.80 1.30
3987 1937 19 1946.86 -10.50 -5.70 0.28 10.20 1.90
3987 1937 20 1982.39 -13.00 -8.20 0.24 6.10 0.00
3987 1937 21 2294.07 -14.30 -3.10 0.37 6.20 0.00
3987 1937 22 4771.32 -7.00 2.20 0.48 6.20 0.00
3987 1937 23 5737.96 -4.60 2.50 0.48 7.40 0.00
3987 1937 24 5902.26 -9.00 -2.60 0.27 9.80 0.00
3987 1937 25 5970.06 -14.40 -7.40 0.16 11.10 0.00
3987 1937 26 2192.40 -14.20 -8.70 0.21 9.60 1.10
3987 1937 27 2231.05 -12.40 -8.30 0.21 8.50 0.00
3987 1937 28 3227.51 -10.30 -8.30 0.25 9.80 0.10
3987 1937 29 2310.75 -11.00 -8.80 0.23 8.80 0.20
3987 1937 30 2353.77 -10.70 -7.70 0.23 6.90 0.00
3987 1937 31 2397.61 -11.30 -8.90 0.24 9.30 0.40
3987 1937 32 2487.95 -13.60 -2.80 0.32 7.70 0.40
3987 1937 33 4288.12 -3.10 6.90 0.64 5.30 0.00
3987 1937 34 2490.66 1.20 6.00 0.75 7.40 1.40
3987 1937 35 3099.71 2.50 8.70 0.69 7.20 0.00
3987 1937 36 2578.88 5.20 7.70 0.84 7.70 3.80
3987 1937 37 2751.61 2.90 8.40 0.73 9.40 0.00
3987 1937 38 3342.24 0.90 4.70 0.63 7.50 0.00
3987 1937 39 5387.61 -1.80 4.70 0.55 6.50 0.00
3987 1937 40 2800.43 -1.60 3.20 0.60 7.80 5.80
3987 1937 41 5001.68 0.00 5.70 0.60 6.00 1.40
3987 1937 42 2971.46 -0.90 2.50 0.63 4.60 5.30
3987 1937 43 3152.07 -0.40 3.30 0.64 2.60 0.00
3987 1937 44 3027.10 -2.00 0.20 0.55 3.30 0.10
3987 1937 45 6001.32 -5.30 1.60 0.41 3.60 0.00
3987 1937 46 3126.66 -1.60 4.20 0.69 5.20 2.80
3987 1937 47 3171.25 4.10 8.00 0.91 5.50 1.10
3987 1937 48 4178.79 1.30 6.70 0.71 6.10 1.10
3987 1937 49 3312.15 0.30 2.80 0.57 4.80 1.10
3987 1937 50 3370.90 0.40 4.10 0.65 7.60 13.10
3987 1937 51 5994.15 -0.10 4.90 0.59 9.90 1.00
3987 1937 52 3708.29 0.90 3.00 0.61 7.90 1.20
3987 1937 53 3566.58 -0.20 2.70 0.61 4.90 3.70
3987 1937 54 4211.09 -1.30 1.50 0.55 7.70 6.00
3987 1937 55 7851.34 -2.10 2.80 0.51 5.80 1.10
3987 1937 56 10069.20 -6.20 -0.10 0.37 4.50 0.00
3987 1937 57 5535.16 -6.00 6.20 0.60 5.90 11.70
3987 1937 58 7073.38 2.50 11.00 0.76 6.80 0.10
3987 1937 59 5069.95 4.50 10.50 0.76 4.70 4.10
3987 1937 60 10850.73 -0.20 7.10 0.53 7.00 0.00
3987 1937 61 7430.30 -2.30 7.00 0.43 3.60 0.40
3987 1937 62 4179.37 -0.20 2.90 0.63 3.90 8.50
3987 1937 63 4266.66 -3.30 0.00 0.49 7.30 0.10
3987 1937 64 4326.93 -3.20 1.30 0.56 5.80 0.50
3987 1937 65 4392.90 -0.50 2.30 0.63 4.30 5.30
3987 1937 66 4467.53 -0.20 2.00 0.57 4.40 1.10
3987 1937 67 4551.30 -1.70 0.30 0.49 4.10 1.40
3987 1937 68 5130.57 -3.30 -0.10 0.44 6.20 0.00
3987 1937 69 4695.48 -1.50 1.00 0.59 6.20 3.90
3987 1937 70 10004.83 -4.30 7.60 0.52 6.50 0.00
3987 1937 71 6682.30 1.60 11.00 0.72 5.50 0.90
3987 1937 72 9936.79 2.90 12.50 0.65 5.70 0.10
3987 1937 73 9283.88 5.20 12.00 0.83 5.90 5.20
3987 1937 74 5741.05 3.90 7.00 0.61 10.00 4.10
3987 1937 75 12592.62 0.50 7.00 0.52 9.80 0.00
3987 1937 76 7604.85 -1.30 10.50 0.61 6.60 1.80
3987 1937 77 10891.81 5.50 15.00 0.83 5.00 0.00
3987 1937 78 11018.30 5.80 15.00 0.73 3.80 0.00
3987 1937 79 5423.15 3.70 8.50 0.87 4.10 1.90
3987 1937 80 5517.81 1.00 4.20 0.64 6.30 0.10
3987 1937 81 8563.86 2.20 8.50 0.65 4.40 1.00
3987 1937 82 5678.43 0.60 4.50 0.64 6.60 20.80
3987 1937 83 14470.88 -0.70 9.80 0.60 3.40 0.00
3987 1937 84 10612.65 -1.10 8.40 0.61 4.60 0.30
3987 1937 85 7658.00 -0.80 6.00 0.67 7.70 7.60
3987 1937 86 7547.51 -1.20 4.50 0.51 8.80 1.00
3987 1937 87 7345.70 0.00 3.90 0.53 7.40 0.40
3987 1937 88 7746.73 -1.30 3.60 0.44 4.50 0.00
3987 1937 89 16651.16 -2.80 8.00 0.45 4.30 0.00
3987 1937 90 14962.24 -0.80 9.00 0.52 8.30 0.00
3987 1937 91 6367.15 0.80 5.00 0.68 8.10 0.70
3987 1937 92 10212.17 2.30 15.00 0.81 7.20 0.00
3987 1937 93 10017.83 6.70 12.40 0.80 6.00 0.00
3987 1937 94 6563.50 6.80 9.20 0.88 3.70 1.60
3987 1937 95 6649.97 5.20 7.70 0.95 2.30 4.30
3987 1937 96 7137.03 5.40 9.60 0.96 2.20 1.90
3987 1937 97 15672.25 3.70 15.90 0.85 3.10 0.00
3987 1937 98 6855.54 6.90 11.10 1.09 4.20 3.90
3987 1937 99 8591.11 7.50 14.00 1.04 4.10 0.00
3987 1937 100 14871.58 3.90 18.70 0.89 5.30 0.80
3987 1937 101 7828.40 7.20 11.80 1.07 4.40 11.50
3987 1937 102 15880.23 5.20 14.90 0.95 3.90 2.00
3987 1937 103 12454.24 5.80 16.30 0.96 6.50 0.00
3987 1937 104 7386.62 8.30 13.50 1.11 7.30 0.00
3987 1937 105 7357.01 9.50 13.40 1.20 3.80 10.70
3987 1937 106 8192.44 8.60 12.80 1.03 4.90 1.40
3987 1937 107 14176.05 6.30 15.40 0.96 4.30 3.70
3987 1937 108 9243.70 6.40 10.30 0.95 5.00 1.30
3987 1937 109 9547.94 6.00 11.00 0.89 3.50 3.20
3987 1937 110 15126.94 3.60 15.20 0.87 5.40 3.80
3987 1937 111 10155.66 5.80 10.80 0.84 7.80 2.90
3987 1937 112 19530.20 2.80 12.40 0.76 6.40 2.10
3987 1937 113 9412.70 3.40 12.30 0.81 8.60 7.00
3987 1937 114 12540.53 3.80 11.00 0.83 7.10 4.70
3987 1937 115 8875.40 3.10 9.70 0.85 4.70 3.70
3987 1937 116 8163.13 5.00 7.10 0.84 6.70 2.50
3987 1937 117 8211.22 4.50 9.50 0.84 2.60 4.90
3987 1937 118 16448.97 5.50 15.00 0.85 3.20 0.00
3987 1937 119 12781.26 4.50 15.00 0.85 4.30 1.40
3987 1937 120 21898.62 2.70 17.80 0.76 4.00 0.00
3987 1937 121 19706.76 5.80 21.30 0.91 3.90 0.00
3987 1937 122 24697.38 6.20 22.60 0.88 4.50 0.00
3987 1937 123 22456.11 9.20 23.90 1.01 5.20 0.00
3987 1937 124 20812.64 10.80 23.80 1.13 5.30 0.00
3987 1937 125 15763.69 11.60 22.10 1.16 5.30 1.20
3987 1937 126 19127.98 3.70 15.50 0.75 5.80 0.00
3987 1937 127 13556.41 5.20 15.90 0.89 4.40 0.70
3987 1937 128 12715.83 7.80 14.00 0.99 2.90 1.60
3987 1937 129 18958.35 5.90 17.00 0.84 2.90 5.40
3987 1937 130 18396.19 7.90 19.50 1.12 3.10 0.00
3987 1937 131 18499.19 10.00 24.90 1.33 4.70 1.10
3987 1937 132 16258.05 12.20 24.00 1.28 3.30 6.20
3987 1937 133 11400.97 9.20 19.60 1.43 3.30 11.90
3987 1937 134 15124.95 11.50 19.80 1.17 4.70 0.00
3987 1937 135 13244.14 7.70 22.50 1.19 4.10 0.00
3987 1937 136 17080.86 12.90 22.60 1.31 4.70 1.40
3987 1937 137 15240.15 11.60 23.00 1.52 3.60 0.00
3987 1937 138 20097.95 11.10 24.20 1.47 5.10 2.20
3987 1937 139 16966.79 14.30 23.00 1.59 4.00 0.00
3987 1937 140 24377.82 13.30 28.00 1.37 5.20 0.00
3987 1937 141 20315.00 16.50 32.60 1.52 6.80 0.00
3987 1937 142 16233.99 13.30 25.10 1.27 6.50 0.00
3987 1937 143 27405.92 9.00 24.00 1.00 2.70 0.00
3987 1937 144 26098.99 10.90 25.80 1.17 4.50 0.00
3987 1937 145 24987.27 14.90 29.20 1.33 3.60 0.00
3987 1937 146 26451.92 15.80 30.30 1.53 4.30 1.00
3987 1937 147 22592.89 16.10 27.00 1.55 6.00 0.10
3987 1937 148 28096.99 10.10 22.50 1.03 7.10 0.00
3987 1937 149 27728.60 7.60 20.70 1.05 4.80 0.00
3987 1937 150 28021.48 7.10 23.60 0.95 4.90 0.00
3987 1937 151 13760.76 11.20 27.50 1.56 4.70 2.40
3987 1937 152 21471.92 9.70 19.20 1.13 4.50 0.00
3987 1937 153 21724.07 8.50 15.70 0.81 9.50 2.20
3987 1937 154 21863.52 4.00 16.50 0.73 7.70 0.00
3987 1937 155 9858.57 9.50 15.60 1.15 5.50 0.10
3987 1937 156 10791.70 13.50 21.90 1.52 4.40 0.00
3987 1937 157 27634.10 12.50 28.00 1.48 4.80 0.00
3987 1937 158 23389.74 14.70 31.10 1.72 5.90 0.20
3987 1937 159 15820.16 18.50 27.00 1.88 4.10 0.30
3987 1937 160 27022.41 15.70 30.90 1.88 2.70 0.00
3987 1937 161 28224.23 18.60 34.50 1.59 4.60 0.00
3987 1937 162 22062.39 18.60 35.00 1.75 4.30 3.40
3987 1937 163 11698.51 18.00 26.70 2.09 6.60 0.00
3987 1937 164 22787.99 15.90 27.80 1.44 4.90 0.00
3987 1937 165 23134.16 11.70 28.60 1.49 3.70 0.00
3987 1937 166 17922.24 15.60 23.00 1.36 4.50 0.00
3987 1937 167 10035.76 12.60 18.00 1.41 5.50 3.00
3987 1937 168 17460.59 7.90 17.70 1.00 4.80 0.00
3987 1937 169 18189.99 9.30 18.50 1.13 3.70 0.50
3987 1937 170 20316.11 8.10 21.40 1.00 2.80 0.00
3987 1937 171 15419.05 10.10 19.20 1.29 5.40 10.00
3987 1937 172 13235.33 8.20 16.50 1.27 4.30 2.40
3987 1937 173 14999.71 9.00 20.60 1.05 5.80 0.00
3987 1937 174 25980.71 10.80 26.00 1.09 4.20 0.00
3987 1937 175 24230.60 12.90 29.40 1.37 4.50 0.20
3987 1937 176 11620.01 12.60 20.20 1.23 5.70 1.40
3987 1937 177 20271.35 7.90 22.70 1.08 4.60 0.00
3987 1937 178 26034.02 11.70 27.00 1.41 3.10 0.00
3987 1937 179 21764.59 14.90 29.20 1.40 3.50 0.00
3987 1937 180 13589.78 15.20 22.10 1.73 4.10 12.10
3987 1937 181 21407.81 11.90 19.00 1.15 6.00 0.10
3987 1937 182 14431.23 8.90 20.40 1.39 5.70 0.10
3987 1937 183 22028.42 14.10 25.20 1.57 3.50 0.00
3987 1937 184 26356.15 14.70 28.30 1.55 2.90 0.00
3987 1937 185 26960.72 15.90 31.30 1.41 3.70 0.00
3987 1937 186 24562.03 18.00 30.40 1.84 4.40 0.40
3987 1937 187 22616.35 15.70 27.00 1.49 4.50 0.00
3987 1937 188 15539.56 16.00 25.50 1.40 2.70 3.00
3987 1937 189 10791.21 15.40 21.00 1.75 5.50 3.10
3987 1937 190 21670.07 13.30 22.60 1.43 4.00 0.00
3987 1937 191 12332.97 13.30 22.40 1.44 4.70 3.70
3987 1937 192 9926.09 10.90 13.60 1.35 5.50 33.90
3987 1937 193 9754.72 12.20 16.00 1.53 8.10 9.40
3987 1937 194 9729.04 13.00 16.50 1.56 6.40 0.70
3987 1937 195 13250.94 12.60 21.30 1.67 4.80 0.00
3987 1937 196 23860.02 14.10 26.60 1.68 3.50 0.00
3987 1937 197 20564.09 14.30 28.00 1.75 4.60 0.00
3987 1937 198 25912.24 14.70 26.20 1.55 5.40 0.00
3987 1937 199 16531.32 15.60 23.50 1.51 5.20 0.00
3987 1937 200 27007.81 11.90 26.10 1.45 4.00 0.00
3987 1937 201 25705.94 13.00 27.10 1.32 3.20 0.00
3987 1937 202 16088.27 16.70 27.30 1.64 3.30 0.90
3987 1937 203 13868.33 16.60 22.70 1.56 5.90 0.40
3987 1937 204 12918.66 14.20 19.70 1.24 7.30 0.10
3987 1937 205 17639.49 13.50 24.70 1.48 6.30 0.00
3987 1937 206 20794.55 12.70 22.30 1.20 6.80 0.60
3987 1937 207 11249.26 13.20 19.20 1.47 8.40 2.90
3987 1937 208 9218.03 12.10 14.90 1.37 8.00 0.00
3987 1937 209 13264.77 10.80 19.20 1.29 6.60 0.70
3987 1937 210 9581.58 11.60 16.80 1.47 6.30 5.00
3987 1937 211 14792.10 13.90 21.30 1.72 4.60 23.50
3987 1937 212 18896.89 13.60 24.00 1.63 3.70 0.00
3987 1937 213 17045.75 12.50 25.50 1.67 4.90 0.00
3987 1937 214 18494.66 14.30 24.90 1.72 4.20 3.60
3987 1937 215 16823.77 15.10 23.80 1.64 3.70 1.30
3987 1937 216 14442.75 13.80 23.80 1.65 3.60 0.00
3987 1937 217 19165.98 14.10 25.20 1.72 2.60 1.30
3987 1937 218 24568.25 15.10 27.10 1.72 3.30 0.00
3987 1937 219 24897.70 14.70 28.40 1.67 3.00 0.00
3987 1937 220 24860.90 15.50 30.80 1.60 3.50 0.00
3987 1937 221 13845.03 16.90 24.40 1.85 4.60 1.20
3987 1937 222 23329.59 12.40 24.80 1.35 3.30 0.10
3987 1937 223 18465.38 15.20 24.50 1.41 3.80 0.00
3987 1937 224 19688.72 12.00 26.00 1.53 2.40 0.00
3987 1937 225 16951.57 15.20 29.20 1.56 4.90 0.40
3987 1937 226 14933.16 17.20 24.50 1.77 5.40 1.90
3987 1937 227 12500.75 14.10 22.90 1.67 5.20 0.20
3987 1937 228 14267.88 13.20 20.70 1.25 6.00 0.00
3987 1937 229 14167.89 8.50 22.60 1.23 4.70 1.10
3987 1937 230 13186.99 13.00 21.50 1.56 5.10 0.00
3987 1937 231 15632.90 11.20 24.90 1.43 3.70 0.00
3987 1937 232 16433.89 11.30 22.00 1.21 2.70 3.30
3987 1937 233 7777.23 12.80 16.90 1.63 3.30 12.20
3987 1937 234 8576.75 14.60 19.90 1.73 2.90 9.70
3987 1937 235 8276.66 14.20 20.80 1.71 3.40 0.00
3987 1937 236 14787.01 14.00 25.40 1.67 4.00 0.20
3987 1937 237 15985.21 15.10 26.20 1.76 3.70 7.70
3987 1937 238 7642.66 14.50 19.30 1.72 3.40 58.80
3987 1937 239 9058.05 14.10 22.10 1.71 3.10 2.10
3987 1937 240 12804.54 14.00 22.80 1.77 3.00 0.00
3987 1937 241 14294.67 13.10 23.70 1.64 3.30 0.00
3987 1937 242 18719.88 11.60 24.50 1.53 2.90 0.00
3987 1937 243 14726.09 11.40 23.10 1.52 3.10 0.00
3987 1937 244 19168.88 12.00 24.40 1.35 2.70 0.00
3987 1937 245 17229.50 13.10 27.40 1.60 4.40 0.00
3987 1937 246 16551.67 14.80 27.50 1.72 3.90 0.00
3987 1937 247 11992.63 15.50 23.50 1.60 4.70 0.00
3987 1937 248 16092.76 10.40 23.40 1.31 2.80 0.00
3987 1937 249 17935.11 11.20 26.00 1.25 3.60 0.00
3987 1937 250 16979.91 13.00 26.50 1.25 5.90 0.00
3987 1937 251 13088.47 13.80 25.70 1.51 6.20 0.00
3987 1937 252 8744.92 7.90 16.20 1.07 5.30 1.00
3987 1937 253 11252.43 9.00 16.10 1.13 4.90 1.70
3987 1937 254 6792.88 6.50 13.90 1.13 3.20 6.50
3987 1937 255 6605.92 9.80 15.60 1.25 4.00 3.60
3987 1937 256 8193.87 10.00 15.20 1.16 6.30 1.20
3987 1937 257 7801.42 7.30 16.10 1.17 5.50 2.10
3987 1937 258 11265.05 9.80 17.00 1.07 6.10 0.00
3987 1937 259 6165.56 11.60 18.30 1.31 6.10 0.00
3987 1937 260 9287.86 11.80 22.40 1.48 4.50 3.90
3987 1937 261 15848.24 13.40 21.50 1.21 6.70 0.00
3987 1937 262 13707.36 9.70 24.70 1.47 4.80 10.20
3987 1937 263 11699.74 11.80 17.70 1.16 6.80 0.00
3987 1937 264 5716.72 10.00 13.20 1.08 7.20 0.80
3987 1937 265 12398.71 5.30 17.70 1.08 3.40 0.00
3987 1937 266 15608.50 6.20 19.20 1.04 4.40 0.00
3987 1937 267 14830.92 4.60 18.70 0.95 2.30 0.00
3987 1937 268 11164.11 7.30 20.00 1.13 3.70 0.00
3987 1937 269 7503.12 11.00 19.40 1.43 3.10 0.00
3987 1937 270 13593.82 9.40 22.60 1.32 5.20 0.00
3987 1937 271 12284.74 10.50 23.80 1.57 5.30 7.70
3987 1937 272 8787.41 10.00 17.00 1.05 6.60 0.00
3987 1937 273 6212.84 5.70 16.70 1.23 2.90 0.00
3987 1937 274 5440.21 10.30 16.30 1.37 4.40 0.00
3987 1937 275 7274.59 10.50 18.00 1.44 5.00 0.00
3987 1937 276 7423.95 12.00 18.40 1.48 4.80 0.00
3987 1937 277 4632.88 9.60 16.80 1.35 4.20 2.80
3987 1937 278 10328.87 9.80 15.20 1.00 6.70 0.00
3987 1937 279 7161.10 8.20 14.50 1.01 6.20 0.00
3987 1937 280 9449.41 6.00 14.60 0.97 6.60 0.00
3987 1937 281 4279.49 8.20 13.00 1.05 4.10 0.00
3987 1937 282 4206.38 8.20 13.20 1.15 3.10 0.60
3987 1937 283 4461.53 5.70 10.80 0.95 5.90 3.30
3987 1937 284 10097.61 1.60 11.80 0.79 4.50 0.00
3987 1937 285 7049.77 4.40 12.00 0.95 4.30 0.30
3987 1937 286 3944.43 5.20 10.10 1.05 4.20 0.20
3987 1937 287 3873.36 5.10 9.50 1.08 4.10 5.10
3987 1937 288 4390.35 7.10 12.40 1.13 3.60 3.80
3987 1937 289 3732.65 7.50 12.10 1.15 4.80 0.00
3987 1937 290 3733.31 10.20 13.30 1.20 6.30 0.00
3987 1937 291 3600.36 8.20 13.20 1.19 3.10 0.00
3987 1937 292 9009.65 7.50 15.30 1.07 3.50 0.00
3987 1937 293 7784.84 3.90 15.20 0.92 5.40 0.00
3987 1937 294 9659.50 4.30 15.70 0.91 3.90 0.00
3987 1937 295 9659.02 4.50 17.40 0.93 4.90 0.10
3987 1937 296 6435.58 4.00 15.00 1.03 6.00 0.80
3987 1937 297 4612.24 8.60 16.60 1.11 5.00 4.50
3987 1937 298 8220.02 4.30 14.50 0.89 4.30 0.00
3987 1937 299 6736.32 3.90 15.70 1.01 5.60 0.00
3987 1937 300 7202.76 5.40 18.00 1.11 5.10 0.20
3987 1937 301 8356.84 4.80 17.50 1.08 3.90 0.30
3987 1937 302 4004.50 6.30 13.40 1.23 5.90 0.30
3987 1937 303 2899.14 6.90 10.90 1.05 2.20 0.60
3987 1937 304 2841.49 7.20 11.00 1.12 3.50 0.10
3987 1937 305 6698.39 6.70 13.40 1.01 6.10 0.00
3987 1937 306 6684.14 2.50 10.20 0.76 5.90 0.00
3987 1937 307 2694.19 5.00 7.90 0.79 2.90 0.00
3987 1937 308 2640.28 5.60 8.80 0.84 3.20 0.00
3987 1937 309 2591.14 4.40 8.90 0.93 5.70 2.90
3987 1937 310 2542.34 6.60 9.00 0.97 5.30 0.40
3987 1937 311 2491.83 7.10 10.10 1.15 3.70 0.10
3987 1937 312 2445.48 8.70 10.20 1.17 2.50 0.40
3987 1937 313 2410.35 5.00 9.50 0.95 4.90 3.70
3987 1937 314 3137.88 1.30 6.70 0.69 4.80 0.30
3987 1937 315 2343.31 -3.10 1.80 0.59 3.30 0.20
3987 1937 316 2452.65 -1.70 5.40 0.69 6.50 0.70
3987 1937 317 3196.80 0.70 4.20 0.61 7.70 0.90
3987 1937 318 2214.04 -0.50 3.00 0.63 5.40 0.30
3987 1937 319 2175.24 0.10 4.20 0.68 6.50 2.80
3987 1937 320 2142.49 -1.60 1.00 0.60 3.40 0.00
3987 1937 321 2108.49 -2.30 -0.10 0.48 3.00 0.00
3987 1937 322 3226.35 -5.10 -0.30 0.41 5.30 0.70
3987 1937 323 2027.06 -5.20 5.40 0.67 7.10 0.70
3987 1937 324 4204.80 3.90 9.60 0.71 7.30 2.90
3987 1937 325 5805.17 -1.00 7.00 0.60 6.40 0.10
3987 1937 326 5319.14 -4.00 4.30 0.55 4.30 0.30
3987 1937 327 2102.07 -4.70 -0.80 0.49 4.50 0.10
3987 1937 328 2576.54 -4.70 3.00 0.59 5.00 2.70
3987 1937 329 1849.78 -1.00 1.00 0.60 5.60 2.10
3987 1937 330 1947.39 -1.40 6.20 0.84 8.40 3.20
3987 1937 331 3690.28 -0.90 5.50 0.63 8.10 0.20
3987 1937 332 4822.17 -2.00 3.70 0.52 6.60 0.00
3987 1937 333 1743.85 -3.30 3.40 0.65 6.30 1.40
3987 1937 334 1718.20 1.50 3.80 0.75 6.60 4.90
3987 1937 335 1824.74 3.10 5.50 0.81 5.30 0.70
3987 1937 336 2099.60 3.80 8.50 0.88 4.50 0.00
3987 1937 337 1868.05 3.10 6.50 0.80 3.20 0.20
3987 1937 338 1641.68 0.00 5.50 0.64 4.00 1.00
3987 1937 339 1622.28 -0.60 3.40 0.69 5.40 0.90
3987 1937 340 2702.88 -0.60 3.90 0.53 5.60 0.00
3987 1937 341 3273.85 -3.60 1.20 0.55 2.80 0.20
3987 1937 342 1586.59 -4.90 -0.80 0.47 3.80 0.00
3987 1937 343 1576.94 -6.10 -3.20 0.41 8.20 7.20
3987 1937 344 1559.11 -6.00 1.20 0.44 9.00 0.40
3987 1937 345 4008.19 -5.60 2.00 0.44 6.10 0.00
3987 1937 346 2476.27 -5.70 0.80 0.51 6.30 0.00
3987 1937 347 4173.28 -3.20 3.00 0.45 6.20 0.00
3987 1937 348 1521.33 -6.20 0.00 0.51 5.00 0.00
3987 1937 349 2729.20 -5.20 2.90 0.51 4.80 0.10
3987 1937 350 1507.45 -6.10 0.20 0.51 3.90 14.50
3987 1937 351 1499.46 -0.30 0.50 0.60 4.70 1.20
3987 1937 352 1817.14 -1.50 1.00 0.57 4.10 0.10
3987 1937 353 2098.59 -4.60 -0.10 0.52 2.80 0.20
3987 1937 354 1492.23 -4.20 0.60 0.57 3.00 0.30
3987 1937 355 1494.89 -4.50 -0.30 0.48 2.40 0.10
3987 1937 356 2267.62 -8.10 -2.90 0.39 4.50 0.10
3987 1937 357 1496.28 -10.70 0.50 0.48 4.40 1.90
3987 1937 358 1491.96 0.20 2.40 0.68 6.30 0.90
3987 1937 359 1493.32 0.10 3.20 0.72 5.30 5.40
3987 1937 360 1510.10 -6.50 2.60 0.41 4.20 0.00
3987 1937 361 1513.57 -5.10 -2.50 0.45 2.70 2.60
3987 1937 362 1519.90 -5.60 -1.80 0.45 2.40 0.10
3987 1937 363 3093.32 -10.40 -2.70 0.32 3.10 1.00
3987 1937 364 1532.53 -7.30 -0.10 0.51 4.20 0.00
3987 1937 365 1543.48 -2.90 -1.10 0.48 6.00 4.80
