*---------------------------------------------------------------------------*
* Station name: Potsdam Saekularstation
* Year: 1940
* Author: Pedro Alencar                                   -999.000: NIL VALUE
* Source: DWD
* Comments: Gaps filled with interpolation and storical means
* Longitude: 13.0622, latitude: 52.3812, altitude: 82.0 m.
*
    * Column  Daily value
    * 1       station number
    * 2       year
    * 3       day
    * 4       irradiation                   (kJ m-2 d-1)
    * 5       minimum temperature           (degrees Celsius
    * 6       maximum temperature           (degrees Celsius)
    * 7       early morning vapour pressure (kPa)
    * 8       mean wind speed (height: 2 m) (m s-1)
    * 9       precipitation                 (mm d-1)
    *
** WCCDESCRIPTION=Potsdam, Germany
** WCCFORMAT=2
** WCCYEARNR=1940
*---------------------------------------------------------------------------*
   13.0622 52.3812 82.0 -0.18 -0.55
3987 1940 1 3227.63 -10.20 -4.20 0.29 4.30 0.00
3987 1940 2 1581.21 -13.80 -8.30 0.27 2.30 0.10
3987 1940 3 1588.58 -9.60 -4.30 0.36 4.70 0.00
3987 1940 4 1606.79 -10.40 -7.40 0.29 1.60 0.00
3987 1940 5 4611.70 -15.80 -6.70 0.24 2.40 0.00
3987 1940 6 4259.17 -15.30 -7.70 0.25 3.20 0.00
3987 1940 7 3206.86 -13.50 -6.30 0.29 4.10 0.00
3987 1940 8 1670.27 -10.30 -5.00 0.35 4.30 0.00
3987 1940 9 4753.73 -18.30 -9.70 0.15 4.50 0.00
3987 1940 10 4851.10 -21.40 -13.20 0.12 4.10 0.00
3987 1940 11 4862.40 -22.00 -14.20 0.11 5.00 0.00
3987 1940 12 4779.32 -22.50 -7.10 0.15 4.10 0.00
3987 1940 13 4250.77 -15.40 -1.30 0.31 5.40 0.10
3987 1940 14 1783.90 -1.60 1.60 0.61 6.10 0.00
3987 1940 15 1809.27 0.20 1.90 0.61 5.70 3.50
3987 1940 16 1860.65 -15.80 0.60 0.35 5.60 6.70
3987 1940 17 3415.59 -16.60 -11.20 0.15 3.90 0.00
3987 1940 18 5657.51 -18.80 -8.50 0.16 1.10 0.00
3987 1940 19 3013.13 -19.10 -9.30 0.20 3.50 1.60
3987 1940 20 1979.74 -11.70 -6.30 0.27 4.90 5.60
3987 1940 21 5149.77 -20.40 -11.30 0.15 3.70 0.00
3987 1940 22 3316.50 -20.80 -13.50 0.13 2.90 0.40
3987 1940 23 2630.29 -18.20 -6.70 0.25 3.80 0.60
3987 1940 24 2202.79 -7.50 -0.60 0.44 2.80 0.00
3987 1940 25 4233.55 -7.60 -3.00 0.39 3.50 1.30
3987 1940 26 2181.49 -7.50 -5.30 0.35 2.40 0.10
3987 1940 27 2578.64 -7.10 -2.30 0.43 2.30 1.00
3987 1940 28 2255.30 -5.60 -2.40 0.40 3.30 1.50
3987 1940 29 2302.02 -7.50 -4.90 0.33 2.60 0.10
3987 1940 30 5207.51 -15.80 -6.70 0.21 6.80 0.00
3987 1940 31 6983.66 -19.30 -14.10 0.12 8.70 0.00
3987 1940 32 7029.79 -21.10 -12.10 0.12 8.20 0.00
3987 1940 33 4101.87 -21.10 -14.20 0.13 6.60 0.00
3987 1940 34 2543.37 -16.40 -11.70 0.17 6.40 0.00
3987 1940 35 5939.71 -12.10 -6.40 0.24 6.80 0.00
3987 1940 36 2632.07 -13.20 -8.40 0.25 5.90 1.50
3987 1940 37 2676.11 -10.20 -7.30 0.31 4.30 0.70
3987 1940 38 2710.88 -7.50 -1.80 0.45 2.60 3.60
3987 1940 39 2763.54 -6.50 0.20 0.49 3.90 2.60
3987 1940 40 7170.25 -14.60 -5.90 0.19 3.50 0.20
3987 1940 41 7488.70 -17.70 -9.60 0.16 2.70 0.00
3987 1940 42 3577.53 -18.80 -6.70 0.25 2.90 1.10
3987 1940 43 6950.28 -17.90 -6.50 0.16 3.80 1.80
3987 1940 44 3919.92 -17.10 -11.70 0.16 1.90 6.80
3987 1940 45 3910.64 -14.70 -9.10 0.21 4.20 5.90
3987 1940 46 3175.55 -12.60 -7.20 0.28 5.10 6.50
3987 1940 47 4051.37 -13.50 -9.50 0.21 3.70 1.00
3987 1940 48 9368.68 -17.30 -6.70 0.21 4.30 0.00
3987 1940 49 5414.30 -20.10 -4.70 0.27 3.70 0.10
3987 1940 50 3612.55 -7.80 -1.90 0.35 3.40 0.40
3987 1940 51 9188.63 -12.50 -6.30 0.23 3.80 0.00
3987 1940 52 6997.28 -16.90 0.10 0.27 6.30 0.00
3987 1940 53 9593.51 -7.20 10.30 0.41 5.40 0.00
3987 1940 54 3691.33 -0.80 7.50 0.60 5.60 0.00
3987 1940 55 4327.38 2.00 8.50 0.71 7.90 0.00
3987 1940 56 11158.26 -5.00 4.70 0.32 5.40 0.00
3987 1940 57 11100.65 -9.20 2.10 0.36 5.40 0.00
3987 1940 58 8837.01 -5.60 8.80 0.53 5.60 0.40
3987 1940 59 8777.64 1.70 11.70 0.80 6.40 0.00
3987 1940 60 4257.29 -0.50 10.20 0.73 6.40 0.20
3987 1940 61 9121.71 -4.70 0.50 0.35 5.20 0.00
3987 1940 62 12343.90 -9.00 0.10 0.29 3.20 0.00
3987 1940 63 4258.11 -5.70 0.40 0.51 7.10 3.40
3987 1940 64 4317.21 -0.40 4.10 0.67 11.10 4.60
3987 1940 65 4978.20 -4.10 1.70 0.45 11.80 1.40
3987 1940 66 6965.39 -5.40 -2.30 0.33 5.10 0.60
3987 1940 67 6128.83 -5.10 2.60 0.47 4.90 1.00
3987 1940 68 7907.68 -5.30 -0.90 0.39 3.40 0.00
3987 1940 69 4691.91 -5.20 2.60 0.56 7.60 6.00
3987 1940 70 13025.42 -1.60 3.80 0.47 6.90 0.00
3987 1940 71 4816.06 -1.90 6.70 0.68 5.80 0.50
3987 1940 72 9409.47 4.40 15.60 0.75 7.20 1.50
3987 1940 73 5635.98 5.10 12.20 0.96 7.40 3.80
3987 1940 74 5131.75 -0.50 12.20 0.85 6.40 12.10
3987 1940 75 13114.77 -5.30 3.60 0.45 7.00 0.50
3987 1940 76 9266.68 -1.70 5.60 0.59 8.50 0.90
3987 1940 77 12792.62 -5.20 1.50 0.33 4.80 0.00
3987 1940 78 5387.63 -5.80 2.50 0.36 7.20 5.00
3987 1940 79 5629.95 -1.00 5.40 0.64 6.90 7.80
3987 1940 80 12529.55 0.90 10.20 0.69 5.20 0.60
3987 1940 81 6323.93 1.70 9.20 0.83 4.90 1.20
3987 1940 82 9128.65 1.50 9.90 0.76 3.60 1.00
3987 1940 83 7697.23 3.80 13.00 0.95 3.60 14.60
3987 1940 84 8104.32 3.60 9.50 0.81 3.20 0.00
3987 1940 85 10271.76 2.00 14.40 0.88 5.30 0.00
3987 1940 86 7903.80 3.90 8.90 0.84 5.50 1.30
3987 1940 87 8392.51 3.10 13.60 0.75 6.30 0.00
3987 1940 88 10892.39 0.30 5.70 0.47 8.30 0.70
3987 1940 89 14735.14 -3.40 4.30 0.47 5.50 0.00
3987 1940 90 15836.68 -4.90 6.70 0.37 3.00 0.00
3987 1940 91 14397.02 -2.70 10.70 0.51 4.00 0.00
3987 1940 92 17231.01 1.20 17.70 0.72 5.50 0.00
3987 1940 93 16739.38 5.10 20.00 0.80 5.40 2.20
3987 1940 94 6683.31 3.70 11.30 0.80 3.00 1.10
3987 1940 95 6698.88 0.20 5.30 0.61 6.30 7.80
3987 1940 96 6769.50 0.80 2.10 0.55 7.20 0.00
3987 1940 97 19814.95 -1.60 8.50 0.35 6.40 0.00
3987 1940 98 20566.26 -3.20 9.70 0.37 4.70 0.00
3987 1940 99 20724.56 -3.50 9.40 0.40 4.70 0.00
3987 1940 100 19785.18 -2.10 10.40 0.41 3.10 0.00
3987 1940 101 17136.66 -1.40 11.80 0.45 3.50 0.00
3987 1940 102 10551.03 -1.70 5.80 0.59 5.20 1.70
3987 1940 103 13812.62 -2.80 4.40 0.55 3.00 0.20
3987 1940 104 19106.63 -4.50 7.30 0.43 5.40 0.00
3987 1940 105 11891.04 -4.00 8.80 0.55 5.50 0.90
3987 1940 106 8239.44 2.90 11.90 0.69 7.80 3.30
3987 1940 107 14009.28 2.20 11.70 0.67 6.30 0.00
3987 1940 108 11107.60 2.70 14.40 0.92 4.40 1.20
3987 1940 109 12348.23 6.40 16.90 1.08 4.30 0.00
3987 1940 110 20062.14 8.90 15.70 0.67 8.30 0.00
3987 1940 111 22114.25 5.40 20.30 0.68 4.00 0.00
3987 1940 112 22066.27 6.70 23.70 0.64 2.50 0.00
3987 1940 113 22513.27 7.70 19.20 0.97 4.40 0.00
3987 1940 114 22735.67 4.20 19.20 0.80 7.00 0.00
3987 1940 115 20691.44 7.40 24.80 1.05 6.60 0.00
3987 1940 116 14489.23 11.40 19.70 1.32 4.70 0.40
3987 1940 117 13239.00 6.70 18.80 1.01 3.70 0.60
3987 1940 118 13178.99 8.70 21.00 1.13 3.20 2.70
3987 1940 119 9645.58 9.10 16.10 1.03 6.00 0.00
3987 1940 120 17393.43 6.70 15.80 0.64 7.10 0.00
3987 1940 121 9242.85 6.30 12.40 0.73 7.80 0.00
3987 1940 122 20428.97 4.60 18.20 0.79 7.80 0.00
3987 1940 123 18083.98 7.00 18.30 0.91 5.80 0.00
3987 1940 124 15574.23 7.70 19.50 1.09 6.20 0.00
3987 1940 125 8660.50 9.40 17.00 0.91 7.30 0.00
3987 1940 126 8730.71 7.90 11.30 0.96 3.90 0.20
3987 1940 127 8790.08 8.50 11.00 1.11 2.50 1.00
3987 1940 128 8835.93 7.70 13.20 1.01 2.00 0.00
3987 1940 129 12272.15 6.10 14.80 1.04 2.30 0.00
3987 1940 130 21325.79 6.50 19.80 0.97 3.10 0.00
3987 1940 131 21351.23 7.50 21.40 0.95 2.90 0.00
3987 1940 132 10230.20 8.50 15.80 1.01 4.30 2.20
3987 1940 133 19385.99 1.70 12.80 0.64 7.00 5.50
3987 1940 134 17198.43 2.10 11.70 0.59 6.70 0.30
3987 1940 135 9221.50 1.90 9.30 0.89 2.30 2.50
3987 1940 136 21625.92 5.80 15.00 0.69 4.80 0.00
3987 1940 137 19245.97 2.10 13.40 0.69 4.30 0.30
3987 1940 138 25615.38 3.90 19.00 0.77 4.90 0.00
3987 1940 139 22640.36 4.00 18.20 0.83 5.30 0.00
3987 1940 140 24342.91 5.10 17.40 0.59 6.60 0.00
3987 1940 141 9454.07 5.20 13.10 0.80 5.10 0.00
3987 1940 142 13054.63 8.80 18.00 1.20 2.70 0.20
3987 1940 143 14731.68 9.60 21.10 1.39 2.90 0.50
3987 1940 144 24459.96 9.90 26.30 1.24 5.00 0.00
3987 1940 145 19066.21 11.80 27.70 1.51 4.20 4.40
3987 1940 146 24594.32 11.10 24.20 1.21 2.90 0.00
3987 1940 147 18287.95 12.90 27.70 1.45 4.30 0.80
3987 1940 148 13229.72 13.90 20.70 1.60 3.00 3.60
3987 1940 149 21524.63 11.50 23.20 1.45 3.10 0.50
3987 1940 150 18295.83 12.40 25.20 1.39 4.20 0.00
3987 1940 151 9737.53 13.00 18.20 1.52 4.60 0.50
3987 1940 152 13413.26 9.80 17.80 1.13 7.10 0.00
3987 1940 153 9830.14 9.70 14.00 1.13 4.20 0.00
3987 1940 154 21866.13 8.40 20.70 1.04 3.00 0.00
3987 1940 155 16364.96 9.70 19.70 1.19 3.40 0.00
3987 1940 156 19193.04 10.20 24.80 1.40 3.40 0.00
3987 1940 157 28255.63 10.20 25.40 0.81 4.20 0.00
3987 1940 158 27813.64 10.80 27.30 1.19 2.90 0.00
3987 1940 159 27154.63 12.40 26.30 1.28 5.10 0.00
3987 1940 160 24448.79 12.40 25.80 1.08 3.00 0.00
3987 1940 161 26439.70 9.60 23.30 1.08 4.90 0.00
3987 1940 162 21074.95 11.00 21.20 1.36 4.10 0.00
3987 1940 163 23519.19 11.50 25.70 1.17 2.60 0.00
3987 1940 164 22386.22 15.10 28.90 1.13 4.80 0.00
3987 1940 165 19463.85 12.60 26.50 1.33 4.40 0.00
3987 1940 166 26161.55 11.60 26.80 1.23 2.60 0.00
3987 1940 167 17400.97 14.50 28.50 1.47 4.10 4.80
3987 1940 168 10236.99 12.10 21.90 1.29 4.20 0.20
3987 1940 169 28757.03 11.30 27.00 1.15 4.90 0.00
3987 1940 170 28052.75 12.20 27.20 0.99 4.60 0.00
3987 1940 171 28890.37 9.60 27.00 0.95 3.90 0.00
3987 1940 172 25698.56 9.90 29.30 1.09 2.70 0.00
3987 1940 173 28471.41 14.00 27.70 1.25 4.00 0.00
3987 1940 174 22848.67 11.30 27.70 1.28 3.20 0.50
3987 1940 175 20453.38 14.50 28.50 1.71 3.50 6.10
3987 1940 176 25966.17 15.00 30.20 1.56 2.70 0.00
3987 1940 177 14818.14 15.70 25.60 1.81 5.10 69.20
3987 1940 178 18481.13 12.90 21.30 1.25 6.10 0.30
3987 1940 179 24160.92 8.50 20.90 1.09 3.70 0.00
3987 1940 180 24680.97 9.00 22.70 1.21 4.30 0.00
3987 1940 181 16903.16 14.10 24.20 1.57 2.90 0.00
3987 1940 182 26994.31 15.00 28.20 1.69 3.80 0.00
3987 1940 183 28333.72 13.10 27.70 1.29 4.00 0.00
3987 1940 184 26311.89 13.80 26.00 1.52 3.00 0.00
3987 1940 185 17915.65 15.00 28.50 1.57 3.60 0.80
3987 1940 186 10973.33 13.60 22.30 1.57 4.20 6.80
3987 1940 187 21573.16 9.70 21.20 1.07 4.30 0.00
3987 1940 188 24400.88 10.70 26.30 1.21 5.30 0.00
3987 1940 189 18954.00 14.40 29.90 1.65 4.10 15.10
3987 1940 190 10289.68 14.00 21.20 1.80 3.90 8.10
3987 1940 191 16833.46 13.00 23.50 1.51 3.70 0.00
3987 1940 192 18779.23 15.00 25.80 1.60 3.00 0.10
3987 1940 193 26376.13 16.40 29.80 1.93 3.80 0.00
3987 1940 194 12250.82 12.70 24.10 1.52 6.00 2.80
3987 1940 195 14136.87 12.60 18.60 1.40 4.80 2.10
3987 1940 196 24439.99 11.40 23.40 1.27 4.00 0.00
3987 1940 197 26308.45 12.30 26.50 1.43 2.60 0.00
3987 1940 198 18051.76 14.30 27.80 1.45 3.90 0.00
3987 1940 199 14802.13 13.00 21.50 1.57 4.30 0.00
3987 1940 200 15483.47 12.80 19.50 1.52 4.30 0.60
3987 1940 201 17571.36 10.90 21.20 1.47 4.20 2.10
3987 1940 202 23065.07 13.70 26.40 1.45 5.00 2.60
3987 1940 203 22033.36 15.10 23.30 1.49 4.60 2.00
3987 1940 204 21288.86 11.40 22.80 1.27 4.80 0.00
3987 1940 205 20690.67 10.70 21.30 1.21 4.80 0.00
3987 1940 206 15749.94 11.70 23.00 1.20 3.10 1.50
3987 1940 207 16655.74 14.50 21.50 1.47 4.80 0.70
3987 1940 208 9214.50 12.30 17.20 1.43 4.40 5.30
3987 1940 209 12598.12 10.90 17.60 1.35 4.50 7.50
3987 1940 210 17749.22 10.20 17.40 1.23 6.80 4.50
3987 1940 211 16027.23 9.30 17.80 1.19 7.30 6.10
3987 1940 212 16871.20 8.90 18.00 1.21 5.70 4.50
3987 1940 213 10821.92 12.60 17.90 1.56 7.30 1.50
3987 1940 214 19571.30 13.90 23.20 1.45 4.90 0.00
3987 1940 215 24487.08 10.00 23.90 1.28 3.10 0.00
3987 1940 216 25387.38 9.60 25.80 1.29 2.60 0.00
3987 1940 217 24294.31 13.60 27.80 1.33 2.10 0.00
3987 1940 218 24660.08 14.30 29.30 1.24 3.20 0.00
3987 1940 219 19421.82 14.10 28.00 1.52 4.60 0.00
3987 1940 220 17022.46 13.50 23.30 1.44 3.70 8.40
3987 1940 221 17271.39 13.70 23.50 1.49 3.20 0.60
3987 1940 222 10983.98 12.60 18.70 1.57 4.80 4.00
3987 1940 223 21186.87 13.90 28.50 1.68 4.70 0.80
3987 1940 224 19179.31 16.00 23.20 1.27 6.90 0.00
3987 1940 225 18244.36 11.00 19.60 1.13 6.80 0.40
3987 1940 226 14451.30 11.30 19.40 1.16 3.30 0.00
3987 1940 227 10422.23 12.00 18.70 1.31 4.10 1.20
3987 1940 228 9691.13 12.00 17.80 1.52 4.60 11.30
3987 1940 229 18381.58 7.70 18.10 1.20 5.40 4.40
3987 1940 230 7993.34 9.10 14.90 1.44 5.70 8.10
3987 1940 231 8902.99 13.40 18.80 1.48 4.40 2.40
3987 1940 232 9510.44 13.00 18.70 1.51 3.60 12.70
3987 1940 233 11781.88 10.50 16.00 1.19 6.00 2.20
3987 1940 234 8288.65 9.70 17.10 1.35 5.40 14.50
3987 1940 235 8650.78 9.50 15.90 1.20 6.60 1.50
3987 1940 236 8059.68 7.90 12.80 1.07 9.60 12.40
3987 1940 237 7547.97 7.90 12.00 1.19 11.60 4.50
3987 1940 238 9919.77 9.70 18.80 1.35 7.70 0.50
3987 1940 239 10141.70 13.10 19.80 1.37 4.50 0.00
3987 1940 240 11207.27 13.20 22.70 1.51 3.60 0.00
3987 1940 241 17483.65 10.20 17.30 1.03 5.70 0.00
3987 1940 242 7200.13 5.70 11.20 1.13 4.50 8.20
3987 1940 243 11359.52 8.60 14.20 1.13 6.70 1.00
3987 1940 244 7993.91 6.40 14.40 1.08 4.90 1.10
3987 1940 245 8814.07 10.10 17.60 1.39 7.20 0.00
3987 1940 246 11862.25 8.00 17.20 1.17 4.20 0.00
3987 1940 247 13093.37 10.90 17.60 1.13 7.00 0.00
3987 1940 248 12186.47 9.10 17.20 1.00 2.50 0.00
3987 1940 249 18790.68 6.50 24.50 1.33 3.70 0.00
3987 1940 250 14520.17 12.40 22.30 1.51 4.20 0.10
3987 1940 251 16211.64 11.50 20.90 1.28 5.10 0.00
3987 1940 252 17761.35 11.20 23.90 1.17 5.30 0.00
3987 1940 253 6363.66 11.40 15.30 1.29 3.30 4.00
3987 1940 254 6285.45 10.40 17.20 1.16 2.60 0.10
3987 1940 255 7410.02 6.90 15.00 1.05 4.50 1.10
3987 1940 256 11356.33 6.10 13.50 0.93 6.30 0.00
3987 1940 257 6459.08 6.50 12.30 1.11 5.50 1.20
3987 1940 258 14850.70 8.90 16.70 0.95 6.20 0.40
3987 1940 259 7366.93 5.60 12.10 1.12 3.30 5.20
3987 1940 260 7651.76 7.80 14.50 1.05 6.50 0.40
3987 1940 261 6402.42 6.40 18.30 1.37 5.80 6.70
3987 1940 262 10331.24 11.10 17.90 1.15 7.10 0.40
3987 1940 263 11304.79 10.60 20.60 1.15 4.50 0.00
3987 1940 264 7258.07 11.80 21.90 1.47 6.80 11.30
3987 1940 265 6450.62 10.90 14.40 1.31 4.20 1.90
3987 1940 266 9258.66 10.40 16.60 1.31 3.50 0.90
3987 1940 267 7510.56 11.00 20.80 1.48 4.80 0.00
3987 1940 268 9920.66 10.40 17.80 1.25 2.80 0.20
3987 1940 269 8513.64 9.20 15.60 1.05 5.60 0.00
3987 1940 270 11235.55 6.50 15.20 0.88 6.50 0.00
3987 1940 271 9018.08 3.30 13.00 0.99 6.10 4.80
3987 1940 272 11927.14 7.00 12.70 0.91 8.60 1.80
3987 1940 273 4966.05 4.60 10.30 0.87 3.90 0.00
3987 1940 274 7953.86 2.10 12.00 0.80 3.20 0.00
3987 1940 275 12434.52 1.90 14.80 0.80 5.20 0.00
3987 1940 276 7378.89 6.00 13.30 1.03 6.10 1.10
3987 1940 277 4560.83 9.40 11.90 1.28 4.00 0.60
3987 1940 278 4656.32 7.90 12.60 1.21 2.40 0.00
3987 1940 279 7156.58 6.20 15.00 1.11 6.10 0.00
3987 1940 280 4330.08 9.30 16.00 1.20 7.00 3.50
3987 1940 281 6480.18 8.20 16.80 1.13 8.70 0.50
3987 1940 282 12035.40 5.70 16.00 0.85 5.60 0.00
3987 1940 283 5284.73 3.80 16.60 1.12 5.30 0.20
3987 1940 284 8691.70 11.80 19.40 1.20 3.30 0.00
3987 1940 285 5033.94 9.10 18.60 1.43 2.70 0.10
3987 1940 286 4154.09 8.90 15.60 1.15 3.50 0.00
3987 1940 287 8059.00 7.30 18.40 1.28 5.80 0.00
3987 1940 288 10351.30 11.00 19.80 1.16 5.80 0.00
3987 1940 289 10668.29 6.40 17.60 1.05 4.60 0.00
3987 1940 290 9553.79 7.00 16.00 0.97 5.80 0.00
3987 1940 291 8012.19 4.70 15.00 0.81 6.50 0.00
3987 1940 292 10435.92 1.70 15.20 0.68 6.00 0.00
3987 1940 293 10165.74 2.50 14.30 0.73 4.70 0.00
3987 1940 294 9361.66 0.90 13.10 0.73 4.40 0.00
3987 1940 295 9305.38 0.40 11.50 0.71 4.10 0.00
3987 1940 296 7097.93 -1.30 8.50 0.63 5.20 0.00
3987 1940 297 5785.15 0.60 9.30 0.57 6.10 0.00
3987 1940 298 3201.23 1.50 4.20 0.67 4.40 0.70
3987 1940 299 3859.37 1.20 7.30 0.60 4.50 0.00
3987 1940 300 3923.91 -2.40 6.40 0.61 3.30 0.00
3987 1940 301 3027.48 1.60 4.70 0.68 2.50 0.00
3987 1940 302 6753.28 -1.80 7.90 0.60 2.70 0.00
3987 1940 303 4427.30 -4.30 3.20 0.44 5.80 0.00
3987 1940 304 2878.43 -2.30 0.90 0.44 4.40 0.70
3987 1940 305 4155.70 -2.90 3.10 0.56 3.60 4.30
3987 1940 306 4230.16 0.00 12.10 0.88 7.90 0.00
3987 1940 307 3517.50 2.00 11.60 0.80 5.60 6.60
3987 1940 308 2636.44 6.20 11.20 1.09 9.00 9.00
3987 1940 309 2596.36 5.60 8.20 0.92 4.40 17.30
3987 1940 310 4257.40 3.40 7.90 0.80 5.40 1.60
3987 1940 311 2502.35 -0.10 8.20 0.84 5.90 6.10
3987 1940 312 2903.35 3.10 8.20 0.83 5.40 1.00
3987 1940 313 2417.17 -0.60 5.60 0.72 6.80 3.80
3987 1940 314 3514.19 1.70 7.50 0.73 4.90 0.00
3987 1940 315 6096.74 -0.70 8.20 0.57 5.30 0.10
3987 1940 316 2606.54 1.00 7.20 0.72 5.80 2.30
3987 1940 317 2341.83 2.90 9.30 0.89 8.80 5.60
3987 1940 318 4049.82 7.00 11.10 0.79 8.40 4.80
3987 1940 319 4294.76 7.00 14.80 0.76 10.10 0.00
3987 1940 320 2126.36 3.50 9.30 0.80 5.10 0.00
3987 1940 321 3093.62 -0.30 7.30 0.80 4.40 0.10
3987 1940 322 2748.18 1.90 7.50 0.81 6.00 4.40
3987 1940 323 2898.34 4.40 8.90 0.89 4.40 0.70
3987 1940 324 5702.66 3.00 11.40 0.76 5.20 0.00
3987 1940 325 5398.64 1.70 8.50 0.75 6.10 1.70
3987 1940 326 2855.92 4.40 11.40 0.89 7.40 0.00
3987 1940 327 2993.80 8.00 14.50 1.03 5.70 0.00
3987 1940 328 1961.30 1.30 11.90 0.80 4.60 0.00
3987 1940 329 4502.43 -1.50 7.30 0.72 3.70 0.20
3987 1940 330 1806.17 5.00 8.00 0.89 5.60 0.00
3987 1940 331 1780.15 5.20 8.90 0.83 7.40 0.00
3987 1940 332 3805.87 1.10 10.00 0.67 6.80 0.00
3987 1940 333 2583.66 1.70 7.00 0.69 6.80 0.00
3987 1940 334 1723.68 -0.30 2.50 0.63 3.20 3.40
3987 1940 335 3673.70 -2.50 2.70 0.52 2.70 0.00
3987 1940 336 3435.96 -6.40 1.20 0.43 2.20 0.00
3987 1940 337 3646.44 -7.00 2.20 0.47 6.50 0.00
3987 1940 338 1642.52 -1.10 2.20 0.67 5.30 0.60
3987 1940 339 1623.48 -2.20 3.30 0.68 5.70 0.50
3987 1940 340 1606.08 0.10 3.30 0.63 9.50 7.20
3987 1940 341 1633.56 0.00 3.00 0.65 9.20 4.50
3987 1940 342 1575.73 1.00 4.30 0.60 10.10 1.20
3987 1940 343 1604.22 0.60 3.00 0.65 7.50 0.10
3987 1940 344 2828.97 -1.50 2.90 0.59 5.30 1.60
3987 1940 345 1540.88 -0.60 3.50 0.68 5.70 1.40
3987 1940 346 1533.61 -0.80 2.70 0.63 3.30 3.00
3987 1940 347 1523.62 -0.10 1.30 0.63 4.10 0.90
3987 1940 348 1519.11 -2.50 1.50 0.55 3.80 0.40
3987 1940 349 2246.36 -5.30 0.00 0.47 2.70 0.00
3987 1940 350 4354.30 -9.30 -2.60 0.35 2.10 0.10
3987 1940 351 3873.32 -11.50 -5.40 0.25 4.00 0.00
3987 1940 352 4359.27 -14.40 -5.70 0.20 4.70 0.00
3987 1940 353 4275.98 -15.10 -7.00 0.21 4.00 0.00
3987 1940 354 1502.10 -11.80 -3.30 0.29 4.30 0.00
3987 1940 355 3894.51 -12.60 -6.20 0.25 5.90 0.00
3987 1940 356 2147.04 -12.30 -3.60 0.29 5.70 0.00
3987 1940 357 1498.20 -4.30 -2.00 0.37 4.40 0.00
3987 1940 358 2520.45 -10.60 -3.60 0.27 3.30 0.00
3987 1940 359 1511.32 -13.40 -5.10 0.32 2.80 0.20
3987 1940 360 2596.52 -5.30 0.60 0.44 2.20 0.50
3987 1940 361 1513.01 -5.40 -2.40 0.45 4.00 0.40
3987 1940 362 1516.79 -3.40 -0.10 0.53 4.30 0.20
3987 1940 363 1521.72 -6.30 2.00 0.56 6.70 0.70
3987 1940 364 1525.85 1.20 2.80 0.68 10.50 9.40
3987 1940 365 1538.66 -0.70 3.80 0.65 4.70 11.30
3987 1940 366 1560.05 -6.90 0.10 0.39 4.80 0.00
