*---------------------------------------------------------------------------*
* Station name: Potsdam Saekularstation
* Year: 1931
* Author: Pedro Alencar                                   -999.000: NIL VALUE
* Source: DWD
* Comments: Gaps filled with interpolation and storical means
* Longitude: 13.0622, latitude: 52.3812, altitude: 82.0 m.
*
    * Column  Daily value
    * 1       station number
    * 2       year
    * 3       day
    * 4       irradiation                   (kJ m-2 d-1)
    * 5       minimum temperature           (degrees Celsius
    * 6       maximum temperature           (degrees Celsius)
    * 7       early morning vapour pressure (kPa)
    * 8       mean wind speed (height: 2 m) (m s-1)
    * 9       precipitation                 (mm d-1)
    *
** WCCDESCRIPTION=Potsdam, Germany
** WCCFORMAT=2
** WCCYEARNR=1931
*---------------------------------------------------------------------------*
   13.0622 52.3812 82.0 -0.18 -0.55
3987 1931 1 1831.59 1.50 5.10 0.64 6.80 0.30
3987 1931 2 1558.51 0.30 3.60 0.64 8.10 8.30
3987 1931 3 1573.56 0.10 2.60 0.59 5.60 2.30
3987 1931 4 1867.36 0.10 11.00 0.77 8.00 1.00
3987 1931 5 1770.43 -0.50 4.80 0.51 10.40 0.10
3987 1931 6 2128.68 -1.70 0.10 0.45 7.00 0.00
3987 1931 7 1725.11 -2.20 -0.50 0.43 4.80 0.00
3987 1931 8 2004.73 -3.40 -0.70 0.43 3.90 0.10
3987 1931 9 1681.54 -6.50 -2.60 0.41 3.50 0.10
3987 1931 10 4425.54 -7.60 -0.40 0.33 3.30 0.00
3987 1931 11 2512.13 -8.00 0.70 0.43 6.30 0.00
3987 1931 12 1781.70 -0.90 1.30 0.45 6.60 0.00
3987 1931 13 1763.89 -1.50 -0.10 0.49 3.00 0.20
3987 1931 14 1787.83 -2.20 -0.40 0.53 2.70 3.30
3987 1931 15 3234.58 -8.30 -0.50 0.43 7.30 1.70
3987 1931 16 1831.45 -0.70 3.90 0.72 10.30 9.40
3987 1931 17 2000.32 0.90 5.10 0.60 12.50 7.10
3987 1931 18 2173.61 -0.90 2.30 0.60 8.80 0.60
3987 1931 19 1923.41 -0.70 1.60 0.59 5.60 2.10
3987 1931 20 2149.21 -2.40 0.90 0.55 3.00 0.70
3987 1931 21 4183.87 -5.10 1.80 0.45 4.80 0.20
3987 1931 22 3166.37 -7.60 -2.60 0.37 6.10 0.00
3987 1931 23 2986.96 -3.90 5.80 0.65 7.10 5.20
3987 1931 24 3977.06 2.00 8.20 0.68 8.30 3.60
3987 1931 25 2674.16 1.40 5.80 0.68 7.90 2.40
3987 1931 26 2158.79 2.00 3.00 0.65 6.50 0.00
3987 1931 27 2200.37 0.20 2.20 0.63 6.30 0.50
3987 1931 28 2609.01 -0.30 3.20 0.57 4.80 5.40
3987 1931 29 2285.68 -1.00 0.30 0.56 3.50 0.50
3987 1931 30 2600.13 -2.40 0.60 0.49 3.30 0.80
3987 1931 31 2373.56 -3.90 -0.30 0.48 3.60 0.00
3987 1931 32 2418.06 -2.40 0.20 0.52 4.20 0.00
3987 1931 33 2466.63 -5.00 -1.90 0.47 3.50 0.00
3987 1931 34 2513.30 -3.80 -1.30 0.47 5.20 0.00
3987 1931 35 2565.40 -5.60 -2.20 0.37 3.20 2.30
3987 1931 36 2620.75 -7.40 -5.30 0.32 2.30 2.30
3987 1931 37 2670.47 -8.80 -5.00 0.32 1.90 0.60
3987 1931 38 2720.90 -7.70 -5.30 0.32 3.20 0.60
3987 1931 39 2774.42 -7.30 -6.10 0.33 3.00 0.00
3987 1931 40 4964.77 -9.30 -3.00 0.31 5.60 0.00
3987 1931 41 4267.87 -6.90 3.70 0.44 7.40 0.40
3987 1931 42 2904.01 0.50 4.00 0.57 7.50 2.70
3987 1931 43 4406.56 -0.10 5.80 0.63 7.60 0.80
3987 1931 44 3852.50 -0.30 2.70 0.60 5.50 0.60
3987 1931 45 5871.79 -3.80 1.90 0.45 4.40 0.00
3987 1931 46 3158.24 -6.20 -2.40 0.33 2.40 0.00
3987 1931 47 5981.20 -5.20 2.50 0.47 4.40 0.00
3987 1931 48 4395.46 -2.60 4.50 0.45 5.40 0.00
3987 1931 49 3653.46 -1.80 4.60 0.53 6.20 0.30
3987 1931 50 3383.14 -1.40 0.10 0.56 2.00 0.00
3987 1931 51 3444.13 -1.40 0.10 0.59 3.00 0.00
3987 1931 52 3505.02 -0.50 0.50 0.63 2.70 5.40
3987 1931 53 3567.50 0.10 1.00 0.63 5.00 3.90
3987 1931 54 3923.87 -1.10 2.20 0.55 4.10 0.10
3987 1931 55 10603.50 -3.20 6.00 0.49 2.00 0.00
3987 1931 56 3760.67 -1.90 3.80 0.60 6.20 1.60
3987 1931 57 3805.46 2.30 7.80 0.88 8.50 5.80
3987 1931 58 7722.34 -0.60 6.80 0.52 8.30 0.20
3987 1931 59 3951.70 -1.30 6.60 0.75 7.10 10.00
3987 1931 60 5736.03 -2.30 5.70 0.45 8.60 0.80
3987 1931 61 8319.29 -5.00 2.50 0.35 7.30 0.10
3987 1931 62 8037.89 -2.90 3.20 0.40 6.10 0.20
3987 1931 63 11917.54 -4.80 0.60 0.37 3.90 0.00
3987 1931 64 12725.05 -7.80 1.40 0.28 2.30 0.00
3987 1931 65 8174.99 -5.90 -0.50 0.33 3.50 0.00
3987 1931 66 10836.14 -9.20 0.10 0.24 4.10 0.00
3987 1931 67 10582.21 -10.60 -2.60 0.23 3.20 0.00
3987 1931 68 4733.26 -7.00 -3.20 0.31 2.50 0.10
3987 1931 69 4720.72 -5.40 -2.60 0.36 2.50 0.60
3987 1931 70 8658.95 -9.10 -1.10 0.36 6.60 2.40
3987 1931 71 7597.51 -4.00 3.60 0.48 11.40 1.40
3987 1931 72 14120.30 -1.80 5.20 0.41 7.20 0.00
3987 1931 73 13639.11 -3.50 8.80 0.33 4.70 1.20
3987 1931 74 11676.22 0.00 6.70 0.52 4.90 0.80
3987 1931 75 14267.73 -4.00 4.10 0.44 3.70 0.00
3987 1931 76 15514.91 -5.30 3.10 0.33 5.40 0.00
3987 1931 77 15640.51 -5.00 8.20 0.36 5.50 0.00
3987 1931 78 15740.76 -3.80 11.60 0.43 4.70 0.00
3987 1931 79 15899.95 -2.40 11.10 0.53 5.40 0.00
3987 1931 80 15910.92 0.20 14.20 0.67 5.00 0.00
3987 1931 81 7887.00 1.70 10.90 0.89 2.60 0.10
3987 1931 82 6762.89 4.90 11.80 0.97 2.90 1.10
3987 1931 83 8481.66 -0.10 11.90 0.81 2.70 1.10
3987 1931 84 12646.84 -1.30 6.80 0.47 4.20 0.00
3987 1931 85 17226.43 -5.60 8.10 0.39 3.50 0.00
3987 1931 86 6013.31 -2.60 2.00 0.53 3.00 0.00
3987 1931 87 8920.36 -2.40 6.00 0.55 5.60 0.00
3987 1931 88 16959.27 -2.10 5.00 0.32 5.90 3.00
3987 1931 89 13929.30 -2.50 4.40 0.35 3.50 0.20
3987 1931 90 17100.35 -6.10 3.30 0.32 4.30 0.00
3987 1931 91 18406.14 -6.20 7.60 0.36 2.90 0.00
3987 1931 92 19052.23 -2.90 7.80 0.39 5.40 0.00
3987 1931 93 19162.47 -3.60 10.80 0.41 6.50 0.00
3987 1931 94 19097.31 -1.20 15.10 0.56 5.20 2.00
3987 1931 95 10568.17 2.70 11.40 0.75 7.10 4.60
3987 1931 96 14830.32 1.70 9.90 0.57 5.20 0.00
3987 1931 97 17157.72 0.20 11.10 0.48 5.00 0.00
3987 1931 98 20581.92 -2.50 9.40 0.33 3.00 0.00
3987 1931 99 18120.51 -2.50 12.90 0.41 3.40 2.60
3987 1931 100 7804.45 2.40 6.50 0.69 4.00 3.20
3987 1931 101 7231.68 1.10 6.20 0.64 2.10 0.10
3987 1931 102 7169.08 2.80 11.00 0.84 2.70 0.70
3987 1931 103 11031.17 4.30 13.00 0.81 6.90 4.00
3987 1931 104 10156.85 2.00 8.50 0.75 8.60 6.40
3987 1931 105 10809.41 0.50 7.30 0.55 6.90 1.40
3987 1931 106 21257.29 -1.50 10.20 0.41 2.50 0.00
3987 1931 107 11380.90 1.00 11.60 0.68 5.30 4.50
3987 1931 108 8601.80 4.90 10.30 0.81 4.50 9.50
3987 1931 109 9802.49 4.20 8.10 0.81 5.90 6.30
3987 1931 110 12644.58 2.40 11.30 0.79 3.40 0.00
3987 1931 111 7854.59 2.00 5.40 0.67 3.60 0.90
3987 1931 112 9256.78 2.30 7.50 0.75 6.40 2.90
3987 1931 113 15693.49 2.20 13.50 0.73 4.40 0.90
3987 1931 114 17310.18 1.90 16.80 0.75 4.40 0.00
3987 1931 115 20935.12 4.60 20.00 0.77 5.60 1.90
3987 1931 116 17613.73 7.70 17.00 0.87 4.90 0.00
3987 1931 117 16580.54 5.50 17.00 0.85 5.00 0.00
3987 1931 118 9410.22 6.50 11.30 0.85 4.00 1.40
3987 1931 119 10071.96 4.90 9.90 0.84 4.80 4.50
3987 1931 120 8986.39 5.20 8.80 0.87 5.10 2.50
3987 1931 121 19373.60 4.80 14.90 0.85 4.20 0.00
3987 1931 122 21365.65 5.30 18.40 0.83 4.30 0.00
3987 1931 123 19042.34 6.60 22.10 1.04 6.40 0.00
3987 1931 124 18914.15 13.00 20.50 1.09 6.10 0.00
3987 1931 125 16618.98 8.40 19.40 1.01 3.40 0.00
3987 1931 126 17771.76 9.00 21.80 1.21 5.00 2.30
3987 1931 127 21776.07 12.40 24.60 1.17 5.20 0.10
3987 1931 128 8826.95 10.10 15.60 1.13 6.30 0.00
3987 1931 129 9121.31 9.60 12.70 1.11 5.30 0.40
3987 1931 130 9173.57 7.30 12.60 1.09 2.90 0.10
3987 1931 131 11421.74 9.80 17.90 1.04 2.80 0.00
3987 1931 132 16140.63 10.10 23.50 1.16 3.10 11.80
3987 1931 133 19141.20 10.60 20.70 1.25 2.60 0.00
3987 1931 134 18237.90 10.30 27.30 1.31 4.00 2.50
3987 1931 135 16872.45 11.10 23.60 1.17 3.20 2.10
3987 1931 136 25332.29 13.50 26.20 1.44 4.30 0.00
3987 1931 137 21089.87 15.70 30.80 1.35 4.70 1.30
3987 1931 138 16857.38 12.60 21.60 1.31 4.50 0.00
3987 1931 139 13909.26 10.40 21.70 1.17 3.80 0.00
3987 1931 140 24155.25 8.80 21.90 1.05 5.60 0.00
3987 1931 141 9821.59 8.60 16.60 1.08 4.10 8.80
3987 1931 142 9496.61 7.50 11.20 1.15 3.40 16.00
3987 1931 143 26273.88 8.50 22.60 1.16 3.60 0.00
3987 1931 144 25425.10 10.70 28.60 1.53 4.80 0.00
3987 1931 145 26322.84 15.20 28.00 2.00 3.80 0.00
3987 1931 146 25110.65 14.10 32.20 1.53 4.40 0.00
3987 1931 147 26739.28 15.30 28.90 1.51 5.00 0.00
3987 1931 148 27525.38 14.70 31.70 1.39 4.90 0.00
3987 1931 149 23312.52 17.20 26.90 1.97 3.90 0.00
3987 1931 150 21924.33 16.60 29.70 1.96 3.50 17.30
3987 1931 151 22603.34 15.60 28.00 1.91 3.30 34.00
3987 1931 152 13119.26 12.50 20.20 1.41 5.20 1.70
3987 1931 153 17635.50 12.00 19.50 1.37 3.60 3.30
3987 1931 154 11996.37 11.00 18.10 1.31 5.20 0.60
3987 1931 155 27284.77 6.00 18.70 0.87 3.40 0.00
3987 1931 156 25395.83 9.20 18.50 0.80 3.50 0.00
3987 1931 157 20064.10 6.10 19.00 1.07 3.20 4.00
3987 1931 158 14984.49 11.40 20.40 1.28 3.30 0.80
3987 1931 159 11024.93 11.70 17.60 1.48 5.00 1.30
3987 1931 160 13804.99 11.10 20.50 1.44 4.60 1.50
3987 1931 161 14770.59 11.80 21.00 1.63 3.50 12.30
3987 1931 162 13801.80 14.20 21.70 1.65 5.90 2.60
3987 1931 163 22342.33 14.90 23.10 1.69 5.10 2.90
3987 1931 164 15320.47 13.60 18.90 1.41 5.50 0.00
3987 1931 165 25780.07 9.40 22.90 1.24 3.10 8.70
3987 1931 166 18558.70 14.00 22.20 1.43 7.10 0.00
3987 1931 167 27220.90 9.20 24.00 1.20 3.40 0.00
3987 1931 168 28122.76 14.50 28.90 1.53 4.20 12.80
3987 1931 169 10049.73 12.00 23.60 1.57 4.40 17.30
3987 1931 170 24632.45 9.60 21.90 1.27 3.70 0.00
3987 1931 171 17874.39 13.90 24.00 1.49 4.20 1.70
3987 1931 172 21567.94 10.50 20.00 1.15 4.60 0.00
3987 1931 173 16499.08 10.50 23.10 1.36 5.10 0.00
3987 1931 174 27809.73 12.20 20.90 1.08 3.80 0.00
3987 1931 175 20635.07 11.60 22.30 1.25 4.10 0.30
3987 1931 176 13317.55 12.30 17.80 1.16 4.20 0.00
3987 1931 177 21993.92 7.60 22.20 1.04 3.30 0.00
3987 1931 178 29078.12 11.00 25.60 1.24 4.30 0.00
3987 1931 179 28606.64 13.00 28.00 1.53 3.50 0.00
3987 1931 180 25425.99 16.30 26.80 1.48 4.90 0.00
3987 1931 181 24394.32 7.60 19.30 0.99 3.50 0.00
3987 1931 182 28826.91 8.50 22.40 1.00 4.30 0.00
3987 1931 183 18764.07 13.20 26.80 1.53 3.10 0.00
3987 1931 184 18220.27 17.60 28.40 1.64 3.80 0.00
3987 1931 185 16125.62 15.90 31.30 1.91 4.30 0.00
3987 1931 186 14979.38 18.90 27.20 2.13 4.10 27.60
3987 1931 187 13844.52 18.70 29.10 1.79 4.40 1.60
3987 1931 188 17561.90 17.00 28.60 1.87 4.70 56.50
3987 1931 189 10709.47 12.70 18.10 1.41 7.90 4.30
3987 1931 190 14252.51 12.80 19.10 1.20 9.20 0.30
3987 1931 191 13857.84 14.40 21.70 1.55 6.40 1.60
3987 1931 192 18820.77 14.60 22.50 1.59 5.20 0.30
3987 1931 193 19729.97 15.30 24.60 1.56 3.20 1.90
3987 1931 194 10744.47 15.00 24.50 1.88 4.30 11.80
3987 1931 195 14820.36 14.20 20.20 1.71 3.50 15.10
3987 1931 196 10845.20 12.30 19.80 1.71 4.40 7.50
3987 1931 197 14051.20 12.60 19.10 1.51 7.90 5.90
3987 1931 198 19608.66 12.60 20.50 1.41 6.00 1.00
3987 1931 199 11203.22 13.10 20.40 1.48 5.50 3.00
3987 1931 200 11661.19 13.40 19.20 1.43 5.20 0.20
3987 1931 201 15677.68 12.80 20.10 1.45 4.00 3.30
3987 1931 202 13887.56 10.80 17.20 1.27 6.60 0.40
3987 1931 203 15016.06 9.70 17.70 1.20 5.70 1.40
3987 1931 204 26015.83 13.30 25.90 1.47 4.30 0.00
3987 1931 205 26717.54 14.90 28.40 1.55 4.80 0.00
3987 1931 206 25019.15 14.10 28.30 1.57 5.00 0.00
3987 1931 207 19876.28 16.50 24.30 1.51 4.90 0.00
3987 1931 208 18264.47 13.90 26.40 1.65 5.10 2.90
3987 1931 209 9731.77 14.30 19.80 1.48 3.00 0.00
3987 1931 210 14615.62 11.30 20.20 1.29 5.50 0.00
3987 1931 211 15343.83 11.40 22.20 1.36 3.10 0.00
3987 1931 212 17791.58 14.50 24.40 1.57 3.10 0.00
3987 1931 213 19202.76 15.20 27.60 1.65 3.10 0.00
3987 1931 214 20523.49 14.50 25.30 1.84 4.80 0.00
3987 1931 215 25538.86 17.30 30.40 1.61 5.40 0.00
3987 1931 216 24842.78 17.80 31.10 1.67 5.00 0.00
3987 1931 217 24960.69 17.70 32.40 1.67 5.20 0.00
3987 1931 218 19892.40 18.10 30.80 1.99 4.00 4.00
3987 1931 219 16856.23 17.00 23.30 1.69 5.90 0.00
3987 1931 220 15832.84 13.70 24.30 1.51 3.60 0.00
3987 1931 221 9985.86 16.10 22.00 1.44 5.70 1.60
3987 1931 222 15822.42 10.90 18.10 1.07 7.00 0.50
3987 1931 223 12215.97 9.60 17.90 1.17 4.60 3.30
3987 1931 224 10204.10 8.90 15.60 1.19 5.90 21.10
3987 1931 225 14361.46 9.60 15.30 1.19 5.70 3.30
3987 1931 226 17060.63 8.10 19.40 1.15 4.20 0.50
3987 1931 227 9411.88 10.50 19.70 1.52 4.00 0.40
3987 1931 228 14231.18 12.10 23.00 1.53 5.20 0.10
3987 1931 229 14629.45 13.00 21.30 1.44 5.80 7.70
3987 1931 230 19218.03 12.10 20.20 1.37 6.50 0.70
3987 1931 231 16524.10 11.20 21.60 1.27 4.50 8.10
3987 1931 232 9911.76 14.60 21.30 1.63 4.30 0.30
3987 1931 233 10957.97 13.40 20.70 1.40 5.30 1.70
3987 1931 234 10578.11 12.90 17.30 1.40 7.40 12.20
3987 1931 235 16092.42 10.50 18.40 1.12 4.50 0.00
3987 1931 236 19341.44 8.00 19.00 1.07 3.00 0.00
3987 1931 237 7939.37 12.50 16.80 1.39 3.30 0.00
3987 1931 238 12325.84 10.00 17.90 1.21 5.00 1.30
3987 1931 239 16311.01 7.10 18.30 1.12 4.40 0.50
3987 1931 240 8888.89 10.20 19.90 1.28 4.90 0.00
3987 1931 241 7217.57 14.20 18.30 1.55 3.30 0.80
3987 1931 242 12203.87 14.10 21.60 1.47 2.70 0.00
3987 1931 243 14516.24 10.80 20.80 1.52 4.00 0.00
3987 1931 244 17502.21 12.60 25.20 1.49 3.00 0.00
3987 1931 245 17263.04 11.60 24.10 1.51 3.90 0.00
3987 1931 246 11388.59 15.00 24.70 1.72 4.90 4.70
3987 1931 247 13837.86 12.50 22.20 1.61 3.30 21.70
3987 1931 248 6736.44 11.30 17.70 1.32 7.80 10.30
3987 1931 249 7995.34 10.20 13.90 1.13 8.80 0.20
3987 1931 250 10264.30 9.00 15.10 1.12 8.00 3.00
3987 1931 251 14109.57 7.60 15.10 0.99 6.10 0.00
3987 1931 252 15465.44 6.30 16.80 0.99 5.10 0.00
3987 1931 253 16854.70 6.50 16.60 0.97 3.60 0.00
3987 1931 254 14127.59 5.20 16.50 0.88 2.30 0.00
3987 1931 255 14999.38 6.30 15.70 0.93 3.80 4.00
3987 1931 256 9495.40 7.00 12.90 1.01 5.60 14.10
3987 1931 257 11928.38 6.50 14.60 0.95 4.00 0.30
3987 1931 258 8980.75 4.40 13.80 1.03 5.20 0.00
3987 1931 259 6274.44 11.70 15.00 1.49 3.60 0.30
3987 1931 260 5808.92 12.20 17.20 1.57 1.60 0.00
3987 1931 261 5828.20 13.60 17.20 1.56 2.30 0.20
3987 1931 262 5852.07 12.90 16.00 1.48 4.70 0.50
3987 1931 263 11379.10 7.00 14.10 1.01 6.60 1.40
3987 1931 264 6935.86 6.80 12.50 0.96 3.80 3.90
3987 1931 265 6132.32 4.90 9.60 0.75 4.40 3.50
3987 1931 266 12603.90 4.40 12.80 0.79 4.30 0.10
3987 1931 267 10204.73 2.90 13.10 0.76 5.90 0.00
3987 1931 268 5494.95 7.00 13.90 1.21 5.90 1.70
3987 1931 269 11464.89 6.70 12.80 0.75 4.40 0.00
3987 1931 270 6943.74 2.60 10.10 0.79 5.30 2.40
3987 1931 271 7879.95 8.80 14.30 1.13 5.10 4.40
3987 1931 272 10723.80 7.10 13.80 0.88 2.80 0.00
3987 1931 273 11109.77 6.30 15.00 0.88 2.60 0.00
3987 1931 274 13935.73 2.80 16.70 0.83 4.60 0.00
3987 1931 275 10617.43 6.00 19.80 1.25 5.00 1.50
3987 1931 276 10193.00 9.80 15.80 1.19 7.70 1.90
3987 1931 277 7766.88 7.90 14.90 0.99 6.10 0.00
3987 1931 278 4632.64 9.90 16.10 1.32 5.10 0.00
3987 1931 279 8625.49 13.90 21.20 1.31 4.30 0.00
3987 1931 280 9163.27 11.00 22.60 1.37 6.50 4.20
3987 1931 281 10264.72 8.80 14.90 0.93 8.00 0.10
3987 1931 282 5829.10 11.60 17.10 1.29 5.60 0.00
3987 1931 283 8144.39 7.90 17.10 1.17 5.20 0.00
3987 1931 284 5677.51 8.70 13.40 1.17 3.10 0.00
3987 1931 285 8161.96 7.20 17.10 1.08 3.50 0.00
3987 1931 286 8335.20 5.40 18.70 1.20 3.70 4.20
3987 1931 287 5508.88 6.60 12.40 0.88 7.50 1.00
3987 1931 288 10214.21 2.20 13.10 0.79 4.00 0.00
3987 1931 289 4177.76 6.70 12.00 1.01 2.40 0.00
3987 1931 290 11019.81 3.60 14.30 0.80 2.10 0.00
3987 1931 291 4255.27 5.30 12.30 0.91 4.10 0.00
3987 1931 292 6527.07 -0.10 9.30 0.77 3.60 0.00
3987 1931 293 3909.60 4.30 9.50 0.81 7.70 1.70
3987 1931 294 6484.49 1.10 8.30 0.67 8.40 1.80
3987 1931 295 9601.20 -0.80 9.80 0.63 5.30 0.00
3987 1931 296 4059.86 -0.40 8.90 0.63 4.00 5.80
3987 1931 297 3250.28 2.00 7.10 0.89 4.60 6.60
3987 1931 298 3466.13 0.80 6.00 0.73 5.10 0.40
3987 1931 299 8247.96 -1.20 6.80 0.49 4.50 0.00
3987 1931 300 8060.80 -4.00 5.90 0.48 5.80 0.00
3987 1931 301 3033.86 -0.10 2.10 0.55 3.70 0.10
3987 1931 302 3537.17 -1.70 8.10 0.65 7.40 1.10
3987 1931 303 2921.24 1.10 3.20 0.64 6.90 9.20
3987 1931 304 5565.99 0.00 5.80 0.60 6.70 0.00
3987 1931 305 4512.81 -4.30 4.70 0.65 3.20 4.60
3987 1931 306 2741.81 4.30 8.80 1.03 4.20 0.60
3987 1931 307 6798.04 4.30 14.20 0.92 6.50 0.00
3987 1931 308 7267.68 6.80 16.50 0.92 7.30 0.00
3987 1931 309 7507.30 6.20 17.00 0.93 5.30 0.00
3987 1931 310 4770.65 0.30 9.70 0.79 4.60 0.00
3987 1931 311 5297.83 2.70 12.10 0.87 4.70 0.00
3987 1931 312 3113.42 4.90 11.50 0.91 4.60 0.00
3987 1931 313 5248.34 5.20 13.10 0.91 5.10 0.50
3987 1931 314 2362.66 6.20 10.70 1.01 5.70 0.90
3987 1931 315 3863.61 5.70 12.70 0.88 6.20 0.50
3987 1931 316 2801.79 6.00 12.60 0.92 5.70 0.40
3987 1931 317 5154.95 6.00 13.40 0.93 4.20 0.00
3987 1931 318 2201.51 3.70 7.10 0.92 1.90 0.00
3987 1931 319 2316.61 4.70 8.20 0.88 2.70 0.00
3987 1931 320 2131.61 1.80 5.30 0.69 2.80 0.00
3987 1931 321 2098.94 1.30 4.10 0.67 2.70 0.70
3987 1931 322 2065.67 0.80 2.60 0.67 1.80 0.00
3987 1931 323 2029.80 -0.50 3.10 0.61 4.20 0.00
3987 1931 324 3204.85 1.20 4.10 0.61 6.70 0.00
3987 1931 325 3451.84 -1.30 4.90 0.59 5.30 0.00
3987 1931 326 4360.14 -0.90 5.30 0.60 4.40 0.00
3987 1931 327 1999.91 -1.10 2.10 0.61 4.00 0.00
3987 1931 328 2108.19 -0.10 3.70 0.55 5.80 0.00
3987 1931 329 1840.93 -1.00 5.10 0.76 3.30 0.00
3987 1931 330 3139.76 -0.50 5.60 0.65 5.40 0.00
3987 1931 331 1790.72 1.20 4.00 0.65 4.50 0.90
3987 1931 332 1771.57 -1.90 2.80 0.61 5.80 0.10
3987 1931 333 1757.44 -5.90 -1.90 0.32 7.50 0.00
3987 1931 334 5206.83 -10.10 -1.60 0.25 5.40 0.00
3987 1931 335 3835.79 -12.50 -4.40 0.31 2.80 0.10
3987 1931 336 1684.02 -5.90 0.10 0.56 2.10 0.60
3987 1931 337 1752.92 -3.20 0.20 0.52 3.70 9.00
3987 1931 338 1637.28 -3.20 6.90 0.76 7.00 13.90
3987 1931 339 1741.83 5.20 9.20 0.83 11.20 4.80
3987 1931 340 2097.62 3.80 11.00 0.77 7.80 0.00
3987 1931 341 2377.63 2.70 6.10 0.69 6.60 0.00
3987 1931 342 2275.38 2.30 6.60 0.68 6.00 0.10
3987 1931 343 1560.34 3.50 5.70 0.77 6.70 0.60
3987 1931 344 2912.61 -1.60 3.50 0.51 5.60 0.00
3987 1931 345 2777.66 -3.60 0.60 0.45 5.00 0.00
3987 1931 346 1656.67 -3.60 1.20 0.52 5.60 1.40
3987 1931 347 1515.49 1.20 6.40 0.87 7.90 1.70
3987 1931 348 1508.41 4.20 6.10 0.79 7.30 0.20
3987 1931 349 2185.72 2.10 7.10 0.67 10.10 2.30
3987 1931 350 3842.55 -2.00 2.10 0.43 7.30 1.00
3987 1931 351 2313.55 -4.70 0.30 0.43 5.20 1.10
3987 1931 352 3440.49 -7.60 -1.10 0.36 3.20 0.00
3987 1931 353 1496.01 -7.60 -0.30 0.51 4.40 3.80
3987 1931 354 1494.02 -2.10 -0.90 0.51 1.90 0.20
3987 1931 355 1492.74 -2.10 0.00 0.55 2.20 0.20
3987 1931 356 1492.64 -2.00 -0.20 0.55 2.30 0.00
3987 1931 357 1501.38 -5.80 -1.80 0.40 3.80 0.00
3987 1931 358 1495.89 -5.80 -0.20 0.52 5.10 1.70
3987 1931 359 1490.78 -0.20 4.20 0.79 7.30 1.70
3987 1931 360 1493.46 4.10 5.70 0.73 8.40 0.00
3987 1931 361 1493.07 4.20 8.70 0.93 8.80 0.00
3987 1931 362 1506.08 2.20 8.10 0.72 9.30 6.80
3987 1931 363 3100.32 0.00 3.30 0.57 6.60 0.20
3987 1931 364 1534.60 -4.50 0.60 0.49 4.90 0.40
3987 1931 365 3366.22 -8.00 -2.80 0.33 3.30 0.00
