*---------------------------------------------------------------------------*
* Station name: Potsdam Saekularstation
* Year: 1957
* Author: Pedro Alencar                                   -999.000: NIL VALUE
* Source: DWD
* Comments: Gaps filled with interpolation and storical means
* Longitude: 13.0622, latitude: 52.3812, altitude: 82.0 m.
*
    * Column  Daily value
    * 1       station number
    * 2       year
    * 3       day
    * 4       irradiation                   (kJ m-2 d-1)
    * 5       minimum temperature           (degrees Celsius
    * 6       maximum temperature           (degrees Celsius)
    * 7       early morning vapour pressure (kPa)
    * 8       mean wind speed (height: 2 m) (m s-1)
    * 9       precipitation                 (mm d-1)
    *
** WCCDESCRIPTION=Potsdam, Germany
** WCCFORMAT=2
** WCCYEARNR=1957
*---------------------------------------------------------------------------*
   13.0622 52.3812 82.0 -0.18 -0.55
3987 1957 1 1440.00 -10.10 -4.10 0.35 3.90 0.00
3987 1957 2 1650.00 -6.20 0.40 0.52 2.60 0.00
3987 1957 3 3360.00 -1.90 3.70 0.59 4.40 0.30
3987 1957 4 1690.00 1.00 3.60 0.69 4.40 3.80
3987 1957 5 480.00 2.80 10.40 1.07 6.60 8.00
3987 1957 6 1290.00 4.60 10.70 0.93 8.30 1.60
3987 1957 7 1920.00 4.10 6.50 0.72 8.70 0.00
3987 1957 8 720.00 4.00 8.10 0.84 6.40 0.00
3987 1957 9 640.00 6.40 9.00 0.85 5.90 0.20
3987 1957 10 1740.00 1.60 7.40 0.69 7.00 0.00
3987 1957 11 3310.00 -0.50 2.90 0.56 6.20 0.40
3987 1957 12 570.00 -0.70 3.20 0.67 6.70 4.80
3987 1957 13 1400.00 0.40 3.10 0.65 2.20 0.40
3987 1957 14 480.00 -4.70 2.30 0.40 5.70 0.50
3987 1957 15 1990.00 -7.90 -4.40 0.31 3.90 0.00
3987 1957 16 2530.00 -8.50 0.10 0.41 1.90 0.10
3987 1957 17 3460.00 -7.60 -0.70 0.41 2.30 0.00
3987 1957 18 1200.00 -4.20 -2.20 0.47 2.50 0.10
3987 1957 19 1040.00 -2.20 0.40 0.60 1.70 0.00
3987 1957 20 950.00 -2.20 1.40 0.52 3.70 0.10
3987 1957 21 4830.00 -6.00 1.60 0.37 5.10 0.00
3987 1957 22 4860.00 -7.90 2.00 0.33 4.70 0.00
3987 1957 23 5120.00 -6.00 2.90 0.36 4.60 0.00
3987 1957 24 2120.00 -3.80 0.30 0.39 3.60 0.00
3987 1957 25 1250.00 -3.30 2.10 0.60 3.30 0.60
3987 1957 26 4710.00 -2.10 4.50 0.56 6.10 5.60
3987 1957 27 3660.00 1.20 6.90 0.64 7.20 1.00
3987 1957 28 2620.00 0.30 5.10 0.63 6.90 0.40
3987 1957 29 1950.00 0.10 5.10 0.65 4.60 0.20
3987 1957 30 1420.00 -0.60 4.00 0.69 4.80 4.90
3987 1957 31 860.00 2.60 4.30 0.77 3.40 4.90
3987 1957 32 1410.00 3.30 10.20 1.03 6.20 3.80
3987 1957 33 1740.00 7.60 11.50 0.99 3.60 1.50
3987 1957 34 690.00 4.50 7.60 0.85 3.70 1.20
3987 1957 35 5150.00 4.20 12.70 0.91 4.60 0.00
3987 1957 36 5400.00 2.40 12.50 0.80 5.90 0.00
3987 1957 37 3640.00 2.30 8.90 0.80 6.20 0.00
3987 1957 38 5770.00 3.60 9.50 0.72 6.10 0.50
3987 1957 39 1780.00 3.00 8.60 0.91 5.70 3.50
3987 1957 40 3040.00 4.70 9.30 0.77 6.70 0.20
3987 1957 41 1750.00 1.30 8.40 0.85 3.80 2.50
3987 1957 42 4200.00 1.50 7.70 0.65 5.80 0.00
3987 1957 43 2810.00 1.60 7.10 0.73 5.70 0.50
3987 1957 44 3060.00 2.50 7.20 0.77 6.70 10.50
3987 1957 45 3780.00 2.90 9.20 0.73 6.00 2.70
3987 1957 46 2900.00 1.90 5.90 0.71 4.00 0.40
3987 1957 47 4560.00 0.40 6.10 0.61 4.20 0.10
3987 1957 48 3120.00 -1.50 3.30 0.63 4.00 3.60
3987 1957 49 7360.00 -1.50 6.80 0.53 4.00 0.00
3987 1957 50 4570.00 -1.10 6.00 0.57 4.20 0.30
3987 1957 51 4080.00 -0.50 7.40 0.63 4.00 0.30
3987 1957 52 1280.00 1.10 4.50 0.64 5.30 1.70
3987 1957 53 7120.00 -2.60 5.50 0.52 2.60 0.00
3987 1957 54 2700.00 -2.90 1.20 0.49 2.20 0.00
3987 1957 55 5070.00 -4.00 3.60 0.52 4.00 0.00
3987 1957 56 6620.00 -4.10 1.70 0.47 4.30 0.00
3987 1957 57 4700.00 -4.90 2.90 0.47 3.40 0.30
3987 1957 58 1360.00 -0.70 3.30 0.64 3.50 0.10
3987 1957 59 2200.00 -1.10 2.70 0.55 3.90 0.00
3987 1957 60 10490.00 -4.60 4.30 0.41 2.00 0.00
3987 1957 61 11810.00 -3.70 6.90 0.39 3.10 0.00
3987 1957 62 10770.00 -3.00 10.80 0.37 3.30 0.00
3987 1957 63 7260.00 -1.80 9.40 0.53 4.30 0.00
3987 1957 64 10810.00 -2.00 8.10 0.43 1.90 0.00
3987 1957 65 12900.00 -4.40 9.70 0.47 5.10 0.00
3987 1957 66 7070.00 -1.20 8.50 0.56 6.10 3.60
3987 1957 67 2700.00 0.20 3.20 0.59 5.70 0.00
3987 1957 68 14090.00 -2.70 7.10 0.43 6.30 0.00
3987 1957 69 14420.00 -3.20 10.40 0.40 5.50 0.00
3987 1957 70 13840.00 -3.90 14.30 0.43 5.10 0.00
3987 1957 71 13980.00 0.20 16.60 0.45 3.10 0.00
3987 1957 72 11730.00 2.40 18.50 0.67 3.90 0.00
3987 1957 73 4530.00 7.60 13.00 0.80 9.20 0.00
3987 1957 74 2190.00 7.90 10.40 1.00 9.30 8.00
3987 1957 75 2700.00 0.80 9.60 0.59 3.20 6.20
3987 1957 76 2230.00 -1.30 10.40 0.88 5.70 13.30
3987 1957 77 5520.00 6.50 10.60 0.95 8.20 2.40
3987 1957 78 3400.00 4.90 10.30 0.97 4.70 3.50
3987 1957 79 6450.00 8.80 14.10 1.03 5.00 0.60
3987 1957 80 15000.00 5.90 13.70 0.68 6.70 0.00
3987 1957 81 15530.00 2.50 12.80 0.61 3.70 0.00
3987 1957 82 11370.00 0.40 13.20 0.61 6.80 0.00
3987 1957 83 4110.00 2.30 8.60 0.63 10.10 0.00
3987 1957 84 11110.00 1.20 15.60 0.85 5.10 2.00
3987 1957 85 11730.00 7.00 17.10 0.96 4.00 0.10
3987 1957 86 11530.00 5.30 17.00 0.79 5.90 4.70
3987 1957 87 16470.00 6.50 15.90 0.81 4.20 0.40
3987 1957 88 6360.00 3.60 8.70 0.81 3.10 9.70
3987 1957 89 2960.00 2.40 8.90 0.83 3.20 0.10
3987 1957 90 3160.00 2.60 7.00 0.77 2.80 0.00
3987 1957 91 12570.00 2.90 15.10 0.89 3.00 5.60
3987 1957 92 10450.00 6.40 15.70 0.92 2.80 0.70
3987 1957 93 7670.00 6.80 16.30 1.07 2.60 0.00
3987 1957 94 15690.00 6.80 21.80 0.85 2.80 0.00
3987 1957 95 18800.00 9.20 22.10 0.76 3.20 0.00
3987 1957 96 11030.00 6.20 15.50 0.83 3.80 0.00
3987 1957 97 13440.00 2.20 10.40 0.61 5.30 0.00
3987 1957 98 20110.00 -1.70 9.70 0.48 3.40 0.00
3987 1957 99 20460.00 -0.40 13.90 0.60 3.70 0.00
3987 1957 100 20330.00 0.50 14.50 0.68 5.40 0.00
3987 1957 101 14900.00 0.60 8.10 0.55 5.00 0.00
3987 1957 102 19850.00 -0.30 7.80 0.43 3.40 0.00
3987 1957 103 14670.00 -2.80 6.30 0.48 2.90 0.00
3987 1957 104 16060.00 -3.50 7.60 0.55 2.90 0.40
3987 1957 105 20140.00 -3.10 9.40 0.45 2.20 0.30
3987 1957 106 9280.00 2.90 13.80 0.80 5.20 0.10
3987 1957 107 11730.00 7.40 14.30 0.89 3.60 0.30
3987 1957 108 19950.00 3.00 14.60 0.72 3.00 0.70
3987 1957 109 4060.00 4.70 10.20 0.91 3.90 3.10
3987 1957 110 19210.00 1.40 13.30 0.63 3.70 0.00
3987 1957 111 21060.00 1.90 13.80 0.63 3.40 0.00
3987 1957 112 17700.00 -0.20 12.40 0.61 2.40 0.00
3987 1957 113 20900.00 1.10 16.60 0.65 3.20 0.00
3987 1957 114 17970.00 4.60 17.10 0.75 3.90 0.00
3987 1957 115 7610.00 0.50 12.00 0.79 3.60 0.10
3987 1957 116 14610.00 3.90 16.10 0.93 3.00 0.00
3987 1957 117 17740.00 4.30 19.90 1.08 3.00 0.10
3987 1957 118 19060.00 8.10 24.20 1.17 2.50 0.00
3987 1957 119 21060.00 9.10 21.20 1.20 3.70 0.00
3987 1957 120 10100.00 7.90 14.20 0.84 4.20 0.90
3987 1957 121 26540.00 1.00 15.20 0.60 2.90 0.00
3987 1957 122 10890.00 5.90 15.00 0.73 2.20 0.00
3987 1957 123 9230.00 6.30 11.30 0.88 4.10 1.10
3987 1957 124 15330.00 3.90 9.90 0.59 8.50 0.00
3987 1957 125 18710.00 1.00 9.30 0.60 6.10 0.10
3987 1957 126 15530.00 0.40 10.90 0.61 4.20 2.80
3987 1957 127 17700.00 1.10 9.70 0.69 3.40 0.90
3987 1957 128 14810.00 -0.80 9.40 0.65 2.00 1.20
3987 1957 129 18710.00 0.30 13.40 0.57 3.20 0.00
3987 1957 130 26430.00 1.90 16.40 0.68 3.40 0.00
3987 1957 131 25620.00 2.70 22.40 0.72 3.20 0.00
3987 1957 132 15670.00 7.30 21.90 1.07 4.40 0.10
3987 1957 133 16550.00 8.90 21.80 1.13 4.10 2.30
3987 1957 134 21020.00 7.50 20.20 1.03 3.30 0.00
3987 1957 135 26220.00 7.20 24.90 0.96 3.30 0.00
3987 1957 136 18410.00 10.70 26.60 1.15 5.40 2.20
3987 1957 137 13710.00 8.80 19.30 1.13 2.60 0.00
3987 1957 138 23390.00 8.40 22.20 1.01 3.60 0.00
3987 1957 139 23720.00 10.20 26.40 1.29 4.40 0.00
3987 1957 140 11020.00 8.60 16.10 0.99 5.80 0.00
3987 1957 141 23720.00 3.40 18.10 0.84 2.10 0.10
3987 1957 142 10980.00 8.40 14.70 1.16 2.30 7.60
3987 1957 143 3950.00 8.60 11.10 1.17 2.20 15.70
3987 1957 144 13060.00 8.90 17.60 1.20 3.40 0.00
3987 1957 145 29330.00 3.30 15.00 0.67 6.20 0.00
3987 1957 146 19470.00 2.20 13.30 0.64 4.80 0.00
3987 1957 147 22390.00 0.80 13.50 0.56 3.90 0.00
3987 1957 148 17900.00 2.50 15.40 0.67 2.80 0.00
3987 1957 149 28530.00 2.30 17.60 0.61 1.90 0.00
3987 1957 150 22880.00 7.20 20.70 0.79 2.80 0.00
3987 1957 151 21920.00 8.70 23.30 0.88 2.50 0.00
3987 1957 152 26840.00 8.40 21.60 1.05 3.60 0.00
3987 1957 153 28740.00 8.60 23.20 1.20 3.90 0.00
3987 1957 154 21730.00 12.40 25.80 1.40 3.10 0.00
3987 1957 155 18380.00 14.20 25.20 1.39 2.50 0.60
3987 1957 156 16550.00 10.50 18.90 1.05 5.70 4.00
3987 1957 157 12350.00 7.30 15.80 1.04 5.60 1.00
3987 1957 158 20420.00 10.20 20.00 1.01 3.40 0.00
3987 1957 159 19670.00 10.80 25.00 1.15 2.90 0.30
3987 1957 160 15180.00 14.00 22.90 1.44 2.90 0.00
3987 1957 161 24120.00 12.60 27.40 1.47 4.10 0.00
3987 1957 162 21170.00 15.30 29.70 1.85 5.50 0.00
3987 1957 163 24320.00 11.40 20.70 1.00 5.00 0.00
3987 1957 164 30930.00 7.40 23.50 1.01 3.40 0.00
3987 1957 165 29930.00 9.60 27.50 1.17 2.80 0.00
3987 1957 166 31870.00 12.00 26.50 0.85 4.50 0.00
3987 1957 167 31380.00 11.90 28.10 0.95 4.70 0.00
3987 1957 168 29360.00 14.10 29.80 1.19 5.10 0.00
3987 1957 169 27970.00 15.40 32.10 1.24 3.70 0.00
3987 1957 170 26790.00 17.60 32.80 1.41 2.90 0.30
3987 1957 171 26140.00 14.50 26.70 1.27 3.80 0.00
3987 1957 172 21840.00 12.10 27.20 1.08 2.20 0.00
3987 1957 173 1760.00 12.00 19.70 1.41 2.70 6.30
3987 1957 174 10810.00 9.80 18.40 1.21 2.90 0.00
3987 1957 175 7460.00 9.00 15.00 1.25 3.30 24.60
3987 1957 176 11150.00 9.00 14.70 1.09 5.30 2.80
3987 1957 177 23220.00 6.60 18.60 1.01 4.30 0.00
3987 1957 178 26110.00 9.40 21.10 1.01 3.70 0.00
3987 1957 179 28120.00 14.00 29.00 1.64 5.30 0.00
3987 1957 180 27670.00 16.20 32.70 1.67 3.30 0.00
3987 1957 181 22860.00 19.50 32.80 1.95 2.50 0.60
3987 1957 182 25800.00 17.60 34.70 1.72 4.40 0.00
3987 1957 183 18830.00 18.40 27.50 1.68 4.50 0.00
3987 1957 184 28520.00 13.10 28.70 1.25 3.60 12.40
3987 1957 185 26680.00 16.90 34.80 1.92 3.80 0.00
3987 1957 186 25390.00 20.70 29.30 2.01 3.60 0.00
3987 1957 187 29560.00 13.80 29.00 1.21 2.80 0.00
3987 1957 188 25290.00 17.60 34.70 1.72 5.20 7.40
3987 1957 189 21800.00 17.40 29.20 2.05 2.50 7.70
3987 1957 190 19180.00 17.60 25.10 1.77 2.30 0.00
3987 1957 191 12980.00 15.70 23.60 1.65 2.10 1.20
3987 1957 192 7810.00 14.60 19.70 1.68 3.90 1.40
3987 1957 193 16970.00 14.40 24.80 1.68 2.00 0.00
3987 1957 194 23860.00 16.60 27.30 1.49 2.80 3.50
3987 1957 195 10230.00 16.00 23.40 1.83 2.30 4.70
3987 1957 196 23140.00 14.60 22.50 1.39 3.10 0.10
3987 1957 197 18060.00 12.00 22.30 1.40 3.10 0.00
3987 1957 198 25390.00 11.40 23.70 1.31 3.60 0.00
3987 1957 199 22200.00 11.60 25.50 1.31 2.20 0.00
3987 1957 200 18710.00 16.00 27.20 1.56 3.00 6.50
3987 1957 201 5470.00 13.90 18.30 1.61 2.80 1.10
3987 1957 202 12410.00 14.40 22.60 1.61 2.00 0.20
3987 1957 203 4030.00 13.20 18.20 1.73 5.70 4.20
3987 1957 204 4090.00 16.20 18.20 1.67 6.70 0.20
3987 1957 205 15750.00 13.10 20.20 1.36 5.60 0.90
3987 1957 206 8470.00 11.40 17.80 1.40 4.40 1.60
3987 1957 207 6730.00 10.70 19.80 1.63 4.80 10.60
3987 1957 208 19590.00 12.60 20.70 1.39 4.90 0.30
3987 1957 209 20920.00 10.00 20.70 1.28 3.40 0.00
3987 1957 210 13570.00 11.60 19.30 1.45 4.40 2.70
3987 1957 211 2720.00 13.30 16.80 1.55 5.90 13.30
3987 1957 212 12730.00 13.40 19.20 1.36 3.90 0.00
3987 1957 213 24220.00 10.60 22.60 1.53 2.90 0.00
3987 1957 214 21860.00 12.40 20.20 1.27 4.20 0.00
3987 1957 215 11920.00 13.00 18.90 1.35 4.20 0.00
3987 1957 216 14670.00 13.20 19.60 1.36 3.00 0.00
3987 1957 217 21280.00 10.40 24.30 1.36 2.00 0.00
3987 1957 218 23600.00 12.40 26.70 1.37 3.80 0.40
3987 1957 219 10280.00 15.30 24.50 1.76 3.00 1.70
3987 1957 220 20690.00 12.40 24.70 1.53 2.30 0.00
3987 1957 221 11910.00 13.10 26.70 1.84 5.00 1.20
3987 1957 222 15190.00 16.10 24.40 1.56 5.80 0.00
3987 1957 223 21380.00 14.30 27.30 1.44 6.40 2.50
3987 1957 224 21050.00 13.40 24.60 1.43 4.80 0.00
3987 1957 225 20140.00 12.20 26.00 1.27 3.30 0.00
3987 1957 226 5790.00 14.60 19.00 1.61 2.10 2.90
3987 1957 227 12780.00 12.60 22.50 1.64 3.90 0.10
3987 1957 228 12480.00 13.40 21.10 1.28 3.00 0.00
3987 1957 229 10660.00 10.90 18.00 1.43 4.40 6.90
3987 1957 230 17100.00 12.40 20.40 1.41 4.10 0.00
3987 1957 231 14630.00 11.40 21.90 1.43 4.40 0.00
3987 1957 232 6260.00 10.90 19.90 1.49 4.90 0.80
3987 1957 233 3810.00 11.60 16.70 1.57 3.60 13.60
3987 1957 234 15140.00 9.50 17.30 1.20 3.60 0.80
3987 1957 235 14920.00 7.80 20.10 1.17 3.20 0.00
3987 1957 236 5020.00 10.20 14.90 1.31 5.30 19.50
3987 1957 237 14470.00 8.40 20.70 1.07 7.10 0.80
3987 1957 238 10550.00 9.40 17.40 1.21 7.90 2.40
3987 1957 239 11610.00 10.70 18.00 1.23 4.70 6.30
3987 1957 240 14580.00 9.10 17.90 1.23 3.00 1.50
3987 1957 241 11410.00 8.90 17.90 1.21 5.20 0.00
3987 1957 242 12850.00 7.90 16.80 1.11 4.30 1.40
3987 1957 243 13730.00 8.60 17.90 1.09 5.50 7.60
3987 1957 244 11950.00 8.80 17.50 1.16 4.80 0.10
3987 1957 245 9520.00 10.40 18.40 1.44 4.30 8.70
3987 1957 246 14590.00 9.40 18.40 1.13 3.90 0.40
3987 1957 247 17170.00 6.80 18.50 1.00 2.60 0.00
3987 1957 248 7930.00 8.50 19.50 1.28 5.10 0.30
3987 1957 249 17750.00 10.30 21.60 1.19 2.30 0.00
3987 1957 250 17200.00 10.90 24.50 1.48 4.20 0.00
3987 1957 251 14800.00 14.50 26.70 1.79 3.10 0.00
3987 1957 252 3660.00 12.50 18.90 1.44 3.10 0.00
3987 1957 253 14390.00 10.30 20.60 1.13 3.50 0.00
3987 1957 254 6650.00 10.40 18.30 1.47 6.40 6.40
3987 1957 255 4450.00 9.70 16.40 1.09 8.10 1.60
3987 1957 256 9820.00 7.40 16.30 0.99 6.70 3.30
3987 1957 257 10310.00 7.60 15.60 1.00 6.60 4.00
3987 1957 258 9670.00 8.40 14.60 1.01 6.40 0.00
3987 1957 259 8320.00 7.60 12.30 0.96 5.70 4.40
3987 1957 260 9810.00 8.50 16.90 1.09 5.50 0.40
3987 1957 261 8080.00 8.80 15.90 1.16 3.30 2.00
3987 1957 262 3110.00 8.20 15.80 1.32 5.50 4.60
3987 1957 263 7480.00 7.10 14.90 1.01 2.50 0.20
3987 1957 264 10350.00 4.90 14.50 1.01 3.70 1.80
3987 1957 265 3960.00 10.20 18.70 1.60 3.20 7.40
3987 1957 266 3060.00 13.60 16.90 1.55 5.50 34.50
3987 1957 267 7822.15 5.30 13.70 0.95 4.50 4.20
3987 1957 268 15770.00 2.00 14.40 0.69 3.20 0.00
3987 1957 269 13950.00 2.90 15.30 0.71 3.10 0.00
3987 1957 270 5570.00 3.70 12.40 0.95 7.30 0.80
3987 1957 271 6990.00 9.60 14.50 1.12 8.40 7.90
3987 1957 272 3350.00 5.40 10.10 1.01 4.50 10.90
3987 1957 273 11300.00 3.40 12.40 0.81 4.50 0.10
3987 1957 274 11600.00 1.70 12.30 0.76 2.90 0.00
3987 1957 275 13250.00 -0.10 12.00 0.67 2.40 0.00
3987 1957 276 2630.00 2.40 10.20 0.85 6.40 0.40
3987 1957 277 12000.00 4.90 12.30 0.76 7.50 0.00
3987 1957 278 5740.00 5.90 11.50 0.87 5.70 1.60
3987 1957 279 4490.00 8.20 14.00 1.20 4.20 0.00
3987 1957 280 4590.00 10.30 14.70 1.23 2.50 0.00
3987 1957 281 10910.00 10.00 18.50 1.20 3.30 0.10
3987 1957 282 11270.00 6.00 19.50 1.09 4.00 0.00
3987 1957 283 9350.00 7.40 20.10 1.19 3.50 0.00
3987 1957 284 6740.00 8.40 14.20 1.13 1.60 0.20
3987 1957 285 1950.00 8.50 13.50 1.17 3.30 0.00
3987 1957 286 3860.00 3.80 11.60 1.13 1.90 0.10
3987 1957 287 4120.00 7.50 12.70 1.13 1.70 0.00
3987 1957 288 1190.00 9.40 10.60 1.20 1.70 1.50
3987 1957 289 7290.00 6.80 15.20 1.08 3.60 0.60
3987 1957 290 5120.00 7.80 15.10 1.07 5.00 1.60
3987 1957 291 3200.00 8.40 17.50 1.35 6.70 1.20
3987 1957 292 1280.00 9.00 16.10 1.24 4.30 8.00
3987 1957 293 5190.00 4.90 12.70 0.92 3.60 0.20
3987 1957 294 6730.00 3.00 12.70 0.83 5.70 0.70
3987 1957 295 4030.00 6.50 10.90 0.97 4.50 1.90
3987 1957 296 5690.00 3.70 11.00 0.81 4.90 0.00
3987 1957 297 1820.00 7.80 12.20 1.13 5.50 3.00
3987 1957 298 3400.00 5.50 12.90 1.13 3.00 0.10
3987 1957 299 7700.00 7.60 16.10 1.05 3.80 0.00
3987 1957 300 4990.00 5.30 13.40 0.96 3.50 0.00
3987 1957 301 6450.00 6.00 14.70 0.99 4.80 0.00
3987 1957 302 4400.00 7.70 14.70 1.01 5.20 0.00
3987 1957 303 4370.00 7.60 15.20 1.08 4.40 0.00
3987 1957 304 2160.00 8.70 13.80 1.08 5.30 0.00
3987 1957 305 2120.00 6.90 13.50 1.00 5.20 0.00
3987 1957 306 7150.00 3.40 12.80 0.76 5.80 0.00
3987 1957 307 7250.00 2.00 13.40 0.76 5.20 0.00
3987 1957 308 3900.00 4.20 13.90 0.89 6.00 0.00
3987 1957 309 5300.00 4.60 13.90 0.93 5.00 0.00
3987 1957 310 4360.00 6.40 14.90 0.89 3.00 0.00
3987 1957 311 2010.00 5.00 11.20 0.92 3.40 1.40
3987 1957 312 400.00 5.00 7.40 0.96 3.80 7.10
3987 1957 313 480.00 7.20 9.30 1.08 3.20 13.00
3987 1957 314 990.00 3.20 10.10 1.04 3.80 0.10
3987 1957 315 640.00 8.70 9.90 0.96 6.70 0.00
3987 1957 316 640.00 5.40 9.20 0.75 4.30 0.00
3987 1957 317 820.00 1.90 5.70 0.56 3.20 0.00
3987 1957 318 1780.00 -1.20 2.00 0.47 3.80 0.00
3987 1957 319 600.00 -1.60 1.40 0.59 3.00 0.00
3987 1957 320 1690.00 0.90 3.40 0.64 2.40 0.00
3987 1957 321 1110.00 1.60 3.40 0.65 3.80 0.00
3987 1957 322 860.00 1.30 3.10 0.65 2.30 0.00
3987 1957 323 1070.00 1.90 3.80 0.61 3.40 0.00
3987 1957 324 3240.00 -2.10 3.50 0.52 4.30 0.00
3987 1957 325 4700.00 -4.30 5.30 0.49 4.20 0.00
3987 1957 326 520.00 -3.70 1.00 0.51 4.50 0.00
3987 1957 327 1690.00 0.50 5.50 0.65 6.40 0.00
3987 1957 328 1610.00 0.20 6.30 0.76 6.50 2.30
3987 1957 329 610.00 4.70 6.70 0.89 7.70 2.10
3987 1957 330 740.00 6.00 7.10 0.88 5.70 0.10
3987 1957 331 1080.00 6.20 9.70 0.99 7.80 0.00
3987 1957 332 650.00 8.20 9.40 0.95 8.80 0.40
3987 1957 333 2610.00 -1.00 8.60 0.52 6.40 0.00
3987 1957 334 3890.00 -4.90 0.90 0.41 2.30 0.00
3987 1957 335 790.00 -7.00 -1.30 0.47 4.60 3.70
3987 1957 336 650.00 -1.50 2.20 0.67 2.80 0.20
3987 1957 337 770.00 0.60 5.60 0.71 3.70 0.00
3987 1957 338 780.00 0.50 4.60 0.73 4.70 0.00
3987 1957 339 1350.00 2.70 6.70 0.79 6.00 0.10
3987 1957 340 1500.00 0.80 4.70 0.67 3.00 0.00
3987 1957 341 650.00 -1.60 0.90 0.57 4.70 2.80
3987 1957 342 400.00 0.30 9.60 0.81 9.10 14.40
3987 1957 343 1878.02 -3.10 7.70 0.52 7.40 0.00
3987 1957 344 1740.00 -5.60 1.40 0.44 5.20 0.00
3987 1957 345 2360.00 -7.30 0.10 0.41 5.60 0.00
3987 1957 346 2780.00 -2.90 1.40 0.49 4.90 0.00
3987 1957 347 600.00 -2.20 0.40 0.59 3.00 1.30
3987 1957 348 400.00 -1.00 1.30 0.61 4.30 13.90
3987 1957 349 2740.00 -8.10 0.90 0.35 6.00 0.00
3987 1957 350 4150.00 -12.50 -5.80 0.23 5.30 0.00
3987 1957 351 1210.00 -16.50 -10.60 0.20 1.50 0.00
3987 1957 352 610.00 -10.70 -3.30 0.40 1.90 0.00
3987 1957 353 1130.00 -4.70 1.20 0.53 3.20 0.00
3987 1957 354 3330.00 -0.50 3.70 0.59 5.80 0.00
3987 1957 355 780.00 0.70 4.40 0.63 6.10 0.50
3987 1957 356 570.00 2.30 3.90 0.72 3.70 0.20
3987 1957 357 2290.00 -1.40 3.00 0.49 5.30 0.00
3987 1957 358 2960.00 -1.30 3.50 0.47 4.60 0.00
3987 1957 359 2290.00 -2.90 3.90 0.49 3.90 0.00
3987 1957 360 780.00 0.00 3.40 0.67 4.30 0.00
3987 1957 361 2080.00 -1.40 5.60 0.68 4.00 0.00
3987 1957 362 1240.00 2.40 5.80 0.72 5.60 1.00
3987 1957 363 610.00 2.10 4.50 0.69 8.20 7.20
3987 1957 364 1080.00 2.10 5.30 0.71 7.90 4.80
3987 1957 365 1320.00 0.80 3.40 0.59 5.70 4.70
