*---------------------------------------------------------------------------*
* Station name: Potsdam Saekularstation
* Year: 1965
* Author: Pedro Alencar                                   -999.000: NIL VALUE
* Source: DWD
* Comments: Gaps filled with interpolation and storical means
* Longitude: 13.0622, latitude: 52.3812, altitude: 82.0 m.
*
    * Column  Daily value
    * 1       station number
    * 2       year
    * 3       day
    * 4       irradiation                   (kJ m-2 d-1)
    * 5       minimum temperature           (degrees Celsius
    * 6       maximum temperature           (degrees Celsius)
    * 7       early morning vapour pressure (kPa)
    * 8       mean wind speed (height: 2 m) (m s-1)
    * 9       precipitation                 (mm d-1)
    *
** WCCDESCRIPTION=Potsdam, Germany
** WCCFORMAT=2
** WCCYEARNR=1965
*---------------------------------------------------------------------------*
   13.0622 52.3812 82.0 -0.18 -0.55
3987 1965 1 2200.00 1.70 7.60 0.71 5.40 0.30
3987 1965 2 2320.00 -0.50 4.20 0.63 4.30 0.00
3987 1965 3 680.00 0.40 2.20 0.63 2.20 0.00
3987 1965 4 1660.00 -2.70 0.80 0.56 3.40 0.00
3987 1965 5 400.00 -3.30 3.50 0.68 7.90 10.60
3987 1965 6 480.00 0.10 3.00 0.68 3.10 1.00
3987 1965 7 940.00 -4.70 1.00 0.55 3.70 0.80
3987 1965 8 530.00 0.80 6.90 0.88 6.70 5.60
3987 1965 9 600.00 1.10 7.10 0.73 5.70 10.30
3987 1965 10 910.00 -0.80 2.70 0.63 4.60 1.00
3987 1965 11 2080.00 -1.90 6.10 0.68 5.10 0.00
3987 1965 12 2900.00 0.50 6.10 0.63 5.20 0.00
3987 1965 13 2150.00 0.30 6.40 0.68 6.00 0.00
3987 1965 14 1350.00 0.60 3.10 0.64 7.00 1.50
3987 1965 15 4380.00 0.10 6.00 0.55 7.20 0.10
3987 1965 16 3150.00 0.20 5.00 0.59 6.20 4.20
3987 1965 17 1700.00 1.60 10.30 0.77 8.40 4.00
3987 1965 18 2290.00 1.60 6.20 0.64 8.20 1.80
3987 1965 19 2210.00 -0.70 3.70 0.61 3.90 0.20
3987 1965 20 1440.00 -1.10 2.30 0.61 2.90 0.00
3987 1965 21 810.00 -1.40 1.70 0.59 2.90 0.00
3987 1965 22 2460.00 -1.40 2.80 0.56 2.50 0.30
3987 1965 23 1690.00 -1.60 2.90 0.61 3.30 0.30
3987 1965 24 1990.00 0.80 3.00 0.67 2.20 0.80
3987 1965 25 950.00 -1.20 1.00 0.57 4.20 0.20
3987 1965 26 1690.00 -1.60 0.60 0.52 1.50 0.10
3987 1965 27 1400.00 -1.60 1.40 0.60 3.40 2.10
3987 1965 28 1740.00 -1.20 0.00 0.57 1.90 0.00
3987 1965 29 560.00 -1.00 0.80 0.60 2.10 3.30
3987 1965 30 770.00 -0.60 0.70 0.59 2.90 4.10
3987 1965 31 3570.00 -4.10 0.10 0.48 1.60 0.00
3987 1965 32 3370.00 -4.40 -0.60 0.49 3.50 0.00
3987 1965 33 6770.00 -5.30 0.70 0.43 5.60 0.00
3987 1965 34 1860.00 -5.10 1.00 0.53 3.00 1.10
3987 1965 35 1910.00 -1.50 0.70 0.53 3.70 2.40
3987 1965 36 1480.00 -2.40 0.90 0.56 2.10 2.30
3987 1965 37 1610.00 -3.10 1.50 0.59 3.20 1.90
3987 1965 38 1570.00 0.20 2.10 0.65 4.70 0.40
3987 1965 39 4490.00 -3.00 2.30 0.41 6.40 0.30
3987 1965 40 5450.00 -5.90 0.00 0.39 4.30 0.40
3987 1965 41 1280.00 -6.20 1.70 0.55 6.30 0.80
3987 1965 42 3400.00 -3.50 1.70 0.57 3.70 0.80
3987 1965 43 2280.00 1.40 4.00 0.71 5.40 0.90
3987 1965 44 1740.00 0.50 5.60 0.67 9.30 5.10
3987 1965 45 5240.00 0.30 4.70 0.59 8.90 1.00
3987 1965 46 5190.00 -3.90 2.80 0.47 5.40 0.60
3987 1965 47 3960.00 -3.60 -1.20 0.41 3.70 2.10
3987 1965 48 8300.00 -6.90 1.30 0.43 4.70 0.40
3987 1965 49 2830.00 -1.90 1.20 0.48 4.80 0.00
3987 1965 50 2170.00 -3.30 -1.00 0.45 2.90 0.00
3987 1965 51 2520.00 -5.10 -1.30 0.43 4.00 0.00
3987 1965 52 2650.00 -4.70 -2.50 0.37 2.40 0.00
3987 1965 53 2610.00 -3.40 1.60 0.52 3.50 1.00
3987 1965 54 2330.00 -5.40 0.00 0.52 2.80 1.60
3987 1965 55 10150.00 -8.70 2.10 0.41 4.20 0.50
3987 1965 56 10660.00 -5.80 -0.10 0.36 5.70 0.00
3987 1965 57 6750.00 -7.00 1.70 0.39 6.80 2.30
3987 1965 58 6200.00 -5.60 0.00 0.39 9.80 0.40
3987 1965 59 10160.00 -9.50 1.80 0.41 3.80 0.20
3987 1965 60 4090.00 -2.20 2.00 0.53 2.50 1.80
3987 1965 61 3400.00 -5.20 -2.00 0.44 4.80 12.40
3987 1965 62 1910.00 -4.70 -2.70 0.45 7.10 16.90
3987 1965 63 7020.00 -6.00 -1.10 0.36 6.10 0.00
3987 1965 64 8720.00 -9.40 0.60 0.41 1.90 0.00
3987 1965 65 4700.00 -4.30 0.70 0.45 4.00 0.00
3987 1965 66 13230.00 -10.10 1.00 0.31 3.30 0.00
3987 1965 67 12900.00 -13.30 0.70 0.29 3.00 0.00
3987 1965 68 9360.00 -3.80 4.20 0.48 3.90 0.00
3987 1965 69 13660.00 -2.00 5.00 0.45 2.10 0.00
3987 1965 70 12720.00 -6.60 5.50 0.41 3.40 0.00
3987 1965 71 13160.00 -7.20 8.40 0.43 3.60 0.00
3987 1965 72 12480.00 -6.50 7.90 0.49 3.80 0.00
3987 1965 73 13450.00 -5.70 11.80 0.56 4.30 0.10
3987 1965 74 7170.00 2.50 11.70 0.76 5.50 0.10
3987 1965 75 4260.00 4.20 10.30 0.92 5.70 0.30
3987 1965 76 5820.00 2.70 9.80 0.77 4.60 0.00
3987 1965 77 9870.00 -0.60 13.80 0.73 4.70 1.00
3987 1965 78 2650.00 0.90 9.30 0.76 5.70 1.30
3987 1965 79 6700.00 -2.70 4.40 0.55 3.00 1.40
3987 1965 80 1660.00 -0.70 1.50 0.59 3.70 1.70
3987 1965 81 16480.00 -3.20 7.00 0.40 2.60 0.00
3987 1965 82 14520.00 -3.30 11.30 0.64 5.10 1.50
3987 1965 83 5130.00 3.10 12.00 0.92 4.90 0.50
3987 1965 84 11230.00 2.70 9.60 0.65 6.10 4.70
3987 1965 85 2690.00 0.70 4.40 0.73 3.20 2.80
3987 1965 86 7440.00 0.80 8.50 0.73 2.40 0.80
3987 1965 87 4200.00 5.50 12.20 1.09 4.40 3.20
3987 1965 88 16140.00 5.70 14.90 0.91 4.50 0.00
3987 1965 89 12730.00 3.00 12.90 0.75 5.20 0.00
3987 1965 90 18260.00 -0.40 13.60 0.59 4.20 0.00
3987 1965 91 17790.00 -1.20 13.00 0.52 2.50 0.00
3987 1965 92 19270.00 0.50 14.50 0.55 4.60 0.00
3987 1965 93 18390.00 2.10 17.30 0.56 5.40 0.00
3987 1965 94 15220.00 3.40 16.50 0.73 4.20 0.00
3987 1965 95 7850.00 2.70 15.70 0.75 3.50 0.00
3987 1965 96 14800.00 2.80 19.70 0.85 4.70 1.20
3987 1965 97 12150.00 6.00 11.40 0.84 3.50 0.00
3987 1965 98 6490.00 3.10 14.00 0.84 4.60 5.70
3987 1965 99 1870.00 3.80 7.80 0.83 3.60 14.00
3987 1965 100 2890.00 4.30 7.40 0.80 3.50 0.10
3987 1965 101 7200.00 1.10 10.70 0.91 3.20 3.40
3987 1965 102 11950.00 5.30 13.80 0.88 3.50 1.20
3987 1965 103 7780.00 4.50 10.10 0.79 3.40 1.50
3987 1965 104 14850.00 2.70 11.00 0.69 2.30 0.00
3987 1965 105 15070.00 2.60 13.60 0.69 3.20 0.20
3987 1965 106 2360.00 5.80 9.80 0.95 5.10 5.00
3987 1965 107 11880.00 1.70 10.70 0.72 6.20 9.60
3987 1965 108 8600.00 3.70 10.20 0.81 6.90 7.60
3987 1965 109 16390.00 1.30 12.20 0.59 4.50 0.00
3987 1965 110 6730.00 2.80 9.20 0.84 3.60 3.10
3987 1965 111 9410.00 6.10 13.80 0.93 4.20 0.70
3987 1965 112 2200.00 4.90 9.60 0.97 3.30 7.10
3987 1965 113 8900.00 3.30 10.00 0.80 3.80 0.00
3987 1965 114 10390.00 4.80 13.70 0.91 5.40 11.70
3987 1965 115 8330.00 4.50 9.90 0.81 4.10 3.80
3987 1965 116 10060.00 2.40 11.50 0.72 3.40 1.80
3987 1965 117 6350.00 4.20 9.90 0.85 2.90 1.90
3987 1965 118 6610.00 5.50 13.20 1.03 3.00 4.90
3987 1965 119 4270.00 5.60 8.60 0.83 3.30 0.00
3987 1965 120 14990.00 3.80 15.20 0.88 2.10 0.00
3987 1965 121 23950.00 3.90 18.40 0.68 2.60 0.00
3987 1965 122 25430.00 3.10 17.80 0.64 4.60 0.00
3987 1965 123 26340.00 1.80 16.50 0.60 5.60 0.00
3987 1965 124 13560.00 5.50 18.00 1.05 5.80 1.60
3987 1965 125 9900.00 7.30 15.80 1.08 4.40 0.00
3987 1965 126 10060.00 8.30 14.30 0.92 5.40 0.30
3987 1965 127 9100.00 5.40 14.00 0.96 3.00 6.30
3987 1965 128 7620.00 8.80 15.10 1.20 4.40 5.40
3987 1965 129 3780.00 9.50 13.70 1.20 8.20 11.00
3987 1965 130 7950.00 7.30 10.40 0.95 10.50 10.70
3987 1965 131 2370.00 6.80 9.60 1.00 7.20 2.30
3987 1965 132 23090.00 6.80 17.40 1.00 3.50 0.00
3987 1965 133 20300.00 7.30 18.40 1.08 2.20 0.30
3987 1965 134 22940.00 10.80 22.40 1.20 3.10 0.00
3987 1965 135 17360.00 11.30 22.10 1.35 2.70 0.10
3987 1965 136 16040.00 11.70 20.20 1.31 3.60 0.00
3987 1965 137 15030.00 12.30 22.20 1.37 3.90 1.00
3987 1965 138 16900.00 11.70 19.50 1.15 4.50 3.10
3987 1965 139 11260.00 6.80 13.20 0.75 4.70 0.00
3987 1965 140 22790.00 0.80 12.70 0.67 4.60 0.10
3987 1965 141 22820.00 1.30 14.30 0.60 2.70 0.00
3987 1965 142 27840.00 4.00 18.80 0.71 4.90 0.00
3987 1965 143 17310.00 7.60 18.80 0.93 7.10 0.00
3987 1965 144 3400.00 10.60 13.20 1.23 2.50 0.80
3987 1965 145 5670.00 10.10 14.20 1.19 1.90 2.50
3987 1965 146 3860.00 9.70 12.40 1.21 1.60 7.00
3987 1965 147 14020.00 8.60 17.70 1.03 2.00 0.10
3987 1965 148 20660.00 6.90 20.40 1.05 4.10 0.00
3987 1965 149 27970.00 7.80 20.80 0.79 5.80 0.00
3987 1965 150 26210.00 4.80 17.40 0.68 2.90 0.00
3987 1965 151 29250.00 4.60 19.90 0.83 4.80 0.00
3987 1965 152 5580.00 9.70 14.40 0.96 5.10 4.10
3987 1965 153 26580.00 7.10 20.00 0.84 4.70 0.00
3987 1965 154 28210.00 6.20 18.10 1.00 3.20 0.00
3987 1965 155 23430.00 7.20 22.60 1.20 3.50 0.00
3987 1965 156 7660.00 11.30 18.40 1.35 4.20 0.10
3987 1965 157 19760.00 13.70 23.30 1.17 4.30 0.00
3987 1965 158 16720.00 11.20 22.80 1.23 3.10 0.00
3987 1965 159 21600.00 11.30 25.40 1.33 5.00 0.00
3987 1965 160 17600.00 14.90 24.30 1.51 4.70 4.60
3987 1965 161 14010.00 12.40 22.50 1.59 3.20 9.60
3987 1965 162 13980.00 10.40 18.10 1.33 6.10 0.00
3987 1965 163 14230.00 9.80 16.40 1.11 4.00 0.00
3987 1965 164 18830.00 9.70 20.20 1.19 3.40 0.00
3987 1965 165 18010.00 10.00 21.30 1.40 2.60 0.00
3987 1965 166 18540.00 11.70 24.80 1.36 3.00 0.00
3987 1965 167 20180.00 14.80 27.90 1.60 4.90 13.20
3987 1965 168 7340.00 12.60 22.10 1.39 7.40 1.40
3987 1965 169 12470.00 9.70 18.10 1.45 6.30 12.10
3987 1965 170 17720.00 13.90 19.80 1.35 7.70 0.00
3987 1965 171 20360.00 10.90 21.40 1.28 3.90 0.00
3987 1965 172 17990.00 12.30 25.40 1.45 2.80 0.00
3987 1965 173 20260.00 15.10 27.40 1.83 5.10 0.10
3987 1965 174 9390.00 14.10 21.30 1.43 4.90 0.00
3987 1965 175 23930.00 13.50 24.40 1.44 4.50 0.00
3987 1965 176 26480.00 13.30 28.00 1.48 3.10 0.00
3987 1965 177 19230.00 17.30 28.00 1.71 5.00 0.00
3987 1965 178 16450.00 13.40 22.20 1.33 3.10 0.00
3987 1965 179 25940.00 9.10 21.20 1.15 4.70 0.00
3987 1965 180 22270.00 11.80 23.60 1.37 5.30 0.00
3987 1965 181 28110.00 9.10 26.60 1.41 2.10 3.70
3987 1965 182 24390.00 12.80 20.10 1.09 4.00 0.00
3987 1965 183 13940.00 7.20 16.80 1.08 5.40 0.00
3987 1965 184 17480.00 10.20 16.50 1.11 5.90 0.40
3987 1965 185 21720.00 6.90 18.30 0.95 4.10 0.00
3987 1965 186 19720.00 8.40 17.50 1.05 4.80 1.30
3987 1965 187 17790.00 8.80 16.90 1.09 6.80 0.30
3987 1965 188 12110.00 12.00 19.80 1.25 4.40 0.00
3987 1965 189 9860.00 10.30 20.30 1.23 6.00 0.50
3987 1965 190 15060.00 8.70 15.90 1.17 7.40 1.00
3987 1965 191 16680.00 9.60 17.30 1.19 4.30 2.50
3987 1965 192 14280.00 7.40 20.80 1.27 3.50 2.30
3987 1965 193 7030.00 15.20 18.20 1.79 5.90 14.90
3987 1965 194 19320.00 13.50 27.50 1.72 2.80 0.00
3987 1965 195 17660.00 16.70 29.90 2.09 3.10 16.30
3987 1965 196 16330.00 15.20 26.90 1.96 1.30 0.10
3987 1965 197 23220.00 16.20 26.40 1.95 4.00 1.80
3987 1965 198 2230.00 14.10 19.10 1.63 4.50 23.40
3987 1965 199 14120.00 12.30 22.20 1.65 2.70 0.00
3987 1965 200 20370.00 15.10 25.40 1.64 3.00 0.00
3987 1965 201 23420.00 16.20 26.50 1.65 4.40 0.00
3987 1965 202 13700.00 15.20 24.40 1.88 4.00 5.80
3987 1965 203 20780.00 12.10 23.50 1.44 2.90 9.10
3987 1965 204 13640.00 14.00 21.30 1.47 3.30 3.40
3987 1965 205 22550.00 13.10 21.10 1.27 6.20 0.10
3987 1965 206 20280.00 10.90 23.20 1.31 4.50 4.00
3987 1965 207 12640.00 10.70 18.40 1.36 7.00 2.10
3987 1965 208 11510.00 11.20 17.00 1.31 6.30 3.20
3987 1965 209 6850.00 10.50 16.40 1.36 5.90 2.70
3987 1965 210 6570.00 12.30 18.80 1.53 6.50 0.60
3987 1965 211 13050.00 12.80 19.30 1.27 8.10 1.40
3987 1965 212 7230.00 9.50 13.80 1.24 3.30 3.30
3987 1965 213 24300.00 7.80 19.90 1.01 3.80 0.00
3987 1965 214 21590.00 8.60 20.80 1.13 3.90 0.10
3987 1965 215 13280.00 9.60 20.70 1.39 3.70 4.30
3987 1965 216 17970.00 12.50 20.70 1.25 5.60 0.00
3987 1965 217 22980.00 12.00 25.60 1.55 3.80 0.00
3987 1965 218 15430.00 16.40 27.90 2.05 3.20 0.00
3987 1965 219 2800.00 16.10 21.90 1.89 3.30 1.00
3987 1965 220 8060.00 12.40 20.70 1.68 4.30 11.30
3987 1965 221 17540.00 9.20 19.60 1.20 2.80 0.00
3987 1965 222 20840.00 9.10 20.00 1.13 2.60 0.00
3987 1965 223 20690.00 7.70 20.50 1.13 2.70 0.00
3987 1965 224 20440.00 8.10 21.40 1.32 3.00 0.00
3987 1965 225 21590.00 9.20 22.60 1.15 2.20 0.00
3987 1965 226 18850.00 9.80 23.30 1.20 3.00 0.00
3987 1965 227 16880.00 9.30 21.30 1.25 2.70 0.00
3987 1965 228 20440.00 9.90 23.60 1.19 3.40 0.00
3987 1965 229 22780.00 10.30 24.70 1.16 3.80 0.00
3987 1965 230 20010.00 12.10 26.50 1.32 2.50 0.00
3987 1965 231 16650.00 13.50 28.00 1.69 2.40 0.00
3987 1965 232 15470.00 15.10 29.00 1.64 3.60 9.80
3987 1965 233 13680.00 14.80 24.00 1.65 3.00 0.00
3987 1965 234 11730.00 14.90 28.50 1.85 3.70 0.00
3987 1965 235 6730.00 13.80 20.70 1.67 1.90 0.00
3987 1965 236 17930.00 13.20 23.60 1.47 2.30 0.00
3987 1965 237 12860.00 11.70 20.80 1.31 5.00 0.00
3987 1965 238 15680.00 8.40 18.60 1.04 4.80 0.00
3987 1965 239 16560.00 6.10 19.70 1.15 2.50 0.00
3987 1965 240 17380.00 7.40 20.20 1.03 3.40 0.00
3987 1965 241 6740.00 8.30 18.10 1.27 3.90 0.40
3987 1965 242 14340.00 7.80 18.20 1.15 4.80 0.00
3987 1965 243 12620.00 8.10 19.40 1.16 3.00 2.10
3987 1965 244 8810.00 9.90 17.30 1.29 2.30 2.00
3987 1965 245 14020.00 12.70 26.20 1.59 5.60 0.00
3987 1965 246 12790.00 15.20 22.50 1.43 4.60 0.00
3987 1965 247 13130.00 10.60 20.40 1.27 5.10 0.00
3987 1965 248 16100.00 9.60 24.20 1.28 2.60 0.00
3987 1965 249 3480.00 12.00 16.10 1.40 3.20 15.50
3987 1965 250 12470.00 9.10 17.60 1.13 6.50 0.00
3987 1965 251 14210.00 9.90 19.80 1.19 5.50 0.30
3987 1965 252 9900.00 13.20 19.40 1.41 4.80 8.60
3987 1965 253 9470.00 12.10 18.20 1.35 2.70 6.70
3987 1965 254 10920.00 9.70 17.00 1.19 2.30 1.80
3987 1965 255 8100.00 7.60 15.90 1.24 4.00 1.50
3987 1965 256 8260.00 5.90 15.60 1.20 3.10 2.60
3987 1965 257 11000.00 7.00 16.90 1.19 4.10 0.00
3987 1965 258 13610.00 8.70 19.70 1.29 3.70 0.00
3987 1965 259 15360.00 9.00 23.30 1.33 4.50 0.00
3987 1965 260 12330.00 11.10 24.40 1.60 3.60 0.00
3987 1965 261 11940.00 14.80 24.90 1.49 6.30 0.00
3987 1965 262 13110.00 10.90 17.50 1.08 7.10 0.00
3987 1965 263 13640.00 6.10 17.60 1.03 3.70 0.00
3987 1965 264 12220.00 5.80 17.90 1.01 3.60 0.00
3987 1965 265 14210.00 6.10 22.70 1.03 3.90 0.00
3987 1965 266 13390.00 8.20 23.80 1.31 4.00 0.00
3987 1965 267 13361.50 9.40 24.40 1.35 3.70 0.00
3987 1965 268 12020.00 8.00 22.90 1.39 3.70 0.00
3987 1965 269 12740.00 11.90 22.70 1.47 4.70 2.50
3987 1965 270 1140.00 8.90 15.60 1.28 5.20 9.90
3987 1965 271 8390.00 7.50 16.30 1.19 4.10 1.50
3987 1965 272 10650.00 8.10 16.30 1.13 3.90 0.00
3987 1965 273 7230.00 6.50 20.40 1.27 4.00 0.00
3987 1965 274 12140.00 9.50 23.30 1.40 4.80 0.00
3987 1965 275 5880.00 11.20 18.10 1.45 3.60 0.50
3987 1965 276 11980.00 7.40 18.80 1.23 2.70 0.00
3987 1965 277 11240.00 8.90 20.10 1.24 3.40 0.00
3987 1965 278 10270.00 8.80 17.60 1.21 4.20 0.00
3987 1965 279 6580.00 7.20 15.90 1.13 4.20 0.00
3987 1965 280 8360.00 3.20 18.10 1.12 2.50 0.10
3987 1965 281 970.00 7.40 11.40 1.17 2.60 0.60
3987 1965 282 10320.00 3.20 13.70 0.85 2.20 0.00
3987 1965 283 10920.00 0.50 13.20 0.77 2.50 0.00
3987 1965 284 7360.00 2.60 12.60 0.89 2.70 0.00
3987 1965 285 11060.00 2.30 13.50 0.67 3.50 0.00
3987 1965 286 9660.00 0.70 16.40 0.89 3.10 0.00
3987 1965 287 8690.00 3.50 17.50 0.93 3.10 0.00
3987 1965 288 7730.00 3.80 18.50 1.07 4.80 3.50
3987 1965 289 2850.00 7.10 12.10 1.17 4.30 4.00
3987 1965 290 3830.00 5.30 10.40 0.81 4.10 0.00
3987 1965 291 5040.00 4.30 12.80 1.00 3.40 0.00
3987 1965 292 9450.00 0.70 13.20 0.80 2.00 0.00
3987 1965 293 6230.00 3.80 11.70 0.83 3.10 0.00
3987 1965 294 8560.00 2.00 11.90 0.68 3.80 0.00
3987 1965 295 9410.00 -1.40 10.40 0.56 4.10 0.00
3987 1965 296 8860.00 -1.70 13.10 0.55 3.40 0.00
3987 1965 297 3040.00 2.90 8.90 0.77 2.60 0.00
3987 1965 298 8350.00 -0.10 11.70 0.75 4.40 0.00
3987 1965 299 2280.00 0.60 4.20 0.72 2.50 0.00
3987 1965 300 7280.00 -1.00 16.90 0.92 3.30 0.00
3987 1965 301 4890.00 8.80 18.10 1.19 5.40 0.00
3987 1965 302 2830.00 7.00 15.70 1.03 5.90 2.90
3987 1965 303 7000.00 4.00 12.60 0.80 5.90 0.10
3987 1965 304 4330.00 5.50 11.30 0.85 7.70 7.20
3987 1965 305 1520.00 5.40 12.80 1.08 8.70 1.20
3987 1965 306 5500.00 6.10 12.40 0.73 10.70 1.30
3987 1965 307 5500.00 2.90 7.60 0.72 6.50 0.00
3987 1965 308 6330.00 0.10 7.80 0.68 5.00 0.00
3987 1965 309 1490.00 -0.30 4.30 0.73 3.00 0.00
3987 1965 310 3540.00 1.70 5.90 0.73 2.30 0.00
3987 1965 311 4980.00 -2.10 6.30 0.67 2.90 0.40
3987 1965 312 2450.00 1.10 8.60 0.83 2.70 0.40
3987 1965 313 2410.00 3.70 9.80 1.03 1.20 0.00
3987 1965 314 850.00 6.60 8.70 1.00 2.00 0.00
3987 1965 315 2770.00 3.40 7.10 0.71 5.40 0.00
3987 1965 316 4360.00 -2.30 3.40 0.43 5.00 0.00
3987 1965 317 1870.00 -5.30 -0.80 0.41 4.60 0.00
3987 1965 318 3070.00 -4.90 -2.40 0.32 3.50 0.00
3987 1965 319 3620.00 -7.80 -2.30 0.33 1.40 0.00
3987 1965 320 1950.00 -9.00 -3.90 0.40 2.50 0.00
3987 1965 321 3200.00 -5.70 -0.80 0.37 4.60 0.00
3987 1965 322 1280.00 -9.30 -5.30 0.29 5.90 3.00
3987 1965 323 860.00 -8.80 -5.70 0.32 4.50 0.50
3987 1965 324 700.00 -6.70 -4.80 0.37 4.90 7.50
3987 1965 325 520.00 -5.20 -2.80 0.44 5.90 14.60
3987 1965 326 4620.00 -9.80 -0.40 0.36 4.50 0.00
3987 1965 327 4370.00 -16.60 -4.80 0.31 3.00 0.00
3987 1965 328 1290.00 -9.80 0.90 0.48 7.80 3.90
3987 1965 329 3520.00 -0.40 4.30 0.56 6.70 0.70
3987 1965 330 1530.00 -1.20 4.30 0.52 7.30 1.80
3987 1965 331 1320.00 -2.90 3.00 0.59 5.80 6.10
3987 1965 332 980.00 0.40 3.10 0.59 8.30 1.30
3987 1965 333 2660.00 0.20 3.00 0.55 7.20 3.80
3987 1965 334 1740.00 0.30 7.30 0.55 8.10 4.00
3987 1965 335 440.00 -0.30 2.90 0.64 7.30 12.30
3987 1965 336 2200.00 -0.80 4.40 0.59 5.00 2.10
3987 1965 337 2060.00 0.10 5.70 0.65 5.20 0.10
3987 1965 338 1660.00 0.50 4.50 0.61 4.40 1.10
3987 1965 339 990.00 -2.30 9.30 0.76 6.80 4.60
3987 1965 340 2200.00 3.40 10.10 0.59 9.30 0.50
3987 1965 341 1400.00 2.50 5.80 0.61 6.90 0.10
3987 1965 342 2280.00 0.40 4.00 0.63 5.80 2.90
3987 1965 343 1868.67 -1.10 5.00 0.60 8.70 10.00
3987 1965 344 2070.00 3.20 8.20 0.69 10.60 2.10
3987 1965 345 1820.00 1.20 4.30 0.57 10.00 3.80
3987 1965 346 860.00 0.70 2.60 0.63 5.00 0.70
3987 1965 347 960.00 -3.10 0.80 0.53 4.10 2.00
3987 1965 348 3430.00 -6.80 -0.80 0.41 2.10 0.00
3987 1965 349 520.00 -1.60 2.20 0.65 2.80 0.00
3987 1965 350 440.00 -1.50 1.20 0.59 4.30 0.00
3987 1965 351 520.00 -2.10 2.00 0.56 4.00 7.00
3987 1965 352 440.00 0.60 11.20 1.11 6.80 6.20
3987 1965 353 660.00 8.30 12.60 1.05 8.30 2.10
3987 1965 354 1770.00 1.40 8.30 0.69 3.50 0.00
3987 1965 355 1500.00 1.80 3.30 0.64 2.70 0.00
3987 1965 356 1240.00 -0.10 3.00 0.61 3.30 0.00
3987 1965 357 2000.00 0.00 2.40 0.55 4.50 1.80
3987 1965 358 2280.00 -0.60 6.20 0.64 5.40 1.80
3987 1965 359 1490.00 1.80 6.20 0.83 5.50 1.60
3987 1965 360 1460.00 1.80 5.60 0.63 5.60 0.10
3987 1965 361 2750.00 -2.20 2.10 0.52 3.20 2.30
3987 1965 362 1080.00 -2.20 0.70 0.55 4.90 0.00
3987 1965 363 1900.00 -2.00 1.60 0.51 6.70 0.00
3987 1965 364 870.00 -1.50 2.60 0.52 7.40 0.50
3987 1965 365 1570.00 1.30 4.50 0.68 5.60 0.00
