*---------------------------------------------------------------------------*
* Station name: Potsdam Saekularstation
* Year: 1948
* Author: Pedro Alencar                                   -999.000: NIL VALUE
* Source: DWD
* Comments: Gaps filled with interpolation and storical means
* Longitude: 13.0622, latitude: 52.3812, altitude: 82.0 m.
*
    * Column  Daily value
    * 1       station number
    * 2       year
    * 3       day
    * 4       irradiation                   (kJ m-2 d-1)
    * 5       minimum temperature           (degrees Celsius
    * 6       maximum temperature           (degrees Celsius)
    * 7       early morning vapour pressure (kPa)
    * 8       mean wind speed (height: 2 m) (m s-1)
    * 9       precipitation                 (mm d-1)
    *
** WCCDESCRIPTION=Potsdam, Germany
** WCCFORMAT=2
** WCCYEARNR=1948
*---------------------------------------------------------------------------*
   13.0622 52.3812 82.0 -0.18 -0.55
3987 1948 1 3130.00 -6.80 1.90 0.49 4.40 6.10
3987 1948 2 680.00 -2.30 7.00 0.83 6.20 2.60
3987 1948 3 1840.00 6.10 10.30 1.00 7.50 9.10
3987 1948 4 880.00 6.80 10.90 1.03 6.30 0.40
3987 1948 5 1750.00 7.60 12.20 0.95 7.70 1.00
3987 1948 6 1670.00 1.10 9.50 0.55 10.00 0.00
3987 1948 7 1170.00 -1.50 7.00 0.73 4.70 1.00
3987 1948 8 2530.00 3.50 9.30 0.65 9.50 6.10
3987 1948 9 720.00 -0.50 3.50 0.59 7.20 5.80
3987 1948 10 400.00 -0.20 2.60 0.60 7.80 5.40
3987 1948 11 2360.00 -5.30 -0.10 0.35 4.10 0.00
3987 1948 12 1870.00 -3.30 7.50 0.65 7.00 8.60
3987 1948 13 320.00 4.20 11.20 1.05 8.20 34.00
3987 1948 14 2030.00 3.80 11.40 0.72 10.30 2.10
3987 1948 15 440.00 -1.60 4.00 0.57 4.50 3.10
3987 1948 16 1420.00 -3.70 -0.60 0.43 5.00 3.00
3987 1948 17 1240.00 -5.40 -1.60 0.48 2.90 0.00
3987 1948 18 1670.00 -2.60 2.50 0.56 6.50 3.00
3987 1948 19 3430.00 -1.10 3.90 0.57 4.60 0.00
3987 1948 20 3290.00 -3.60 2.20 0.52 3.20 0.00
3987 1948 21 1590.00 -2.90 0.90 0.43 2.20 0.00
3987 1948 22 1880.00 -2.70 1.50 0.41 3.50 0.00
3987 1948 23 1830.00 -2.10 2.20 0.56 2.70 0.00
3987 1948 24 2900.00 -2.40 1.50 0.53 4.20 0.00
3987 1948 25 3910.00 -1.50 3.40 0.56 4.10 0.00
3987 1948 26 4940.00 -2.70 6.40 0.64 4.30 0.00
3987 1948 27 3460.00 -0.70 4.00 0.64 4.20 0.00
3987 1948 28 1330.00 -0.60 3.50 0.69 4.60 2.40
3987 1948 29 3010.00 1.10 7.30 0.71 5.00 0.00
3987 1948 30 1990.00 1.40 9.10 0.75 6.40 0.70
3987 1948 31 1330.00 5.50 10.80 0.95 7.00 0.60
3987 1948 32 2040.00 5.10 9.00 0.81 7.50 0.50
3987 1948 33 3540.00 2.90 10.50 0.79 6.80 1.30
3987 1948 34 3960.00 6.60 12.00 0.93 7.30 8.10
3987 1948 35 1120.00 1.90 6.90 0.71 8.20 2.60
3987 1948 36 3130.00 3.60 6.80 0.72 7.30 0.70
3987 1948 37 2040.00 2.60 5.90 0.75 5.50 5.30
3987 1948 38 1920.00 0.30 5.40 0.64 8.00 4.40
3987 1948 39 5090.00 2.20 7.50 0.73 8.20 1.80
3987 1948 40 1290.00 2.50 8.20 0.83 5.90 10.70
3987 1948 41 1160.00 1.80 5.70 0.67 2.90 0.00
3987 1948 42 1240.00 0.90 2.20 0.63 3.30 0.10
3987 1948 43 1410.00 0.30 5.20 0.69 4.30 6.00
3987 1948 44 2700.00 1.20 5.50 0.65 6.50 0.00
3987 1948 45 2400.00 -0.70 3.70 0.55 1.70 0.00
3987 1948 46 1130.00 -1.20 1.70 0.55 4.00 10.50
3987 1948 47 3140.00 -3.70 1.00 0.48 5.10 0.60
3987 1948 48 3840.00 -4.80 -1.50 0.40 4.00 0.00
3987 1948 49 3830.00 -5.40 -1.30 0.37 3.40 1.70
3987 1948 50 6280.00 -9.60 -5.20 0.24 6.00 0.00
3987 1948 51 9250.00 -13.70 -7.30 0.19 6.90 0.00
3987 1948 52 9980.00 -14.50 -6.00 0.20 7.40 0.00
3987 1948 53 2400.00 -11.00 -6.40 0.28 6.50 9.00
3987 1948 54 1440.00 -6.60 -4.90 0.37 2.50 0.30
3987 1948 55 9500.00 -11.70 1.50 0.40 2.10 0.00
3987 1948 56 8250.00 -4.60 1.20 0.41 1.90 0.00
3987 1948 57 6830.00 -7.40 -0.80 0.41 2.70 0.00
3987 1948 58 11920.00 -9.90 5.30 0.40 5.40 0.00
3987 1948 59 11980.00 -6.60 8.60 0.37 5.40 0.00
3987 1948 60 7540.00 -4.70 4.40 0.44 3.10 0.00
3987 1948 61 7790.00 -2.30 4.70 0.49 2.30 0.00
3987 1948 62 10800.00 -6.00 6.80 0.47 3.80 0.00
3987 1948 63 10120.00 -5.40 6.10 0.49 1.70 0.00
3987 1948 64 8450.00 -5.70 1.00 0.48 1.50 0.00
3987 1948 65 8200.00 -5.20 4.70 0.53 1.10 0.00
3987 1948 66 12610.00 -6.80 12.70 0.51 2.40 0.00
3987 1948 67 12100.00 -5.50 12.00 0.60 3.30 0.00
3987 1948 68 5500.00 4.50 12.90 1.04 6.10 5.00
3987 1948 69 1570.00 7.30 9.80 1.07 6.10 0.30
3987 1948 70 9000.00 4.70 13.50 0.83 8.50 0.20
3987 1948 71 6730.00 4.10 9.40 0.79 8.10 0.00
3987 1948 72 8870.00 4.10 10.40 0.79 3.50 0.00
3987 1948 73 12810.00 3.60 10.40 0.68 7.10 0.00
3987 1948 74 12430.00 -0.50 9.60 0.60 3.10 0.00
3987 1948 75 8980.00 -0.10 12.10 0.65 4.30 0.00
3987 1948 76 2870.00 3.80 10.30 0.79 8.60 0.70
3987 1948 77 9820.00 1.90 9.00 0.57 7.50 2.80
3987 1948 78 2030.00 1.70 9.20 0.81 6.30 12.10
3987 1948 79 12840.00 0.50 8.40 0.61 4.70 1.40
3987 1948 80 4240.00 4.50 11.80 1.03 6.90 0.00
3987 1948 81 5980.00 8.50 14.10 0.88 7.30 0.00
3987 1948 82 8760.00 5.20 11.60 0.81 8.30 1.00
3987 1948 83 13250.00 1.60 8.00 0.52 9.50 0.00
3987 1948 84 13530.00 -0.30 9.40 0.60 5.60 0.00
3987 1948 85 6140.00 1.00 10.50 0.77 6.40 0.00
3987 1948 86 15560.00 1.50 11.70 0.59 3.40 0.00
3987 1948 87 18100.00 -0.40 10.50 0.52 3.20 0.00
3987 1948 88 17760.00 -1.40 13.40 0.44 2.40 0.00
3987 1948 89 17750.00 3.60 17.20 0.68 2.50 0.00
3987 1948 90 17500.00 1.50 19.00 0.64 4.50 0.00
3987 1948 91 16400.00 3.20 19.80 0.75 4.60 0.00
3987 1948 92 7230.00 8.70 15.40 0.84 6.80 0.00
3987 1948 93 14330.00 5.50 13.80 0.68 6.30 0.00
3987 1948 94 7170.00 5.80 14.20 0.71 6.90 0.80
3987 1948 95 14440.00 4.20 14.00 0.67 5.10 0.00
3987 1948 96 8270.00 6.30 12.90 0.89 4.20 0.40
3987 1948 97 2790.00 1.90 8.50 0.85 4.40 4.30
3987 1948 98 11990.00 0.00 10.60 0.80 4.60 4.60
3987 1948 99 5520.00 4.30 11.70 0.96 5.40 5.10
3987 1948 100 11660.00 3.70 13.10 0.72 5.10 1.20
3987 1948 101 13930.00 5.50 11.90 0.68 3.70 0.00
3987 1948 102 8330.00 2.00 11.10 0.69 2.80 0.90
3987 1948 103 3780.00 5.30 7.90 0.87 2.60 0.40
3987 1948 104 17890.00 1.70 15.50 0.72 3.00 0.00
3987 1948 105 8570.00 5.80 13.50 0.80 4.20 0.00
3987 1948 106 12880.00 2.70 11.10 0.69 2.90 0.00
3987 1948 107 20590.00 1.80 17.60 0.75 5.80 0.00
3987 1948 108 21000.00 7.30 23.50 1.00 6.90 0.00
3987 1948 109 20760.00 9.90 25.60 1.01 5.30 0.00
3987 1948 110 20790.00 10.40 25.70 1.01 4.50 0.00
3987 1948 111 12720.00 12.10 21.00 1.27 2.60 0.90
3987 1948 112 21760.00 8.90 25.50 1.07 4.40 0.00
3987 1948 113 22120.00 9.90 24.90 1.11 5.90 0.00
3987 1948 114 21520.00 10.80 23.80 0.79 5.40 0.00
3987 1948 115 21270.00 7.70 20.00 0.79 4.40 0.00
3987 1948 116 19820.00 2.50 17.80 0.60 3.90 0.00
3987 1948 117 23990.00 0.40 18.50 0.64 2.80 0.00
3987 1948 118 18560.00 4.90 17.60 0.80 6.40 0.00
3987 1948 119 18720.00 10.80 22.30 0.85 7.10 0.00
3987 1948 120 15830.00 10.90 20.00 0.91 4.60 0.10
3987 1948 121 14920.00 9.20 21.50 1.00 4.30 4.80
3987 1948 122 12670.00 5.90 13.60 0.79 4.80 0.20
3987 1948 123 13510.00 5.30 17.80 0.88 4.70 0.00
3987 1948 124 13930.00 8.20 19.00 1.00 3.80 0.00
3987 1948 125 17970.00 6.60 16.70 0.84 3.10 5.50
3987 1948 126 15770.00 9.00 22.00 1.39 2.90 0.00
3987 1948 127 21960.00 11.40 27.50 1.39 3.70 3.80
3987 1948 128 21820.00 10.40 24.10 1.33 3.20 6.50
3987 1948 129 17550.00 9.90 23.40 1.32 3.10 0.10
3987 1948 130 18850.00 12.30 26.30 1.36 5.00 0.00
3987 1948 131 26550.00 13.30 26.10 1.03 5.90 0.00
3987 1948 132 16720.00 12.00 27.10 1.37 3.90 16.50
3987 1948 133 17240.00 13.50 24.60 1.59 2.90 0.00
3987 1948 134 18060.00 12.90 24.70 1.53 3.20 0.00
3987 1948 135 20920.00 10.30 23.30 1.19 3.00 0.00
3987 1948 136 26200.00 9.10 24.80 1.20 3.20 0.00
3987 1948 137 26720.00 11.50 24.00 0.95 4.60 0.00
3987 1948 138 23220.00 9.10 23.70 0.95 4.30 0.00
3987 1948 139 27390.00 6.20 20.00 0.72 4.60 0.00
3987 1948 140 24660.00 5.20 19.20 0.83 3.50 0.00
3987 1948 141 19570.00 5.20 18.90 0.88 4.00 0.70
3987 1948 142 9700.00 5.50 12.50 0.76 5.20 2.50
3987 1948 143 27480.00 3.00 19.30 0.79 4.90 0.00
3987 1948 144 15010.00 7.70 15.80 0.93 2.90 0.40
3987 1948 145 24470.00 8.10 26.90 1.01 4.90 0.00
3987 1948 146 20910.00 10.70 22.10 1.11 3.30 0.00
3987 1948 147 18790.00 9.60 26.00 1.29 3.20 2.70
3987 1948 148 17650.00 11.30 17.20 0.95 4.90 0.00
3987 1948 149 10630.00 7.50 18.10 1.16 4.70 3.90
3987 1948 150 4660.00 9.50 13.70 1.12 5.30 0.20
3987 1948 151 12350.00 7.40 15.60 0.96 2.40 0.20
3987 1948 152 16510.00 6.80 17.10 0.96 4.10 0.00
3987 1948 153 26950.00 7.90 22.80 0.91 3.20 0.00
3987 1948 154 24290.00 9.90 24.80 1.08 2.80 0.20
3987 1948 155 17040.00 10.80 17.60 0.95 5.10 0.60
3987 1948 156 16000.00 6.60 18.60 0.89 3.40 0.00
3987 1948 157 19130.00 8.00 20.50 1.12 3.80 0.00
3987 1948 158 22880.00 10.70 24.70 1.12 2.80 0.00
3987 1948 159 27260.00 13.30 29.50 1.25 4.30 0.00
3987 1948 160 28660.00 12.70 28.60 1.28 2.70 0.00
3987 1948 161 28780.00 12.80 31.10 1.16 3.00 0.00
3987 1948 162 25330.00 16.30 32.50 1.45 2.70 0.00
3987 1948 163 24010.00 16.20 32.40 1.61 2.80 0.00
3987 1948 164 14950.00 15.70 25.10 1.49 3.40 0.10
3987 1948 165 29990.00 11.90 26.80 1.05 4.30 0.00
3987 1948 166 29910.00 10.80 29.20 0.85 2.50 0.00
3987 1948 167 23150.00 15.60 33.00 1.29 3.50 1.80
3987 1948 168 16730.00 17.20 26.70 1.71 4.10 0.90
3987 1948 169 14310.00 11.90 23.50 1.44 4.10 3.80
3987 1948 170 24750.00 13.00 22.40 1.13 5.40 0.30
3987 1948 171 16000.00 13.00 21.60 1.23 2.50 0.10
3987 1948 172 15280.00 11.10 20.90 1.25 3.20 2.50
3987 1948 173 22000.00 9.30 18.60 0.96 4.30 0.00
3987 1948 174 17500.00 10.10 20.90 1.17 4.60 6.50
3987 1948 175 12090.00 10.60 17.50 1.21 3.30 3.40
3987 1948 176 25920.00 9.20 20.90 1.12 6.40 0.00
3987 1948 177 14060.00 9.80 17.50 1.05 8.20 0.00
3987 1948 178 28870.00 10.30 22.80 0.99 6.90 0.30
3987 1948 179 17090.00 14.10 26.40 1.60 4.70 7.40
3987 1948 180 7440.00 11.60 16.20 1.40 2.90 15.90
3987 1948 181 12020.00 8.50 16.20 1.19 3.50 11.40
3987 1948 182 21920.00 10.10 19.30 1.16 4.40 0.50
3987 1948 183 14540.00 8.80 18.80 1.23 2.60 16.70
3987 1948 184 21210.00 7.80 20.80 1.35 4.10 3.80
3987 1948 185 9990.00 10.60 16.80 1.16 4.80 0.00
3987 1948 186 21850.00 10.10 22.50 1.27 2.60 0.00
3987 1948 187 13450.00 13.00 21.60 1.47 3.30 7.40
3987 1948 188 22830.00 12.40 25.00 1.37 3.20 0.00
3987 1948 189 5790.00 11.90 18.40 1.33 3.70 6.50
3987 1948 190 6290.00 8.50 13.60 1.21 3.50 4.20
3987 1948 191 14590.00 6.40 18.50 1.15 1.70 0.00
3987 1948 192 5920.00 9.90 13.50 1.37 3.60 11.20
3987 1948 193 19570.00 12.90 22.90 1.47 5.10 4.90
3987 1948 194 10910.00 10.90 17.70 1.39 4.20 5.00
3987 1948 195 11660.00 11.80 18.70 1.52 3.90 9.10
3987 1948 196 19800.00 9.50 20.00 1.27 4.70 3.90
3987 1948 197 17410.00 12.10 18.60 1.20 5.10 0.00
3987 1948 198 11080.00 12.00 17.50 1.35 6.20 1.00
3987 1948 199 14620.00 12.40 19.80 1.39 5.90 0.20
3987 1948 200 18650.00 9.60 22.00 1.29 2.60 0.00
3987 1948 201 23990.00 12.70 24.70 1.39 2.20 0.00
3987 1948 202 21190.00 13.40 27.60 1.65 3.70 0.00
3987 1948 203 22810.00 18.60 32.10 1.92 3.80 0.00
3987 1948 204 10440.00 14.20 25.30 1.81 3.20 4.20
3987 1948 205 24420.00 12.10 23.40 1.16 2.40 0.00
3987 1948 206 22610.00 12.40 25.20 1.23 3.20 0.00
3987 1948 207 16190.00 14.10 27.00 1.61 3.50 0.30
3987 1948 208 24930.00 16.70 28.90 1.87 3.30 0.00
3987 1948 209 26440.00 17.30 30.50 1.72 3.80 0.00
3987 1948 210 27090.00 16.20 30.30 1.40 4.40 0.00
3987 1948 211 26120.00 15.40 31.60 1.48 4.50 0.00
3987 1948 212 25720.00 16.40 32.60 1.51 4.00 0.00
3987 1948 213 25830.00 17.70 32.10 1.64 4.00 0.00
3987 1948 214 26400.00 16.30 32.70 1.40 3.80 0.00
3987 1948 215 24520.00 17.20 33.80 1.40 4.30 0.00
3987 1948 216 9700.00 18.70 26.20 1.80 6.50 1.00
3987 1948 217 20050.00 16.20 25.30 1.55 4.90 0.00
3987 1948 218 23640.00 14.30 22.50 1.15 3.70 0.00
3987 1948 219 20300.00 13.20 25.40 1.39 2.10 0.00
3987 1948 220 13000.00 14.30 27.90 1.71 4.90 0.80
3987 1948 221 4650.00 16.50 20.60 1.83 5.40 5.50
3987 1948 222 17880.00 15.00 24.90 1.45 6.70 0.00
3987 1948 223 13420.00 12.80 24.00 1.49 2.40 0.30
3987 1948 224 14800.00 12.90 23.40 1.51 2.70 0.50
3987 1948 225 16420.00 15.30 25.10 1.53 2.10 22.20
3987 1948 226 1000.00 12.30 15.60 1.48 6.60 68.00
3987 1948 227 12450.00 12.00 20.60 1.53 6.90 0.40
3987 1948 228 10930.00 13.90 19.60 1.33 5.50 0.00
3987 1948 229 19140.00 12.30 25.60 1.51 3.90 0.00
3987 1948 230 16400.00 15.50 27.80 1.79 3.60 0.40
3987 1948 231 16900.00 14.60 21.60 1.33 4.30 24.60
3987 1948 232 9470.00 13.00 19.00 1.53 3.10 17.00
3987 1948 233 16300.00 11.00 19.10 1.35 5.40 0.10
3987 1948 234 20180.00 9.90 22.50 1.28 3.70 0.00
3987 1948 235 7780.00 12.60 19.30 1.59 4.70 6.30
3987 1948 236 12440.00 14.30 21.60 1.59 2.90 0.00
3987 1948 237 16380.00 14.00 21.50 1.43 5.40 0.00
3987 1948 238 5590.00 10.30 21.30 1.68 4.40 3.90
3987 1948 239 10930.00 15.30 20.60 1.31 8.70 0.50
3987 1948 240 14710.00 12.20 18.80 1.20 7.50 0.00
3987 1948 241 16390.00 10.40 18.50 1.04 3.90 0.00
3987 1948 242 17040.00 7.70 21.40 1.15 1.10 0.00
3987 1948 243 20470.00 9.00 22.20 1.21 2.60 0.00
3987 1948 244 17220.00 13.40 24.40 1.39 1.60 0.00
3987 1948 245 14610.00 12.70 25.80 1.37 4.10 0.50
3987 1948 246 12380.00 12.80 20.00 1.24 3.20 0.00
3987 1948 247 16340.00 8.70 23.00 1.20 4.20 0.00
3987 1948 248 11880.00 12.60 24.40 1.48 4.40 0.00
3987 1948 249 15240.00 14.50 28.50 1.84 3.80 0.00
3987 1948 250 12490.00 15.40 23.50 1.55 5.30 0.00
3987 1948 251 14800.00 12.50 20.50 1.17 4.40 0.00
3987 1948 252 16220.00 9.90 23.00 1.03 2.50 0.00
3987 1948 253 17580.00 9.20 25.10 1.12 2.70 0.00
3987 1948 254 17450.00 11.50 27.80 1.59 4.30 0.00
3987 1948 255 16290.00 14.40 30.00 1.61 4.30 0.00
3987 1948 256 10100.00 15.90 23.00 1.65 3.20 0.00
3987 1948 257 5950.00 15.00 20.90 1.71 2.00 0.20
3987 1948 258 14430.00 11.90 22.10 1.33 3.30 0.00
3987 1948 259 6770.00 13.10 21.00 1.47 2.30 0.50
3987 1948 260 4490.00 13.30 17.40 1.27 6.10 0.00
3987 1948 261 6340.00 11.60 17.60 1.21 7.50 0.00
3987 1948 262 10540.00 12.60 18.80 1.08 10.90 0.00
3987 1948 263 10760.00 9.70 18.40 1.21 7.90 0.30
3987 1948 264 11690.00 9.70 17.20 1.03 9.80 0.00
3987 1948 265 11790.00 7.30 14.30 0.77 8.10 0.00
3987 1948 266 10600.00 4.40 11.90 0.79 7.80 5.30
3987 1948 267 12989.05 4.60 14.60 0.89 6.20 0.00
3987 1948 268 12670.00 3.90 16.00 0.77 4.10 0.00
3987 1948 269 12340.00 8.00 19.60 1.09 4.00 0.00
3987 1948 270 6730.00 7.70 19.00 1.20 3.40 0.00
3987 1948 271 8190.00 10.10 22.30 1.25 4.60 0.00
3987 1948 272 12730.00 12.90 26.70 1.51 4.80 0.00
3987 1948 273 13460.00 14.80 22.60 1.45 5.60 0.00
3987 1948 274 6430.00 12.10 17.30 1.13 7.70 0.00
3987 1948 275 7370.00 9.20 14.50 0.92 4.70 0.00
3987 1948 276 7640.00 7.00 20.40 1.19 6.20 0.10
3987 1948 277 2850.00 12.10 17.90 1.39 6.10 6.80
3987 1948 278 5360.00 7.80 12.90 1.08 5.30 2.80
3987 1948 279 9820.00 1.60 11.40 0.83 3.10 0.00
3987 1948 280 3390.00 7.40 11.10 0.92 1.20 0.00
3987 1948 281 11950.00 3.50 14.50 0.81 3.00 0.00
3987 1948 282 10960.00 2.30 15.70 0.84 2.40 0.00
3987 1948 283 10550.00 4.50 12.50 0.89 2.10 0.00
3987 1948 284 12540.00 1.30 12.00 0.64 4.30 0.00
3987 1948 285 8150.00 1.30 11.40 0.59 4.70 0.00
3987 1948 286 6680.00 3.30 13.40 0.81 4.30 0.30
3987 1948 287 4270.00 8.80 15.40 1.20 3.60 0.00
3987 1948 288 9360.00 2.80 18.10 1.04 4.70 0.50
3987 1948 289 1260.00 8.70 13.20 1.17 4.80 16.80
3987 1948 290 8890.00 5.30 15.90 1.04 5.00 0.20
3987 1948 291 9080.00 7.80 18.70 1.03 5.00 0.20
3987 1948 292 3470.00 8.10 17.60 1.17 5.70 3.70
3987 1948 293 5680.00 6.90 12.90 0.87 5.70 0.00
3987 1948 294 7550.00 2.50 12.60 0.80 6.50 0.00
3987 1948 295 7250.00 9.50 16.00 1.01 7.30 0.40
3987 1948 296 3060.00 10.20 15.60 1.28 7.40 0.90
3987 1948 297 2730.00 7.10 14.30 0.88 10.10 2.00
3987 1948 298 1080.00 7.30 12.20 1.11 7.40 0.40
3987 1948 299 6110.00 10.90 17.30 1.12 4.30 0.20
3987 1948 300 2680.00 6.50 14.30 1.03 4.80 1.20
3987 1948 301 5660.00 0.60 8.20 0.71 3.00 0.70
3987 1948 302 1120.00 2.70 5.70 0.72 6.30 12.80
3987 1948 303 1460.00 2.30 4.80 0.72 3.20 0.70
3987 1948 304 3140.00 2.10 4.30 0.63 4.40 0.00
3987 1948 305 1040.00 1.50 2.90 0.65 3.60 0.00
3987 1948 306 1580.00 1.40 3.60 0.69 1.30 0.00
3987 1948 307 2310.00 2.90 7.40 0.79 3.40 0.30
3987 1948 308 2730.00 5.40 12.20 1.08 4.20 1.70
3987 1948 309 4160.00 8.60 13.20 1.05 5.80 3.00
3987 1948 310 840.00 7.20 11.90 1.09 6.40 10.60
3987 1948 311 5450.00 5.70 10.00 0.73 8.50 0.00
3987 1948 312 2770.00 -0.10 6.00 0.73 3.20 2.00
3987 1948 313 4680.00 0.00 5.20 0.60 3.50 0.00
3987 1948 314 6760.00 -4.10 5.00 0.47 3.50 0.00
3987 1948 315 1450.00 -1.20 6.70 0.64 8.60 0.00
3987 1948 316 2450.00 3.10 6.80 0.77 4.20 0.00
3987 1948 317 6100.00 -1.60 5.00 0.44 2.90 0.00
3987 1948 318 2680.00 -4.10 4.20 0.49 5.00 4.40
3987 1948 319 680.00 3.80 9.80 1.09 4.80 8.30
3987 1948 320 1990.00 8.00 11.60 1.11 3.90 0.10
3987 1948 321 2850.00 6.30 11.70 0.95 2.90 0.00
3987 1948 322 4330.00 3.60 9.40 0.84 3.20 0.00
3987 1948 323 3050.00 3.90 11.20 0.93 5.60 0.00
3987 1948 324 640.00 8.80 10.30 1.13 2.70 0.00
3987 1948 325 2890.00 7.90 12.60 1.07 4.10 0.00
3987 1948 326 4110.00 3.40 10.40 0.84 5.00 0.70
3987 1948 327 3020.00 3.00 7.50 0.73 6.60 0.00
3987 1948 328 1670.00 2.70 6.50 0.71 7.00 0.00
3987 1948 329 5100.00 -3.20 3.20 0.35 3.90 0.00
3987 1948 330 4870.00 -6.00 2.00 0.40 3.10 0.00
3987 1948 331 1000.00 -5.10 3.40 0.55 3.80 0.00
3987 1948 332 4020.00 -1.50 6.40 0.60 4.70 0.00
3987 1948 333 1040.00 0.90 3.80 0.69 1.30 0.00
3987 1948 334 760.00 -1.20 2.00 0.57 1.80 0.00
3987 1948 335 1470.00 -2.00 2.60 0.65 1.70 0.00
3987 1948 336 2810.00 -2.30 2.60 0.56 4.60 0.00
3987 1948 337 4160.00 -2.10 8.40 0.52 4.10 0.00
3987 1948 338 4290.00 0.80 9.40 0.52 5.60 0.00
3987 1948 339 3620.00 1.50 10.50 0.72 5.60 0.00
3987 1948 340 1340.00 5.50 8.10 0.91 2.50 0.00
3987 1948 341 1710.00 3.00 5.80 0.72 5.00 0.00
3987 1948 342 3700.00 3.00 9.70 0.71 5.80 0.00
3987 1948 343 3830.00 0.80 6.60 0.55 5.80 0.00
3987 1948 344 3914.71 -3.60 3.10 0.52 5.20 0.00
3987 1948 345 3290.00 0.40 6.50 0.67 4.50 0.00
3987 1948 346 2440.00 -2.50 3.30 0.57 4.90 0.00
3987 1948 347 1920.00 -1.40 0.60 0.56 7.90 0.00
3987 1948 348 840.00 -0.60 3.80 0.68 6.10 0.00
3987 1948 349 2480.00 2.60 7.20 0.75 7.40 1.60
3987 1948 350 2600.00 4.10 8.50 0.85 7.00 0.90
3987 1948 351 2330.00 2.40 7.20 0.75 6.50 0.90
3987 1948 352 960.00 2.30 4.40 0.71 4.10 1.90
3987 1948 353 1920.00 -0.60 4.20 0.61 2.80 0.00
3987 1948 354 680.00 -0.70 1.50 0.52 4.50 0.00
3987 1948 355 1300.00 -6.10 0.40 0.41 3.90 0.00
3987 1948 356 640.00 -6.60 -1.20 0.48 1.60 0.00
3987 1948 357 960.00 -2.80 -1.10 0.47 3.00 0.10
3987 1948 358 840.00 -3.10 2.00 0.61 5.70 0.80
3987 1948 359 1920.00 -2.40 2.30 0.55 2.00 0.00
3987 1948 360 800.00 -1.20 0.60 0.55 1.20 0.00
3987 1948 361 1180.00 -4.30 0.70 0.43 2.00 0.00
3987 1948 362 3840.00 -6.10 1.40 0.45 4.70 0.00
3987 1948 363 2780.00 -8.40 -1.70 0.36 4.70 0.10
3987 1948 364 760.00 -4.00 4.30 0.64 7.20 3.00
3987 1948 365 1660.00 0.20 4.60 0.60 6.10 0.40
3987 1948 366 1880.00 -1.70 5.00 0.52 7.30 0.00
