*---------------------------------------------------------------------------*
* Station name: Potsdam Saekularstation
* Year: 1999
* Author: Pedro Alencar                                   -999.000: NIL VALUE
* Source: DWD
* Comments: Gaps filled with interpolation and storical means
* Longitude: 13.0622, latitude: 52.3812, altitude: 82.0 m.
*
    * Column  Daily value
    * 1       station number
    * 2       year
    * 3       day
    * 4       irradiation                   (kJ m-2 d-1)
    * 5       minimum temperature           (degrees Celsius
    * 6       maximum temperature           (degrees Celsius)
    * 7       early morning vapour pressure (kPa)
    * 8       mean wind speed (height: 2 m) (m s-1)
    * 9       precipitation                 (mm d-1)
    *
** WCCDESCRIPTION=Potsdam, Germany
** WCCFORMAT=2
** WCCYEARNR=1999
*---------------------------------------------------------------------------*
   13.0622 52.3812 82.0 -0.18 -0.55
3987 1999 1 2670.00 -4.10 0.90 0.49 4.20 0.00
3987 1999 2 3290.00 -2.90 3.90 0.54 4.40 0.00
3987 1999 3 3200.00 -0.20 6.70 0.63 4.90 0.00
3987 1999 4 1760.00 0.00 10.90 0.90 5.80 0.10
3987 1999 5 1670.00 9.50 13.60 1.16 6.50 0.20
3987 1999 6 3740.00 6.80 13.70 0.90 6.60 0.00
3987 1999 7 690.00 3.60 9.70 0.77 6.80 4.90
3987 1999 8 1190.00 1.50 5.10 0.73 4.70 6.20
3987 1999 9 700.00 0.40 2.90 0.64 2.60 0.60
3987 1999 10 3960.00 -3.70 1.30 0.48 2.90 0.00
3987 1999 11 450.00 -2.30 -0.30 0.50 5.50 1.30
3987 1999 12 900.00 -2.00 -0.70 0.51 6.30 2.10
3987 1999 13 2030.00 -4.70 -0.60 0.47 3.80 1.70
3987 1999 14 1330.00 -1.30 3.60 0.65 6.90 0.50
3987 1999 15 1120.00 1.10 6.20 0.78 7.40 4.00
3987 1999 16 1400.00 5.30 9.70 0.76 6.90 0.00
3987 1999 17 2520.00 5.40 11.20 0.71 5.00 0.00
3987 1999 18 2240.00 2.90 7.20 0.77 2.20 0.00
3987 1999 19 4800.00 0.40 7.90 0.67 5.50 0.00
3987 1999 20 4910.00 2.60 10.70 0.69 4.90 0.00
3987 1999 21 4910.00 -0.20 9.70 0.65 4.00 1.10
3987 1999 22 2190.00 0.90 6.30 0.74 2.70 0.00
3987 1999 23 1270.00 -0.60 4.40 0.70 1.90 0.00
3987 1999 24 2450.00 -1.20 5.50 0.69 4.40 0.00
3987 1999 25 2140.00 2.80 11.10 0.93 7.70 7.20
3987 1999 26 4190.00 2.20 10.60 0.67 6.40 0.00
3987 1999 27 970.00 1.60 3.40 0.61 3.60 1.80
3987 1999 28 970.00 -1.60 2.10 0.60 3.80 1.70
3987 1999 29 3610.00 -4.30 -0.60 0.37 4.80 0.20
3987 1999 30 2520.00 -4.40 -1.20 0.37 3.90 0.00
3987 1999 31 5410.00 -11.40 -3.10 0.29 2.80 0.60
3987 1999 32 1110.00 -4.50 2.20 0.66 3.40 0.60
3987 1999 33 1400.00 0.00 2.10 0.65 4.70 0.20
3987 1999 34 790.00 2.00 5.70 0.83 7.00 6.40
3987 1999 35 510.00 5.10 8.70 0.95 9.90 2.90
3987 1999 36 2680.00 1.30 8.60 0.63 13.10 1.30
3987 1999 37 2340.00 0.10 4.20 0.59 9.40 3.40
3987 1999 38 2010.00 -0.60 1.00 0.58 2.80 0.60
3987 1999 39 6320.00 -1.20 2.20 0.49 6.20 1.60
3987 1999 40 4110.00 -5.20 0.80 0.42 1.90 0.10
3987 1999 41 5460.00 -8.40 -0.20 0.37 2.90 0.00
3987 1999 42 8020.00 -9.20 -0.50 0.33 2.70 0.00
3987 1999 43 5020.00 -8.70 -0.70 0.35 2.20 0.00
3987 1999 44 2570.00 -4.20 2.00 0.48 4.30 0.00
3987 1999 45 2510.00 -2.80 -0.50 0.48 3.10 0.00
3987 1999 46 7500.00 -7.40 3.30 0.42 3.90 0.70
3987 1999 47 1540.00 -0.10 3.40 0.60 8.00 11.50
3987 1999 48 5150.00 -2.10 0.50 0.54 8.20 4.70
3987 1999 49 6730.00 -3.30 3.20 0.54 5.70 0.00
3987 1999 50 1890.00 -0.30 4.80 0.71 5.10 7.70
3987 1999 51 5820.00 -0.10 6.40 0.67 4.90 0.00
3987 1999 52 3510.00 1.70 5.90 0.68 5.50 3.20
3987 1999 53 3590.00 0.80 3.70 0.60 6.90 0.10
3987 1999 54 4190.00 -0.20 3.60 0.57 5.40 1.00
3987 1999 55 3950.00 -2.00 2.80 0.54 5.00 0.20
3987 1999 56 6620.00 -1.80 5.20 0.53 6.90 2.90
3987 1999 57 1650.00 0.20 6.40 0.78 5.50 0.10
3987 1999 58 10920.00 2.40 13.60 0.69 4.10 0.10
3987 1999 59 9570.00 3.50 11.10 0.68 6.10 0.10
3987 1999 60 1760.00 3.10 8.30 0.88 8.30 7.60
3987 1999 61 9150.00 2.60 9.50 0.76 5.30 8.20
3987 1999 62 2380.00 5.50 11.90 1.00 6.00 2.30
3987 1999 63 5930.00 5.20 12.10 0.91 2.80 0.00
3987 1999 64 1480.00 4.30 7.10 0.87 3.80 2.90
3987 1999 65 5540.00 1.70 8.30 0.70 5.30 0.00
3987 1999 66 9780.00 -0.70 8.30 0.58 4.10 0.00
3987 1999 67 9840.00 -0.80 8.90 0.57 2.80 0.00
3987 1999 68 3480.00 -1.20 5.10 0.67 4.10 0.10
3987 1999 69 4490.00 3.40 8.60 0.76 3.10 0.70
3987 1999 70 2670.00 1.00 4.10 0.53 4.30 0.00
3987 1999 71 13690.00 -0.90 7.40 0.50 4.40 0.00
3987 1999 72 12380.00 -2.60 8.00 0.49 6.90 0.00
3987 1999 73 2910.00 -1.00 3.90 0.54 4.10 0.90
3987 1999 74 2160.00 0.40 3.60 0.70 3.20 0.10
3987 1999 75 3570.00 1.00 2.50 0.51 3.30 0.00
3987 1999 76 13020.00 -2.90 8.10 0.52 3.30 0.00
3987 1999 77 14840.00 -1.50 10.50 0.54 3.90 0.00
3987 1999 78 5710.00 -2.00 7.10 0.68 4.10 0.40
3987 1999 79 5990.00 2.70 8.50 0.68 6.10 2.80
3987 1999 80 6540.00 3.70 9.40 0.77 4.80 0.30
3987 1999 81 4430.00 4.10 9.50 0.80 3.60 1.50
3987 1999 82 3950.00 1.30 7.30 0.65 6.70 3.00
3987 1999 83 4780.00 -1.10 11.70 0.81 3.70 0.10
3987 1999 84 16810.00 3.30 20.90 0.81 4.20 0.00
3987 1999 85 13000.00 5.70 20.10 0.91 3.10 0.00
3987 1999 86 14760.00 7.40 18.00 1.04 4.10 11.50
3987 1999 87 2210.00 4.30 9.60 0.76 4.10 0.00
3987 1999 88 9180.00 1.70 9.80 0.74 1.60 0.00
3987 1999 89 16380.00 3.20 16.40 0.93 2.40 0.00
3987 1999 90 16070.00 6.00 18.40 0.91 1.80 0.00
3987 1999 91 16640.00 7.00 19.80 0.76 4.50 0.00
3987 1999 92 16600.00 5.60 19.10 0.73 3.90 0.00
3987 1999 93 13800.00 4.60 18.50 0.73 2.20 0.00
3987 1999 94 14600.00 6.50 19.80 1.00 2.50 0.00
3987 1999 95 17970.00 3.20 17.50 0.97 2.80 1.10
3987 1999 96 11160.00 10.30 20.20 1.32 5.70 6.40
3987 1999 97 9970.00 8.00 15.60 1.04 6.10 0.30
3987 1999 98 4330.00 7.00 10.10 0.97 4.60 0.30
3987 1999 99 14040.00 4.60 15.70 0.96 4.30 0.00
3987 1999 100 9260.00 10.80 18.60 1.20 4.20 0.00
3987 1999 101 9490.00 6.40 15.30 0.92 5.90 0.30
3987 1999 102 10810.00 4.40 13.40 0.79 6.00 0.00
3987 1999 103 12920.00 4.40 14.70 0.80 5.80 5.00
3987 1999 104 8920.00 0.30 9.10 0.71 3.90 6.90
3987 1999 105 6710.00 4.30 8.80 0.73 5.00 0.40
3987 1999 106 11280.00 3.40 10.30 0.73 2.90 4.60
3987 1999 107 2330.00 2.90 5.50 0.71 5.00 4.50
3987 1999 108 13980.00 2.60 10.80 0.72 6.80 0.00
3987 1999 109 22900.00 0.10 12.50 0.56 4.00 0.00
3987 1999 110 21490.00 0.40 13.10 0.58 2.40 0.00
3987 1999 111 11650.00 0.40 13.80 0.83 4.00 0.50
3987 1999 112 15020.00 5.70 18.50 1.12 4.00 0.20
3987 1999 113 19380.00 5.80 20.10 1.00 3.00 1.40
3987 1999 114 19670.00 8.70 22.30 1.05 3.10 0.00
3987 1999 115 17880.00 7.70 20.70 1.19 3.30 0.70
3987 1999 116 12420.00 8.50 17.00 1.22 3.50 0.00
3987 1999 117 5490.00 8.80 12.40 1.17 3.30 0.20
3987 1999 118 15680.00 7.60 18.80 1.19 3.30 0.00
3987 1999 119 22840.00 8.50 17.00 0.88 4.30 0.00
3987 1999 120 25100.00 4.80 20.30 0.93 3.50 0.00
3987 1999 121 23750.00 4.70 18.80 0.83 3.60 0.00
3987 1999 122 24020.00 4.20 16.90 0.77 2.50 0.00
3987 1999 123 23360.00 6.70 20.20 0.85 3.40 0.00
3987 1999 124 25210.00 3.60 18.20 0.69 5.20 0.00
3987 1999 125 25280.00 6.80 17.10 0.66 7.10 0.00
3987 1999 126 19190.00 5.60 16.80 0.63 5.70 0.00
3987 1999 127 23240.00 6.10 19.60 0.87 4.50 0.00
3987 1999 128 6270.00 6.80 14.00 1.31 4.40 11.20
3987 1999 129 12670.00 8.60 19.80 1.33 3.50 0.00
3987 1999 130 18460.00 9.70 23.50 1.35 4.40 4.90
3987 1999 131 18050.00 10.80 20.40 1.44 4.70 19.80
3987 1999 132 9880.00 9.90 18.30 1.36 2.70 1.20
3987 1999 133 17150.00 8.70 17.20 1.26 4.80 2.30
3987 1999 134 18350.00 8.70 17.90 1.19 3.60 2.10
3987 1999 135 10440.00 6.60 10.40 0.93 5.90 1.40
3987 1999 136 17110.00 6.00 15.10 0.81 3.80 0.00
3987 1999 137 28230.00 1.90 17.30 0.65 4.50 0.00
3987 1999 138 28410.00 5.40 19.40 0.73 5.60 0.00
3987 1999 139 27830.00 7.30 23.60 0.92 6.10 0.00
3987 1999 140 26630.00 11.30 24.70 1.32 2.90 0.00
3987 1999 141 9400.00 12.90 21.70 1.57 2.20 0.00
3987 1999 142 6040.00 9.30 17.80 1.29 3.60 0.30
3987 1999 143 21180.00 6.50 19.00 1.05 2.90 0.00
3987 1999 144 15700.00 10.70 22.30 1.31 3.50 0.00
3987 1999 145 14890.00 13.40 21.80 1.29 3.40 0.00
3987 1999 146 26190.00 7.00 21.10 1.00 2.20 0.00
3987 1999 147 27660.00 10.50 26.60 1.10 3.00 0.00
3987 1999 148 27470.00 12.60 30.20 1.27 4.10 1.20
3987 1999 149 25310.00 15.70 27.10 1.73 2.20 0.00
3987 1999 150 24650.00 15.50 30.90 1.66 4.00 0.10
3987 1999 151 10250.00 10.70 18.30 1.31 3.90 1.20
3987 1999 152 20500.00 10.10 22.80 1.32 2.20 0.00
3987 1999 153 27300.00 13.80 27.90 1.47 3.90 5.60
3987 1999 154 19200.00 16.20 23.50 1.45 4.50 0.00
3987 1999 155 14000.00 13.40 21.20 1.36 5.10 0.00
3987 1999 156 19000.00 11.00 23.80 1.28 5.10 2.30
3987 1999 157 5100.00 10.60 15.30 1.32 3.50 0.00
3987 1999 158 20140.00 9.50 22.30 1.19 3.00 0.00
3987 1999 159 9580.00 12.00 21.10 1.49 5.00 9.70
3987 1999 160 16780.00 8.20 18.70 1.17 4.10 0.00
3987 1999 161 21060.00 9.50 21.70 1.21 2.90 7.40
3987 1999 162 8220.00 10.90 15.80 1.39 3.30 0.70
3987 1999 163 12430.00 9.90 16.90 1.40 1.70 0.10
3987 1999 164 22930.00 11.10 21.90 1.44 2.40 0.00
3987 1999 165 18390.00 13.50 22.40 1.35 2.70 0.00
3987 1999 166 26390.00 10.80 23.70 1.35 2.60 0.00
3987 1999 167 20260.00 11.80 24.70 1.44 2.40 0.00
3987 1999 168 21000.00 14.70 24.80 1.50 3.10 12.30
3987 1999 169 6350.00 12.10 19.40 1.40 3.90 0.00
3987 1999 170 19550.00 12.10 22.50 1.57 3.30 0.00
3987 1999 171 22530.00 11.80 23.80 1.47 4.70 6.70
3987 1999 172 19650.00 12.00 19.10 1.19 4.50 0.00
3987 1999 173 21630.00 8.20 17.80 1.03 5.20 0.00
3987 1999 174 23400.00 7.40 19.20 1.01 3.80 0.00
3987 1999 175 22460.00 9.50 19.00 1.05 3.00 0.00
3987 1999 176 21790.00 10.00 19.80 1.06 2.00 0.00
3987 1999 177 21360.00 9.30 22.00 1.02 2.30 0.20
3987 1999 178 17500.00 12.80 25.80 1.71 4.10 0.00
3987 1999 179 15080.00 14.40 22.70 1.61 4.10 0.40
3987 1999 180 22090.00 9.80 24.50 1.35 3.80 0.00
3987 1999 181 18070.00 14.40 25.90 1.77 3.60 0.80
3987 1999 182 19150.00 14.80 23.40 1.59 3.00 0.90
3987 1999 183 19160.00 15.50 25.60 1.65 3.00 0.00
3987 1999 184 27050.00 14.20 31.00 1.72 3.30 0.00
3987 1999 185 19840.00 18.60 28.40 1.97 3.40 0.00
3987 1999 186 24440.00 19.30 35.20 2.16 2.80 11.10
3987 1999 187 7700.00 17.00 24.90 1.91 1.70 1.30
3987 1999 188 13250.00 15.40 22.20 1.68 2.80 0.00
3987 1999 189 24220.00 12.60 25.10 1.50 3.60 0.00
3987 1999 190 26180.00 15.60 26.00 1.35 4.80 0.00
3987 1999 191 27610.00 15.00 28.70 1.46 5.80 0.00
3987 1999 192 21650.00 16.80 28.10 1.58 5.40 0.00
3987 1999 193 19720.00 18.10 30.30 1.99 4.00 2.80
3987 1999 194 19720.00 17.10 28.00 2.11 2.30 0.00
3987 1999 195 15860.00 15.60 24.10 1.66 5.70 0.00
3987 1999 196 15790.00 12.00 21.60 1.26 4.50 0.00
3987 1999 197 22010.00 11.00 23.70 1.21 3.30 0.00
3987 1999 198 19370.00 12.50 27.20 1.40 3.40 0.00
3987 1999 199 25040.00 15.60 32.20 1.43 3.90 0.00
3987 1999 200 27100.00 17.50 34.20 1.36 4.20 0.00
3987 1999 201 16120.00 18.00 27.50 2.02 3.80 2.60
3987 1999 202 17790.00 18.40 26.50 1.55 6.20 0.10
3987 1999 203 16520.00 13.30 22.80 1.16 5.80 0.10
3987 1999 204 7970.00 13.90 18.00 1.30 5.30 0.20
3987 1999 205 8900.00 13.70 20.30 1.54 3.90 0.50
3987 1999 206 24930.00 16.40 29.30 1.65 2.50 0.00
3987 1999 207 11630.00 16.10 22.60 1.52 3.30 0.90
3987 1999 208 27380.00 10.30 24.20 1.13 2.80 0.00
3987 1999 209 25490.00 10.70 26.70 1.30 3.60 0.00
3987 1999 210 26400.00 13.40 27.80 1.16 3.80 0.00
3987 1999 211 23370.00 15.00 28.90 1.15 3.80 0.00
3987 1999 212 20670.00 15.50 29.40 1.19 4.00 0.00
3987 1999 213 25590.00 15.10 30.50 1.22 4.70 0.00
3987 1999 214 25690.00 15.60 29.40 1.05 4.20 0.00
3987 1999 215 24390.00 15.50 30.30 1.05 3.60 0.00
3987 1999 216 23490.00 15.70 30.60 1.03 3.70 0.00
3987 1999 217 14690.00 15.40 28.40 1.28 4.00 0.00
3987 1999 218 20650.00 14.00 28.70 1.69 3.50 0.00
3987 1999 219 12330.00 16.30 28.40 1.84 3.30 0.10
3987 1999 220 17210.00 16.20 31.00 1.80 3.80 0.50
3987 1999 221 18860.00 16.00 29.70 1.66 4.20 2.70
3987 1999 222 16100.00 14.80 26.90 1.77 3.50 0.30
3987 1999 223 12180.00 15.00 20.90 1.32 5.40 0.00
3987 1999 224 12780.00 11.70 19.80 1.18 4.90 0.00
3987 1999 225 17820.00 11.30 21.70 1.14 3.80 0.00
3987 1999 226 14650.00 9.90 23.40 1.15 3.70 8.90
3987 1999 227 16320.00 13.20 21.60 1.39 7.40 0.00
3987 1999 228 17790.00 11.80 23.00 1.26 4.30 0.00
3987 1999 229 10460.00 12.10 19.20 1.41 3.40 2.80
3987 1999 230 17840.00 9.00 24.00 1.33 4.30 1.20
3987 1999 231 15360.00 12.20 23.10 1.29 7.30 0.00
3987 1999 232 9550.00 13.70 20.60 1.34 6.50 9.40
3987 1999 233 10190.00 13.50 19.20 1.40 5.10 0.30
3987 1999 234 13370.00 10.60 18.90 1.19 4.50 0.00
3987 1999 235 8740.00 10.00 18.10 1.14 1.90 0.00
3987 1999 236 20970.00 11.60 22.50 1.11 2.60 0.00
3987 1999 237 21260.00 9.40 25.80 1.20 4.70 0.00
3987 1999 238 10880.00 14.00 26.60 1.38 5.00 1.50
3987 1999 239 13380.00 14.10 25.40 1.82 3.10 4.70
3987 1999 240 13110.00 14.20 23.10 1.60 3.00 0.00
3987 1999 241 13400.00 11.40 23.20 1.38 1.90 0.00
3987 1999 242 9550.00 12.10 23.20 1.39 2.20 3.10
3987 1999 243 11770.00 13.80 20.20 1.43 4.10 0.00
3987 1999 244 11900.00 11.50 20.90 1.26 4.50 0.30
3987 1999 245 19490.00 8.10 24.00 1.26 3.30 0.00
3987 1999 246 18730.00 10.50 25.50 1.57 4.20 0.00
3987 1999 247 20170.00 14.60 27.30 1.18 4.80 0.00
3987 1999 248 19560.00 11.80 27.30 1.27 4.60 0.00
3987 1999 249 17320.00 12.70 25.90 1.41 4.50 0.10
3987 1999 250 11390.00 16.00 24.60 1.76 2.90 0.40
3987 1999 251 15860.00 14.70 27.00 1.66 2.60 0.00
3987 1999 252 16500.00 15.30 29.10 1.59 2.60 0.00
3987 1999 253 13640.00 15.60 30.50 1.59 2.70 0.00
3987 1999 254 17190.00 15.60 29.10 1.41 4.70 0.00
3987 1999 255 17200.00 15.20 29.00 1.44 4.70 0.00
3987 1999 256 17760.00 12.50 27.90 1.07 5.50 0.00
3987 1999 257 16520.00 11.80 27.40 1.11 5.20 0.00
3987 1999 258 17140.00 10.30 25.70 0.92 5.00 0.00
3987 1999 259 9920.00 10.40 19.40 1.11 4.10 0.00
3987 1999 260 14440.00 9.70 23.40 1.19 3.00 0.50
3987 1999 261 8600.00 12.90 21.60 1.58 3.50 0.00
3987 1999 262 9900.00 12.90 24.60 1.76 4.90 0.00
3987 1999 263 11820.00 16.40 26.30 1.69 5.60 1.80
3987 1999 264 5900.00 14.80 21.70 1.60 3.50 0.00
3987 1999 265 7660.00 11.40 21.00 1.50 4.30 0.00
3987 1999 266 9450.00 14.20 24.20 1.69 4.10 0.00
3987 1999 267 9710.15 14.50 25.70 1.49 4.50 0.00
3987 1999 268 7840.00 13.90 22.70 1.48 4.20 0.00
3987 1999 269 3030.00 13.10 17.10 1.63 3.20 1.30
3987 1999 270 11790.00 10.20 20.20 1.33 4.90 0.00
3987 1999 271 8070.00 13.60 21.10 1.39 5.30 0.10
3987 1999 272 8160.00 11.50 20.30 1.43 5.50 1.50
3987 1999 273 6160.00 12.90 19.10 1.53 5.70 3.60
3987 1999 274 8310.00 11.90 16.10 1.17 7.30 0.40
3987 1999 275 4150.00 12.30 18.60 1.22 6.10 0.00
3987 1999 276 3820.00 10.50 16.40 1.08 4.40 0.10
3987 1999 277 8170.00 7.60 15.80 1.00 4.50 0.00
3987 1999 278 10070.00 8.00 16.10 1.02 4.00 0.00
3987 1999 279 4280.00 6.30 13.30 1.07 4.30 1.20
3987 1999 280 6690.00 7.30 13.20 1.03 4.70 0.00
3987 1999 281 3420.00 8.30 14.00 1.11 4.80 0.40
3987 1999 282 2090.00 10.50 13.90 1.27 7.00 1.00
3987 1999 283 1940.00 9.70 14.90 1.42 6.30 0.40
3987 1999 284 3300.00 10.40 15.60 1.37 5.50 0.10
3987 1999 285 10530.00 6.70 16.10 0.95 5.70 0.00
3987 1999 286 8520.00 5.20 14.50 0.98 4.60 0.00
3987 1999 287 2990.00 8.90 13.50 1.13 5.30 0.30
3987 1999 288 9930.00 3.60 14.00 0.81 2.40 0.00
3987 1999 289 10400.00 0.90 12.50 0.68 3.00 0.00
3987 1999 290 8900.00 0.50 11.80 0.74 2.50 0.10
3987 1999 291 10240.00 1.00 10.90 0.68 3.60 0.00
3987 1999 292 8910.00 -0.20 9.50 0.67 4.60 0.00
3987 1999 293 10090.00 -0.70 7.90 0.51 6.00 0.00
3987 1999 294 5170.00 -1.10 8.20 0.62 7.20 0.00
3987 1999 295 7890.00 6.10 13.20 0.85 4.50 0.00
3987 1999 296 6360.00 5.50 14.20 1.02 3.90 1.00
3987 1999 297 7420.00 6.10 17.00 1.12 3.70 0.00
3987 1999 298 6100.00 8.80 17.80 1.17 3.90 0.00
3987 1999 299 6590.00 10.40 17.30 1.15 6.90 0.00
3987 1999 300 3500.00 10.90 13.90 1.15 7.20 0.00
3987 1999 301 6230.00 7.10 15.30 0.99 4.60 0.00
3987 1999 302 7350.00 6.20 12.60 0.99 2.70 0.00
3987 1999 303 6810.00 2.50 14.30 0.90 5.00 1.10
3987 1999 304 4410.00 8.90 14.70 1.08 6.40 0.40
3987 1999 305 6740.00 4.20 14.20 0.92 5.30 1.80
3987 1999 306 1400.00 9.70 14.60 1.34 4.40 5.00
3987 1999 307 7140.00 4.70 12.10 0.90 4.30 0.00
3987 1999 308 7200.00 2.40 10.90 0.82 3.00 0.00
3987 1999 309 3530.00 3.00 9.50 0.87 4.40 0.00
3987 1999 310 3270.00 6.90 13.20 0.96 4.70 0.00
3987 1999 311 3120.00 2.90 9.80 0.85 3.90 0.80
3987 1999 312 2050.00 6.20 9.10 0.99 2.30 0.90
3987 1999 313 520.00 7.20 8.40 1.02 2.10 4.50
3987 1999 314 870.00 6.10 7.30 0.90 4.60 0.50
3987 1999 315 3060.00 1.00 7.10 0.70 3.10 0.00
3987 1999 316 3820.00 -3.10 3.20 0.64 1.40 0.00
3987 1999 317 1450.00 -1.50 1.70 0.61 2.90 1.30
3987 1999 318 4320.00 -0.70 7.30 0.67 4.60 0.20
3987 1999 319 6100.00 -4.00 4.00 0.49 2.30 0.00
3987 1999 320 5810.00 -5.40 3.70 0.43 3.70 0.00
3987 1999 321 1570.00 -4.90 1.50 0.56 4.60 1.10
3987 1999 322 1410.00 0.00 2.80 0.62 4.00 1.40
3987 1999 323 2630.00 -1.50 1.70 0.59 2.40 2.10
3987 1999 324 1050.00 -1.70 0.30 0.52 3.20 0.90
3987 1999 325 1990.00 -1.70 1.30 0.59 3.70 2.30
3987 1999 326 2740.00 -2.70 0.30 0.53 2.50 0.00
3987 1999 327 4740.00 -6.20 1.80 0.43 1.50 0.00
3987 1999 328 2690.00 -6.90 1.70 0.54 2.10 0.00
3987 1999 329 3070.00 0.10 7.20 0.79 4.20 0.00
3987 1999 330 3300.00 3.70 8.50 0.84 4.90 0.00
3987 1999 331 3510.00 0.90 7.30 0.73 5.60 0.00
3987 1999 332 3160.00 1.90 7.60 0.79 5.20 0.00
3987 1999 333 4130.00 3.40 10.40 0.70 5.20 0.00
3987 1999 334 1040.00 5.30 8.20 0.80 5.30 0.00
3987 1999 335 1000.00 5.00 9.40 0.86 9.50 6.60
3987 1999 336 1940.00 1.20 6.20 0.70 8.90 7.40
3987 1999 337 750.00 1.00 7.90 0.72 9.20 2.60
3987 1999 338 2640.00 -0.30 6.90 0.57 8.70 0.10
3987 1999 339 1650.00 -0.50 3.70 0.59 7.60 0.10
3987 1999 340 800.00 -3.50 4.00 0.63 7.40 4.80
3987 1999 341 920.00 4.00 7.90 0.85 8.30 1.80
3987 1999 342 3130.00 2.80 7.10 0.72 7.40 0.00
3987 1999 343 2154.51 4.80 9.60 0.86 6.10 0.00
3987 1999 344 2380.00 3.80 8.30 0.74 5.90 0.00
3987 1999 345 3130.00 1.50 7.30 0.73 6.20 3.90
3987 1999 346 720.00 5.60 10.70 0.98 7.10 5.10
3987 1999 347 2790.00 2.20 6.50 0.65 6.30 1.40
3987 1999 348 2720.00 1.00 5.20 0.65 6.90 3.50
3987 1999 349 640.00 -0.70 2.00 0.53 6.90 0.20
3987 1999 350 1020.00 -3.30 0.00 0.52 4.40 0.20
3987 1999 351 2140.00 -3.50 2.80 0.55 8.00 1.40
3987 1999 352 2570.00 -0.10 3.80 0.56 7.10 0.00
3987 1999 353 2370.00 -3.10 1.00 0.50 5.00 0.30
3987 1999 354 1260.00 -0.60 0.90 0.57 4.00 0.00
3987 1999 355 1430.00 -1.60 0.50 0.50 2.30 0.00
3987 1999 356 3630.00 -4.10 0.90 0.41 3.60 0.00
3987 1999 357 1040.00 -6.10 0.10 0.45 5.10 2.30
3987 1999 358 2450.00 -0.80 3.50 0.57 5.80 5.50
3987 1999 359 1420.00 0.70 6.50 0.73 7.90 3.10
3987 1999 360 1300.00 0.10 3.80 0.60 5.40 9.50
3987 1999 361 1140.00 -0.80 1.60 0.62 4.40 0.00
3987 1999 362 1560.00 -1.00 1.30 0.62 2.40 0.10
3987 1999 363 580.00 -0.50 1.90 0.61 3.20 0.00
3987 1999 364 840.00 -1.00 2.00 0.60 4.30 0.60
3987 1999 365 1490.00 -0.60 2.40 0.60 2.80 0.00
