*---------------------------------------------------------------------------*
* Station name: Potsdam Saekularstation
* Year: 1982
* Author: Pedro Alencar                                   -999.000: NIL VALUE
* Source: DWD
* Comments: Gaps filled with interpolation and storical means
* Longitude: 13.0622, latitude: 52.3812, altitude: 82.0 m.
*
    * Column  Daily value
    * 1       station number
    * 2       year
    * 3       day
    * 4       irradiation                   (kJ m-2 d-1)
    * 5       minimum temperature           (degrees Celsius
    * 6       maximum temperature           (degrees Celsius)
    * 7       early morning vapour pressure (kPa)
    * 8       mean wind speed (height: 2 m) (m s-1)
    * 9       precipitation                 (mm d-1)
    *
** WCCDESCRIPTION=Potsdam, Germany
** WCCFORMAT=2
** WCCYEARNR=1982
*---------------------------------------------------------------------------*
   13.0622 52.3812 82.0 -0.18 -0.55
3987 1982 1 1800.00 0.90 4.80 0.70 3.00 1.70
3987 1982 2 700.00 1.20 3.80 0.69 3.90 4.50
3987 1982 3 1060.00 2.70 9.60 0.89 6.60 0.80
3987 1982 4 740.00 6.20 9.40 0.91 6.90 2.30
3987 1982 5 800.00 4.70 9.20 0.91 6.00 11.90
3987 1982 6 1390.00 -7.80 6.80 0.48 8.80 1.20
3987 1982 7 3470.00 -9.60 -5.90 0.26 5.60 0.00
3987 1982 8 3820.00 -13.60 -5.90 0.24 1.70 0.00
3987 1982 9 2530.00 -12.60 -7.70 0.21 4.20 0.00
3987 1982 10 4150.00 -17.40 -7.40 0.18 3.10 0.00
3987 1982 11 4220.00 -15.40 -5.30 0.22 2.60 0.00
3987 1982 12 1570.00 -7.20 -5.10 0.33 1.60 0.00
3987 1982 13 2440.00 -9.00 -6.10 0.29 1.20 0.00
3987 1982 14 4140.00 -13.50 -4.50 0.24 3.40 0.00
3987 1982 15 4210.00 -12.40 -1.50 0.27 4.20 0.00
3987 1982 16 4040.00 -9.40 -0.90 0.30 4.30 0.00
3987 1982 17 3700.00 -11.10 -3.80 0.27 3.40 0.00
3987 1982 18 2870.00 -10.50 -3.50 0.31 4.00 0.00
3987 1982 19 3230.00 -8.60 -1.30 0.34 3.50 0.00
3987 1982 20 3970.00 -9.80 -1.70 0.33 4.00 0.00
3987 1982 21 1590.00 -9.70 -4.00 0.31 1.30 0.00
3987 1982 22 760.00 -8.00 -2.00 0.44 0.00 0.00
3987 1982 23 1140.00 -2.00 -0.70 0.54 0.10 0.00
3987 1982 24 1190.00 -2.40 -0.50 0.54 0.30 0.20
3987 1982 25 1000.00 -1.20 1.10 0.59 3.10 2.00
3987 1982 26 1280.00 0.00 3.00 0.61 7.60 0.00
3987 1982 27 1340.00 1.90 4.40 0.65 4.10 0.40
3987 1982 28 1860.00 -4.00 2.70 0.49 5.80 4.80
3987 1982 29 1500.00 0.20 4.20 0.65 7.30 6.20
3987 1982 30 710.00 1.50 7.60 0.84 9.00 6.10
3987 1982 31 5660.00 0.40 6.10 0.55 7.50 0.00
3987 1982 32 6690.00 -4.00 0.80 0.41 2.20 0.00
3987 1982 33 5790.00 -6.60 1.20 0.38 2.00 0.00
3987 1982 34 4210.00 -6.40 -1.40 0.35 4.80 0.00
3987 1982 35 5890.00 -6.60 -1.00 0.35 4.80 0.00
3987 1982 36 6370.00 -8.10 3.10 0.38 4.00 0.00
3987 1982 37 2030.00 -5.00 4.20 0.59 4.90 1.60
3987 1982 38 3780.00 2.40 7.40 0.76 4.20 0.80
3987 1982 39 1150.00 1.70 5.40 0.74 4.50 2.10
3987 1982 40 4400.00 -0.10 6.50 0.61 3.90 0.00
3987 1982 41 7080.00 -0.40 9.30 0.61 3.80 0.00
3987 1982 42 6570.00 1.00 11.20 0.61 4.10 0.00
3987 1982 43 4040.00 1.60 8.00 0.67 4.00 0.00
3987 1982 44 3890.00 -0.60 4.80 0.62 4.00 0.00
3987 1982 45 7080.00 -1.00 5.50 0.55 3.70 0.00
3987 1982 46 840.00 -2.50 1.20 0.52 0.70 0.00
3987 1982 47 1690.00 -2.20 1.10 0.50 2.00 0.00
3987 1982 48 5660.00 -2.20 5.50 0.51 3.50 0.00
3987 1982 49 7070.00 -3.10 1.90 0.39 6.00 0.00
3987 1982 50 5350.00 -2.90 0.60 0.32 5.80 0.00
3987 1982 51 10350.00 -6.60 3.20 0.32 3.80 0.00
3987 1982 52 10490.00 -5.70 4.30 0.35 2.00 0.00
3987 1982 53 10260.00 -6.00 4.40 0.34 4.30 0.00
3987 1982 54 7360.00 -4.20 2.40 0.38 4.20 0.00
3987 1982 55 5440.00 -7.00 1.20 0.39 0.80 0.00
3987 1982 56 5730.00 -8.40 0.00 0.40 1.00 0.00
3987 1982 57 3030.00 -5.50 -1.70 0.41 0.50 0.00
3987 1982 58 7110.00 -4.40 1.80 0.40 2.30 0.00
3987 1982 59 2970.00 -2.10 6.10 0.53 3.70 12.10
3987 1982 60 2580.00 3.80 9.80 0.87 6.40 3.60
3987 1982 61 5430.00 2.30 8.30 0.66 6.90 0.40
3987 1982 62 1830.00 1.30 8.80 0.73 7.00 10.10
3987 1982 63 5280.00 3.70 9.90 0.67 9.10 0.00
3987 1982 64 5560.00 0.20 6.50 0.52 6.90 0.00
3987 1982 65 12640.00 -3.30 7.20 0.40 2.90 0.00
3987 1982 66 13060.00 -4.00 6.40 0.36 6.30 0.00
3987 1982 67 11900.00 -2.50 11.00 0.40 6.10 0.00
3987 1982 68 9580.00 -1.30 10.80 0.55 3.50 0.00
3987 1982 69 8040.00 -0.20 11.80 0.58 7.20 2.10
3987 1982 70 2620.00 1.50 7.00 0.65 7.80 4.10
3987 1982 71 9350.00 -0.60 8.70 0.58 6.50 1.60
3987 1982 72 8620.00 0.20 8.10 0.56 6.10 2.10
3987 1982 73 8310.00 -0.50 8.80 0.62 5.20 0.90
3987 1982 74 11510.00 3.60 12.40 0.60 5.40 0.00
3987 1982 75 6760.00 2.50 11.70 0.59 6.20 2.10
3987 1982 76 2360.00 1.10 6.60 0.68 3.50 3.10
3987 1982 77 10460.00 -0.20 9.10 0.65 2.30 0.00
3987 1982 78 3950.00 2.90 6.80 0.70 2.30 1.50
3987 1982 79 4410.00 0.30 5.30 0.64 2.40 0.00
3987 1982 80 6450.00 0.40 7.60 0.66 3.30 0.00
3987 1982 81 9310.00 2.60 11.10 0.65 2.70 0.00
3987 1982 82 13630.00 -1.20 11.20 0.46 2.80 0.00
3987 1982 83 14060.00 -2.40 11.60 0.49 2.00 0.00
3987 1982 84 11610.00 0.50 12.90 0.62 3.50 0.00
3987 1982 85 15440.00 0.90 16.60 0.61 4.40 0.00
3987 1982 86 16130.00 2.90 19.30 0.57 2.60 0.00
3987 1982 87 11690.00 4.20 17.90 0.68 3.80 0.00
3987 1982 88 11750.00 3.70 13.30 0.74 4.00 0.00
3987 1982 89 10310.00 1.50 9.60 0.66 3.60 0.00
3987 1982 90 14950.00 1.20 10.10 0.53 3.00 0.00
3987 1982 91 17760.00 0.00 15.80 0.59 4.10 0.00
3987 1982 92 16860.00 2.30 20.40 0.70 4.80 0.00
3987 1982 93 2850.00 7.40 14.80 0.83 6.00 0.00
3987 1982 94 18260.00 2.00 15.70 0.65 3.90 0.00
3987 1982 95 17590.00 3.30 18.60 0.64 3.70 0.00
3987 1982 96 14490.00 3.90 22.10 0.73 3.60 0.00
3987 1982 97 12890.00 8.00 17.90 1.00 5.80 1.90
3987 1982 98 4560.00 4.80 11.70 0.81 8.50 2.40
3987 1982 99 10430.00 0.40 7.80 0.54 10.60 0.90
3987 1982 100 11940.00 0.50 7.60 0.59 7.10 1.90
3987 1982 101 10030.00 1.40 6.10 0.56 8.20 0.50
3987 1982 102 12410.00 0.60 8.10 0.55 7.80 1.40
3987 1982 103 12630.00 0.70 8.90 0.59 4.00 1.80
3987 1982 104 20150.00 -1.60 11.30 0.48 2.50 0.00
3987 1982 105 18610.00 1.00 14.40 0.57 2.20 0.00
3987 1982 106 17330.00 3.60 15.70 0.67 2.30 0.00
3987 1982 107 9480.00 4.50 13.00 0.70 4.70 0.00
3987 1982 108 14370.00 0.60 12.50 0.52 4.30 0.00
3987 1982 109 12030.00 0.60 11.90 0.55 2.50 0.00
3987 1982 110 17660.00 0.60 12.10 0.46 2.60 0.00
3987 1982 111 11770.00 1.90 12.60 0.53 2.30 0.00
3987 1982 112 21300.00 -0.90 13.40 0.47 2.90 0.00
3987 1982 113 23200.00 0.80 14.20 0.47 2.70 0.00
3987 1982 114 23200.00 1.90 14.90 0.47 3.50 0.00
3987 1982 115 16660.00 1.10 15.50 0.63 3.80 0.00
3987 1982 116 12450.00 5.70 14.60 0.70 7.00 0.30
3987 1982 117 23500.00 1.00 14.10 0.47 3.90 0.00
3987 1982 118 6850.00 0.70 13.20 0.70 6.00 0.00
3987 1982 119 9800.00 1.60 11.40 0.68 5.20 3.70
3987 1982 120 17480.00 0.80 11.00 0.55 6.10 0.60
3987 1982 121 6940.00 2.60 12.90 0.84 6.50 4.30
3987 1982 122 15240.00 0.90 10.70 0.65 6.40 1.30
3987 1982 123 13050.00 1.50 16.60 0.67 5.80 0.00
3987 1982 124 14770.00 4.20 18.10 0.86 3.80 0.00
3987 1982 125 15400.00 8.90 19.60 1.02 4.30 6.90
3987 1982 126 6080.00 5.10 11.10 0.77 2.90 16.40
3987 1982 127 7540.00 3.30 11.40 0.81 4.10 3.90
3987 1982 128 19530.00 2.50 16.10 0.69 4.70 0.00
3987 1982 129 21200.00 5.60 17.90 0.77 3.00 0.00
3987 1982 130 23050.00 4.90 18.00 0.78 2.60 0.00
3987 1982 131 10860.00 8.90 16.50 0.71 3.50 0.00
3987 1982 132 26200.00 5.20 16.90 0.69 2.50 0.00
3987 1982 133 25700.00 4.40 19.10 0.79 3.30 0.00
3987 1982 134 25960.00 6.40 20.70 0.84 2.00 0.00
3987 1982 135 27850.00 7.20 23.00 0.70 3.60 0.00
3987 1982 136 26730.00 9.50 27.10 0.99 3.70 0.00
3987 1982 137 20930.00 11.50 27.90 1.23 4.20 0.20
3987 1982 138 19260.00 14.30 23.30 1.47 2.80 0.10
3987 1982 139 11420.00 14.20 20.00 1.40 3.80 0.10
3987 1982 140 20270.00 8.50 21.20 1.08 2.10 1.40
3987 1982 141 11360.00 11.30 19.80 1.32 1.70 0.80
3987 1982 142 8140.00 13.20 17.50 1.55 1.50 7.00
3987 1982 143 16320.00 12.10 21.20 1.43 3.30 2.00
3987 1982 144 10870.00 9.90 15.60 1.24 2.60 5.00
3987 1982 145 19750.00 8.90 20.20 1.13 3.90 0.00
3987 1982 146 27030.00 10.40 26.10 1.14 3.80 0.00
3987 1982 147 26140.00 11.60 28.00 1.32 4.40 0.00
3987 1982 148 7690.00 11.70 24.70 1.32 4.60 2.00
3987 1982 149 21930.00 9.40 18.90 1.00 3.50 0.00
3987 1982 150 28440.00 8.80 22.40 0.95 3.30 0.00
3987 1982 151 29520.00 9.50 26.70 1.03 4.50 0.00
3987 1982 152 28400.00 12.50 30.70 1.26 3.50 0.00
3987 1982 153 25980.00 16.00 32.00 1.35 3.30 0.00
3987 1982 154 25450.00 18.00 32.50 1.50 4.00 0.00
3987 1982 155 24940.00 19.10 33.80 1.51 3.70 0.00
3987 1982 156 23160.00 19.00 34.10 1.53 2.50 0.00
3987 1982 157 22600.00 18.20 28.70 1.68 4.20 0.00
3987 1982 158 15990.00 14.90 25.40 1.30 3.20 0.00
3987 1982 159 24890.00 8.50 26.70 1.20 4.00 0.00
3987 1982 160 11680.00 12.00 23.80 1.17 3.80 0.00
3987 1982 161 18960.00 12.80 20.10 1.06 3.00 0.00
3987 1982 162 16470.00 8.50 23.00 1.18 4.90 12.40
3987 1982 163 19770.00 14.40 22.00 1.33 5.20 0.20
3987 1982 164 14470.00 9.70 17.10 1.07 6.40 4.20
3987 1982 165 24120.00 8.80 16.90 0.80 7.80 0.70
3987 1982 166 12290.00 8.70 15.70 1.10 5.10 2.30
3987 1982 167 9280.00 7.00 14.90 1.12 2.20 2.80
3987 1982 168 17070.00 6.30 16.20 1.02 4.00 0.00
3987 1982 169 23180.00 6.70 19.80 1.01 1.60 0.00
3987 1982 170 15740.00 12.20 20.90 1.40 3.90 4.30
3987 1982 171 14390.00 12.30 18.80 1.37 5.00 0.10
3987 1982 172 18680.00 10.70 19.20 1.31 2.50 0.00
3987 1982 173 25810.00 9.60 23.10 1.24 2.10 1.40
3987 1982 174 17530.00 14.10 23.60 1.59 5.60 1.90
3987 1982 175 14030.00 11.60 20.80 1.53 5.10 8.80
3987 1982 176 18980.00 12.50 22.00 1.50 2.50 0.20
3987 1982 177 10560.00 15.00 24.80 1.76 3.00 0.00
3987 1982 178 9620.00 14.10 21.00 1.69 1.60 21.30
3987 1982 179 15130.00 11.90 20.80 1.46 4.70 5.30
3987 1982 180 19230.00 11.50 20.40 1.32 6.90 0.50
3987 1982 181 14750.00 10.60 18.60 1.31 7.00 1.30
3987 1982 182 26200.00 9.90 20.60 1.21 5.70 0.10
3987 1982 183 16180.00 12.40 24.70 1.54 2.30 0.00
3987 1982 184 15660.00 14.70 28.60 1.98 4.00 20.40
3987 1982 185 18220.00 13.10 20.00 1.39 6.50 0.50
3987 1982 186 15730.00 10.80 19.30 1.22 5.80 0.50
3987 1982 187 17940.00 9.40 20.40 1.24 2.80 3.20
3987 1982 188 21220.00 11.20 20.80 1.36 2.90 0.00
3987 1982 189 30210.00 11.30 24.10 1.20 2.70 0.00
3987 1982 190 28300.00 12.80 26.20 1.42 1.50 0.00
3987 1982 191 28490.00 14.40 28.40 1.51 3.30 0.00
3987 1982 192 27550.00 16.10 29.50 1.65 3.20 0.00
3987 1982 193 21790.00 14.30 27.80 1.92 3.40 0.00
3987 1982 194 22380.00 16.40 29.60 1.88 2.80 0.00
3987 1982 195 22080.00 17.30 30.40 2.05 2.10 0.00
3987 1982 196 25800.00 17.80 33.00 1.75 3.80 0.00
3987 1982 197 23260.00 17.10 29.70 1.84 2.10 0.40
3987 1982 198 13190.00 17.10 24.20 1.81 3.40 8.40
3987 1982 199 22710.00 12.90 24.00 1.28 3.10 0.00
3987 1982 200 24490.00 12.90 25.60 1.37 2.30 0.00
3987 1982 201 25230.00 14.90 28.80 1.62 2.80 0.00
3987 1982 202 22870.00 17.10 29.00 1.69 2.50 0.00
3987 1982 203 28350.00 12.90 26.60 1.34 3.20 0.00
3987 1982 204 23390.00 14.20 27.10 1.47 1.80 0.00
3987 1982 205 22370.00 13.70 29.30 1.40 2.70 0.00
3987 1982 206 22750.00 16.60 29.00 1.51 3.10 0.00
3987 1982 207 14730.00 14.30 25.20 1.31 4.00 0.30
3987 1982 208 24760.00 10.80 22.40 1.10 3.10 0.00
3987 1982 209 19340.00 12.90 27.00 1.43 3.30 0.00
3987 1982 210 26040.00 11.40 29.00 1.19 3.10 0.00
3987 1982 211 27490.00 11.60 28.90 1.19 4.00 0.00
3987 1982 212 26790.00 14.00 30.30 1.31 4.60 0.00
3987 1982 213 27450.00 15.50 30.70 1.28 4.10 0.00
3987 1982 214 26780.00 16.50 29.70 1.21 4.50 0.00
3987 1982 215 23430.00 16.00 31.20 1.34 4.90 0.00
3987 1982 216 18440.00 19.10 31.10 1.61 4.30 0.00
3987 1982 217 20740.00 16.80 31.80 1.69 3.50 0.00
3987 1982 218 13980.00 18.20 28.10 1.86 3.20 0.00
3987 1982 219 18890.00 15.50 28.80 1.81 2.00 0.00
3987 1982 220 17910.00 17.50 30.20 1.85 2.50 0.50
3987 1982 221 14980.00 17.00 25.90 1.67 3.60 0.00
3987 1982 222 10120.00 16.70 23.50 1.60 4.30 0.70
3987 1982 223 21460.00 10.80 23.90 1.12 3.20 0.00
3987 1982 224 22630.00 12.10 30.70 1.23 4.60 0.00
3987 1982 225 17260.00 16.20 28.30 1.41 3.20 0.10
3987 1982 226 16570.00 15.40 22.70 1.17 5.00 0.20
3987 1982 227 17180.00 11.20 26.90 1.12 3.50 7.20
3987 1982 228 21350.00 14.60 24.60 1.44 3.90 0.00
3987 1982 229 13720.00 15.30 23.90 1.31 3.80 0.20
3987 1982 230 19520.00 11.50 25.00 1.27 4.70 0.00
3987 1982 231 15700.00 17.50 22.70 1.14 5.70 0.00
3987 1982 232 14930.00 11.40 21.00 0.94 5.60 0.00
3987 1982 233 10730.00 9.40 19.70 1.01 7.30 0.00
3987 1982 234 11650.00 11.90 20.00 1.14 5.10 0.00
3987 1982 235 14460.00 11.60 24.10 1.22 4.10 0.00
3987 1982 236 16720.00 13.50 21.60 1.14 3.70 0.00
3987 1982 237 7970.00 12.60 21.10 1.21 4.50 0.30
3987 1982 238 17150.00 11.70 26.70 1.28 4.40 2.70
3987 1982 239 12850.00 14.40 23.00 1.45 3.60 1.70
3987 1982 240 15030.00 9.50 23.10 1.17 2.30 0.00
3987 1982 241 20250.00 9.40 22.40 1.10 2.40 0.00
3987 1982 242 18060.00 9.40 25.90 1.02 4.20 0.00
3987 1982 243 12830.00 13.40 22.40 1.25 2.80 0.00
3987 1982 244 11390.00 10.80 20.00 1.15 4.50 0.00
3987 1982 245 10360.00 13.00 18.90 1.06 4.50 0.00
3987 1982 246 18460.00 9.10 20.90 0.97 5.70 0.00
3987 1982 247 15780.00 11.60 26.10 0.89 4.30 0.00
3987 1982 248 14420.00 10.50 22.60 1.23 2.90 3.50
3987 1982 249 12440.00 13.70 27.80 1.70 4.80 3.40
3987 1982 250 8870.00 14.70 20.10 1.59 3.00 0.00
3987 1982 251 13340.00 12.90 22.50 1.31 4.80 0.00
3987 1982 252 13650.00 11.40 20.70 1.19 2.40 0.00
3987 1982 253 18320.00 8.60 24.00 1.09 3.90 0.00
3987 1982 254 16050.00 9.90 27.90 1.37 3.00 0.00
3987 1982 255 15800.00 11.80 22.10 1.41 1.80 0.00
3987 1982 256 11560.00 12.20 24.00 1.53 3.80 0.00
3987 1982 257 16510.00 11.10 21.30 1.30 1.90 0.00
3987 1982 258 15000.00 9.90 26.60 1.35 3.40 0.00
3987 1982 259 13640.00 14.30 27.80 1.59 2.60 0.00
3987 1982 260 11890.00 14.30 25.80 1.72 3.30 0.00
3987 1982 261 11940.00 13.40 27.30 1.55 3.50 0.00
3987 1982 262 11920.00 12.00 26.10 1.49 2.70 0.00
3987 1982 263 13600.00 12.60 29.30 1.50 4.00 0.00
3987 1982 264 12790.00 16.90 27.60 1.53 6.00 0.60
3987 1982 265 10950.00 11.30 22.90 1.09 4.20 0.00
3987 1982 266 6910.00 9.00 18.20 0.92 1.80 0.00
3987 1982 267 11568.70 7.50 19.70 1.05 3.70 0.00
3987 1982 268 12830.00 7.00 23.30 1.09 5.20 0.00
3987 1982 269 14130.00 10.50 26.80 1.38 4.80 0.50
3987 1982 270 8100.00 11.70 20.50 1.28 3.00 0.00
3987 1982 271 11620.00 8.50 22.00 1.19 3.30 0.00
3987 1982 272 11550.00 8.90 24.10 1.21 3.00 0.00
3987 1982 273 11850.00 7.90 23.10 1.18 4.70 0.00
3987 1982 274 9700.00 10.90 22.00 1.35 2.80 0.00
3987 1982 275 9800.00 9.90 21.90 1.26 3.70 0.00
3987 1982 276 12980.00 7.70 19.80 0.90 6.20 0.00
3987 1982 277 12660.00 4.50 17.10 0.86 5.50 0.00
3987 1982 278 11180.00 8.40 20.80 1.04 5.70 3.70
3987 1982 279 4880.00 10.90 17.00 1.25 5.20 5.60
3987 1982 280 2230.00 8.70 15.40 1.08 6.80 6.90
3987 1982 281 5600.00 8.00 15.10 1.15 5.60 0.00
3987 1982 282 5880.00 8.30 14.80 1.08 3.70 0.00
3987 1982 283 8540.00 6.40 16.10 1.08 3.00 0.50
3987 1982 284 7150.00 6.00 14.10 1.07 3.40 1.40
3987 1982 285 2590.00 7.10 12.10 1.14 4.30 3.10
3987 1982 286 1940.00 7.40 11.60 1.17 4.40 7.60
3987 1982 287 5200.00 6.80 13.90 1.10 5.90 0.80
3987 1982 288 1520.00 8.40 12.30 1.07 8.00 8.20
3987 1982 289 4760.00 8.20 12.70 1.06 3.60 0.00
3987 1982 290 7910.00 1.60 13.40 0.88 4.40 0.80
3987 1982 291 8040.00 6.80 15.80 1.11 3.60 0.00
3987 1982 292 1200.00 6.90 10.30 1.06 3.70 5.40
3987 1982 293 6780.00 6.90 15.10 1.06 4.80 0.00
3987 1982 294 4320.00 10.20 15.90 1.18 3.50 0.00
3987 1982 295 6890.00 5.40 16.70 1.03 4.30 0.00
3987 1982 296 6940.00 4.90 15.80 1.08 3.50 0.00
3987 1982 297 1030.00 8.20 12.50 1.17 4.10 1.70
3987 1982 298 4120.00 2.50 8.70 0.89 2.40 0.00
3987 1982 299 6970.00 1.40 13.30 0.86 3.50 0.00
3987 1982 300 1570.00 4.40 12.70 1.08 2.80 0.00
3987 1982 301 2510.00 8.80 12.90 1.17 2.90 0.00
3987 1982 302 5730.00 8.40 15.00 1.05 4.80 0.00
3987 1982 303 3400.00 3.90 10.00 0.94 2.50 0.00
3987 1982 304 3950.00 4.80 10.00 0.88 2.80 0.00
3987 1982 305 3220.00 2.50 13.80 0.94 4.30 0.00
3987 1982 306 3150.00 11.10 15.00 1.23 4.60 0.00
3987 1982 307 1350.00 10.40 12.80 1.23 0.90 1.20
3987 1982 308 5300.00 6.60 12.30 0.99 1.70 0.00
3987 1982 309 7240.00 0.10 7.30 0.55 4.20 0.00
3987 1982 310 6960.00 -3.80 6.40 0.42 5.90 0.00
3987 1982 311 6600.00 -3.10 6.00 0.37 6.60 0.00
3987 1982 312 3900.00 -1.00 8.30 0.47 5.60 0.00
3987 1982 313 2750.00 6.90 13.40 0.82 6.10 0.00
3987 1982 314 3940.00 7.80 15.20 1.01 5.10 0.00
3987 1982 315 5410.00 7.40 14.60 0.96 4.80 0.00
3987 1982 316 5300.00 3.40 13.80 0.86 5.00 4.30
3987 1982 317 2650.00 5.20 10.60 0.92 5.60 0.50
3987 1982 318 4980.00 1.00 9.00 0.72 4.30 0.00
3987 1982 319 2790.00 -2.10 5.10 0.62 2.80 0.00
3987 1982 320 3550.00 -0.60 5.10 0.62 5.40 6.90
3987 1982 321 3000.00 0.80 6.20 0.69 6.20 3.10
3987 1982 322 610.00 2.90 8.20 0.89 6.30 7.10
3987 1982 323 2510.00 6.90 10.70 0.84 7.70 2.40
3987 1982 324 2070.00 3.40 8.80 0.73 8.80 2.00
3987 1982 325 3880.00 1.10 8.00 0.75 5.40 0.00
3987 1982 326 1940.00 3.70 10.60 0.77 6.50 0.20
3987 1982 327 2280.00 5.30 11.70 0.98 5.20 0.00
3987 1982 328 1310.00 8.70 14.50 0.77 7.10 0.00
3987 1982 329 4150.00 2.00 9.60 0.70 5.90 0.00
3987 1982 330 2770.00 2.80 9.40 0.74 5.00 0.00
3987 1982 331 1170.00 0.70 6.90 0.71 3.30 0.00
3987 1982 332 1070.00 2.40 6.10 0.76 3.30 1.50
3987 1982 333 1230.00 0.10 2.40 0.64 2.30 0.00
3987 1982 334 710.00 0.90 3.50 0.67 1.10 0.00
3987 1982 335 3110.00 0.20 3.80 0.54 4.80 0.00
3987 1982 336 3140.00 -2.90 2.60 0.50 6.50 0.00
3987 1982 337 730.00 -1.40 0.60 0.52 5.10 0.00
3987 1982 338 730.00 -2.60 -0.80 0.51 2.00 0.00
3987 1982 339 680.00 -2.00 1.20 0.56 3.00 3.10
3987 1982 340 530.00 0.10 4.10 0.70 4.50 2.80
3987 1982 341 1020.00 1.00 4.00 0.63 3.20 3.60
3987 1982 342 770.00 1.50 10.50 0.90 5.00 0.40
3987 1982 343 1252.48 4.20 8.30 0.84 5.70 2.00
3987 1982 344 1130.00 3.90 10.90 0.83 7.10 0.60
3987 1982 345 1980.00 0.90 7.90 0.66 6.60 0.80
3987 1982 346 2480.00 -0.20 5.30 0.62 5.10 0.00
3987 1982 347 2540.00 -3.70 0.60 0.51 1.80 0.00
3987 1982 348 640.00 -2.60 0.50 0.52 2.30 0.00
3987 1982 349 410.00 -2.60 5.50 0.64 9.60 6.90
3987 1982 350 1580.00 5.10 12.00 0.71 11.50 1.20
3987 1982 351 2640.00 1.30 5.30 0.55 5.70 0.00
3987 1982 352 1050.00 -0.30 3.20 0.55 2.50 0.00
3987 1982 353 2150.00 -0.30 3.00 0.53 4.80 1.70
3987 1982 354 990.00 -0.50 6.80 0.66 6.70 7.40
3987 1982 355 2370.00 2.30 6.50 0.60 7.10 0.00
3987 1982 356 2500.00 2.70 6.50 0.62 4.30 0.00
3987 1982 357 500.00 -0.20 3.70 0.60 2.00 3.80
3987 1982 358 980.00 -3.10 -0.20 0.50 3.10 2.70
3987 1982 359 570.00 -0.50 2.90 0.63 3.30 0.00
3987 1982 360 850.00 -0.60 4.30 0.68 3.40 0.60
3987 1982 361 650.00 4.30 8.00 0.78 6.90 2.70
3987 1982 362 930.00 2.20 5.70 0.64 9.40 0.70
3987 1982 363 2970.00 -0.80 4.10 0.54 5.40 0.00
3987 1982 364 1690.00 -2.10 1.10 0.54 2.80 0.00
3987 1982 365 3000.00 -1.60 2.30 0.55 3.60 1.10
