*---------------------------------------------------------------------------*
* Station name: Potsdam Saekularstation
* Year: 1974
* Author: Pedro Alencar                                   -999.000: NIL VALUE
* Source: DWD
* Comments: Gaps filled with interpolation and storical means
* Longitude: 13.0622, latitude: 52.3812, altitude: 82.0 m.
*
    * Column  Daily value
    * 1       station number
    * 2       year
    * 3       day
    * 4       irradiation                   (kJ m-2 d-1)
    * 5       minimum temperature           (degrees Celsius
    * 6       maximum temperature           (degrees Celsius)
    * 7       early morning vapour pressure (kPa)
    * 8       mean wind speed (height: 2 m) (m s-1)
    * 9       precipitation                 (mm d-1)
    *
** WCCDESCRIPTION=Potsdam, Germany
** WCCFORMAT=2
** WCCYEARNR=1974
*---------------------------------------------------------------------------*
   13.0622 52.3812 82.0 -0.18 -0.55
3987 1974 1 900.00 -2.60 -0.40 0.53 2.70 0.00
3987 1974 2 1020.00 -3.10 -0.70 0.52 5.50 1.80
3987 1974 3 950.00 -1.00 2.10 0.61 3.30 0.00
3987 1974 4 820.00 -0.70 2.10 0.60 3.70 0.00
3987 1974 5 3260.00 -1.30 3.50 0.57 5.00 0.00
3987 1974 6 2360.00 -3.10 0.90 0.54 5.10 2.00
3987 1974 7 860.00 -1.00 1.00 0.60 5.20 9.80
3987 1974 8 1030.00 -0.10 4.00 0.67 3.70 0.00
3987 1974 9 1560.00 -0.10 3.10 0.64 5.30 0.00
3987 1974 10 2950.00 -1.50 1.80 0.53 5.30 0.00
3987 1974 11 1290.00 -1.50 5.00 0.61 7.60 0.40
3987 1974 12 2260.00 1.20 6.40 0.70 5.80 0.00
3987 1974 13 2620.00 0.80 8.00 0.63 6.00 0.00
3987 1974 14 2740.00 2.40 10.00 0.73 6.50 1.40
3987 1974 15 850.00 4.20 10.60 1.00 8.10 1.70
3987 1974 16 3400.00 3.60 11.60 0.70 7.80 6.50
3987 1974 17 650.00 4.00 8.70 0.74 12.90 2.40
3987 1974 18 730.00 2.40 7.90 0.87 6.10 6.10
3987 1974 19 340.00 7.40 8.60 1.04 11.80 2.20
3987 1974 20 1540.00 6.20 8.00 0.87 9.50 0.00
3987 1974 21 2010.00 2.90 6.70 0.67 4.10 0.00
3987 1974 22 520.00 0.10 3.00 0.58 2.20 0.60
3987 1974 23 1540.00 -0.20 1.80 0.59 3.50 0.00
3987 1974 24 1810.00 0.50 7.10 0.79 6.50 2.40
3987 1974 25 1720.00 4.30 6.40 0.79 5.60 0.00
3987 1974 26 4290.00 1.10 8.10 0.71 4.60 0.00
3987 1974 27 3310.00 -1.00 5.40 0.66 5.20 0.40
3987 1974 28 4540.00 0.00 7.40 0.65 5.30 0.20
3987 1974 29 1380.00 3.30 6.80 0.67 5.80 1.00
3987 1974 30 5600.00 -0.40 8.00 0.64 5.10 0.00
3987 1974 31 4660.00 -0.60 8.50 0.68 5.20 0.10
3987 1974 32 4240.00 1.10 10.00 0.74 4.60 0.00
3987 1974 33 2830.00 0.20 8.20 0.70 5.50 0.00
3987 1974 34 3180.00 -1.30 6.00 0.65 3.20 0.00
3987 1974 35 1970.00 -0.70 3.30 0.62 1.50 0.00
3987 1974 36 1760.00 -3.30 0.20 0.53 4.30 1.90
3987 1974 37 1110.00 -1.80 3.60 0.67 4.40 22.00
3987 1974 38 1120.00 -0.10 3.50 0.61 8.70 3.30
3987 1974 39 2230.00 0.30 3.60 0.54 10.30 3.40
3987 1974 40 1540.00 0.20 8.30 0.85 8.90 3.60
3987 1974 41 3430.00 7.00 10.70 0.80 9.80 0.00
3987 1974 42 3460.00 5.90 14.00 0.75 8.30 0.00
3987 1974 43 2530.00 8.60 13.10 0.76 7.00 0.00
3987 1974 44 1540.00 3.70 9.90 0.83 3.70 0.00
3987 1974 45 1930.00 1.30 8.10 0.76 3.40 0.00
3987 1974 46 2440.00 -0.30 8.90 0.72 4.30 0.00
3987 1974 47 1580.00 2.80 6.30 0.80 4.10 0.00
3987 1974 48 3210.00 3.00 8.40 0.81 3.70 0.00
3987 1974 49 470.00 3.40 6.70 0.80 2.60 0.00
3987 1974 50 620.00 2.10 3.50 0.66 6.30 0.00
3987 1974 51 6760.00 -3.50 4.30 0.45 3.50 0.00
3987 1974 52 2670.00 -2.90 4.10 0.53 4.50 3.30
3987 1974 53 600.00 1.70 5.40 0.80 3.30 14.30
3987 1974 54 1920.00 3.10 5.70 0.81 4.20 5.70
3987 1974 55 2880.00 0.10 4.10 0.64 3.70 0.00
3987 1974 56 2640.00 1.10 3.30 0.59 4.10 0.10
3987 1974 57 3120.00 -0.40 1.70 0.45 5.00 0.00
3987 1974 58 10710.00 -4.30 4.30 0.39 6.30 0.00
3987 1974 59 8820.00 -3.60 5.40 0.38 7.80 0.00
3987 1974 60 9670.00 -2.90 6.50 0.42 6.60 0.00
3987 1974 61 6190.00 -3.00 8.70 0.49 6.00 0.00
3987 1974 62 6940.00 -0.50 7.70 0.60 4.00 0.20
3987 1974 63 5390.00 -1.60 8.20 0.53 7.90 0.00
3987 1974 64 3810.00 2.60 10.20 0.59 7.50 0.00
3987 1974 65 3090.00 -1.10 7.90 0.51 6.10 0.00
3987 1974 66 10140.00 0.80 7.40 0.48 4.80 0.00
3987 1974 67 3770.00 -0.40 2.90 0.47 6.40 0.00
3987 1974 68 9680.00 -2.00 5.70 0.42 7.40 0.00
3987 1974 69 6420.00 -1.90 5.30 0.42 6.20 0.00
3987 1974 70 8730.00 -2.20 7.60 0.51 6.30 0.00
3987 1974 71 10820.00 -2.90 12.30 0.55 5.40 0.00
3987 1974 72 11200.00 -1.50 10.10 0.54 3.50 0.00
3987 1974 73 8340.00 1.20 9.50 0.51 1.40 0.00
3987 1974 74 9730.00 -1.30 7.50 0.60 3.30 0.00
3987 1974 75 2560.00 -1.10 6.00 0.70 6.80 5.70
3987 1974 76 5450.00 5.90 11.20 0.80 8.20 3.30
3987 1974 77 2910.00 4.40 14.00 0.92 7.40 2.30
3987 1974 78 12020.00 3.50 13.40 0.72 4.60 1.40
3987 1974 79 9580.00 6.20 17.50 1.00 3.80 0.50
3987 1974 80 5740.00 7.10 13.60 0.93 4.60 0.00
3987 1974 81 10960.00 1.60 12.40 0.76 5.90 0.00
3987 1974 82 12160.00 5.60 12.50 0.69 11.80 0.00
3987 1974 83 12670.00 2.40 14.00 0.58 10.40 0.00
3987 1974 84 13390.00 2.60 13.60 0.59 9.00 0.00
3987 1974 85 13060.00 2.80 16.40 0.63 8.50 0.00
3987 1974 86 12880.00 4.30 17.60 0.57 7.00 0.00
3987 1974 87 15930.00 3.00 18.10 0.49 6.80 0.00
3987 1974 88 10950.00 3.90 16.80 0.63 4.40 0.00
3987 1974 89 11940.00 5.70 19.30 0.83 2.50 0.00
3987 1974 90 10820.00 2.70 16.20 0.85 3.50 0.10
3987 1974 91 12440.00 7.00 16.80 0.66 5.80 0.00
3987 1974 92 10650.00 6.10 17.00 0.76 4.60 0.00
3987 1974 93 15020.00 6.40 19.00 0.74 4.00 0.00
3987 1974 94 12990.00 5.70 17.70 0.64 5.00 0.00
3987 1974 95 16900.00 2.20 16.20 0.56 5.10 0.00
3987 1974 96 13810.00 3.30 15.90 0.65 4.10 0.00
3987 1974 97 17590.00 2.60 19.60 0.66 3.40 0.00
3987 1974 98 20120.00 -0.20 18.50 0.61 3.20 0.00
3987 1974 99 19870.00 4.70 20.80 0.68 4.80 0.00
3987 1974 100 19440.00 4.40 22.40 0.70 2.90 0.00
3987 1974 101 16700.00 7.70 23.40 0.65 3.40 0.00
3987 1974 102 11550.00 3.40 18.40 0.62 6.10 0.00
3987 1974 103 21480.00 -1.60 11.40 0.33 5.90 0.00
3987 1974 104 21600.00 -1.60 12.50 0.32 3.70 0.00
3987 1974 105 5480.00 2.00 8.70 0.67 4.80 6.10
3987 1974 106 11420.00 3.00 9.90 0.59 5.90 0.00
3987 1974 107 11950.00 -1.00 11.70 0.54 3.90 0.00
3987 1974 108 19700.00 -2.60 12.80 0.46 2.90 0.00
3987 1974 109 16970.00 1.70 16.30 0.57 3.30 0.00
3987 1974 110 4190.00 4.00 12.40 0.72 5.20 0.00
3987 1974 111 15330.00 0.90 15.50 0.72 4.50 0.40
3987 1974 112 13120.00 2.90 16.60 0.69 4.60 0.00
3987 1974 113 13010.00 2.50 12.80 0.75 6.10 9.60
3987 1974 114 12750.00 4.70 12.40 0.80 2.90 4.80
3987 1974 115 20830.00 -0.70 11.40 0.54 5.50 0.00
3987 1974 116 20630.00 -0.30 9.30 0.50 6.00 0.00
3987 1974 117 4330.00 1.10 6.60 0.75 4.60 1.10
3987 1974 118 8310.00 5.40 13.50 0.90 8.10 1.00
3987 1974 119 7450.00 8.60 17.30 1.05 7.20 0.40
3987 1974 120 11580.00 8.90 19.40 1.23 3.60 2.50
3987 1974 121 5780.00 8.60 14.30 1.12 5.00 0.00
3987 1974 122 16100.00 8.60 16.70 0.92 4.80 0.00
3987 1974 123 19380.00 5.30 19.00 0.85 2.80 0.00
3987 1974 124 11120.00 6.20 16.70 0.97 5.60 0.20
3987 1974 125 3410.00 6.30 12.50 0.93 5.60 2.90
3987 1974 126 2100.00 3.90 6.50 0.81 4.80 5.00
3987 1974 127 9350.00 3.00 11.30 0.73 4.60 1.70
3987 1974 128 24980.00 0.90 18.00 0.64 4.20 0.00
3987 1974 129 14370.00 5.50 16.50 0.70 3.40 0.00
3987 1974 130 25930.00 3.10 18.40 0.58 4.60 0.00
3987 1974 131 14840.00 4.70 19.90 0.87 3.80 1.50
3987 1974 132 10560.00 9.40 17.80 1.08 2.80 0.00
3987 1974 133 22960.00 7.60 22.60 0.87 5.90 0.10
3987 1974 134 3860.00 9.80 19.20 1.16 3.80 10.60
3987 1974 135 20360.00 9.90 18.10 1.01 4.30 0.00
3987 1974 136 25640.00 2.70 17.30 0.64 3.80 0.00
3987 1974 137 17470.00 8.20 20.00 1.03 3.70 0.00
3987 1974 138 22450.00 8.40 21.80 0.99 3.50 0.00
3987 1974 139 25140.00 10.60 26.10 0.92 2.30 0.00
3987 1974 140 13510.00 12.80 23.10 1.26 4.60 0.00
3987 1974 141 9710.00 9.00 19.00 1.19 4.80 2.60
3987 1974 142 12910.00 9.10 16.60 1.00 3.70 10.40
3987 1974 143 9510.00 7.00 13.90 1.08 3.50 3.70
3987 1974 144 25150.00 6.90 17.80 0.76 3.40 0.00
3987 1974 145 19260.00 5.60 19.20 0.84 3.80 0.00
3987 1974 146 9660.00 9.40 15.70 1.00 10.00 0.00
3987 1974 147 7030.00 10.80 16.20 1.25 5.00 1.30
3987 1974 148 20580.00 9.90 20.80 1.27 5.00 0.30
3987 1974 149 10650.00 10.10 19.50 1.12 5.50 1.90
3987 1974 150 23920.00 4.70 16.60 0.71 4.30 0.00
3987 1974 151 6980.00 5.60 15.60 0.99 5.30 1.60
3987 1974 152 2090.00 11.30 13.00 1.22 2.90 0.00
3987 1974 153 19500.00 9.90 20.10 1.19 3.80 1.50
3987 1974 154 6510.00 12.20 19.30 1.38 5.50 1.50
3987 1974 155 18730.00 6.30 17.20 0.97 5.20 0.00
3987 1974 156 27570.00 8.50 20.60 0.94 3.30 0.00
3987 1974 157 16470.00 9.00 19.80 1.08 6.00 1.00
3987 1974 158 17270.00 8.00 17.90 0.92 7.30 3.70
3987 1974 159 12870.00 6.60 16.70 0.99 4.90 12.20
3987 1974 160 9360.00 8.50 14.60 1.07 4.80 5.80
3987 1974 161 19010.00 4.10 17.50 0.93 2.40 0.00
3987 1974 162 20540.00 6.50 17.30 0.95 5.00 1.50
3987 1974 163 16390.00 7.20 17.80 1.04 5.00 0.50
3987 1974 164 18490.00 10.60 23.40 1.34 6.80 0.00
3987 1974 165 24560.00 11.50 25.60 1.39 4.20 0.00
3987 1974 166 24140.00 10.80 24.80 1.31 2.70 0.00
3987 1974 167 24140.00 12.00 24.30 1.34 2.10 0.80
3987 1974 168 25080.00 12.30 25.80 1.43 2.10 0.00
3987 1974 169 10540.00 13.60 23.30 1.54 4.50 2.20
3987 1974 170 21540.00 10.80 20.40 1.14 6.10 0.00
3987 1974 171 20350.00 9.40 20.00 1.14 3.80 0.00
3987 1974 172 14040.00 10.40 19.10 1.19 3.80 9.00
3987 1974 173 7800.00 12.60 18.50 1.51 3.50 17.30
3987 1974 174 16980.00 13.20 19.40 1.49 3.00 0.10
3987 1974 175 18110.00 10.70 22.50 1.48 2.60 3.30
3987 1974 176 23410.00 12.00 24.90 1.50 3.10 0.00
3987 1974 177 17180.00 13.70 26.60 1.50 3.00 0.40
3987 1974 178 10700.00 13.50 21.20 1.64 2.70 7.70
3987 1974 179 6730.00 12.70 16.90 1.45 1.30 0.30
3987 1974 180 17450.00 12.40 20.80 1.31 1.60 0.00
3987 1974 181 21370.00 10.50 22.70 1.37 2.10 2.20
3987 1974 182 11260.00 12.90 19.30 1.52 4.80 8.80
3987 1974 183 17070.00 12.40 21.00 1.31 8.50 0.00
3987 1974 184 17470.00 10.90 22.00 1.34 5.10 16.20
3987 1974 185 20760.00 10.00 19.50 1.20 7.80 5.10
3987 1974 186 9500.00 11.10 17.30 1.44 5.50 3.70
3987 1974 187 15370.00 13.30 20.50 1.42 7.00 2.00
3987 1974 188 14850.00 8.00 17.10 1.16 7.70 0.00
3987 1974 189 16550.00 10.70 19.70 1.16 7.70 0.00
3987 1974 190 9720.00 9.80 19.90 1.49 4.60 16.90
3987 1974 191 15250.00 12.40 19.70 1.31 8.20 1.00
3987 1974 192 12330.00 12.90 21.20 1.43 6.40 4.00
3987 1974 193 24660.00 10.40 20.90 1.16 4.80 0.00
3987 1974 194 11560.00 13.10 22.20 1.38 3.30 0.30
3987 1974 195 7230.00 16.00 22.80 1.61 5.50 0.00
3987 1974 196 19330.00 11.00 22.30 1.24 4.90 0.00
3987 1974 197 10810.00 14.30 24.70 1.38 5.00 0.00
3987 1974 198 8420.00 14.90 22.10 1.45 3.60 0.00
3987 1974 199 9050.00 11.70 20.10 1.30 4.00 0.00
3987 1974 200 11860.00 11.10 17.10 1.16 7.20 0.00
3987 1974 201 5050.00 9.90 15.90 1.36 5.60 4.40
3987 1974 202 17030.00 11.90 20.30 1.23 6.50 0.00
3987 1974 203 26770.00 10.30 26.00 1.23 4.70 0.00
3987 1974 204 16760.00 13.00 23.70 1.52 5.50 0.00
3987 1974 205 14360.00 13.50 22.20 1.44 3.20 3.80
3987 1974 206 16220.00 11.30 16.80 1.21 7.60 2.50
3987 1974 207 19470.00 9.40 20.30 1.13 6.80 0.30
3987 1974 208 15750.00 12.60 21.20 1.35 6.30 0.00
3987 1974 209 17130.00 13.50 22.30 1.39 5.50 0.00
3987 1974 210 17290.00 14.80 22.20 1.24 8.10 0.00
3987 1974 211 12960.00 11.50 21.50 1.35 5.30 0.00
3987 1974 212 11250.00 14.00 22.70 1.53 4.10 1.70
3987 1974 213 21310.00 12.80 26.70 1.51 5.80 0.00
3987 1974 214 13360.00 15.40 23.70 1.56 3.30 0.30
3987 1974 215 18870.00 13.10 25.20 1.38 2.20 0.00
3987 1974 216 15520.00 15.70 31.10 1.81 4.50 7.80
3987 1974 217 12560.00 14.30 22.10 1.69 7.40 2.50
3987 1974 218 19530.00 10.50 19.70 1.16 5.60 0.00
3987 1974 219 24160.00 9.00 22.70 1.16 2.30 0.00
3987 1974 220 20520.00 10.40 25.10 1.26 4.20 1.90
3987 1974 221 16600.00 14.80 22.60 1.54 5.60 0.20
3987 1974 222 10350.00 12.20 19.40 1.49 4.40 2.40
3987 1974 223 13830.00 10.30 17.80 1.26 4.30 0.30
3987 1974 224 16350.00 10.00 20.80 1.32 5.10 2.90
3987 1974 225 15450.00 13.00 22.00 1.48 3.70 0.00
3987 1974 226 19680.00 14.20 30.70 1.69 2.90 0.00
3987 1974 227 20250.00 19.40 32.90 1.83 4.30 0.00
3987 1974 228 20430.00 19.00 35.50 1.80 5.50 0.00
3987 1974 229 17770.00 19.90 32.20 1.79 5.60 2.50
3987 1974 230 7620.00 15.00 23.60 1.70 2.00 0.20
3987 1974 231 6340.00 12.20 16.00 1.45 2.60 1.20
3987 1974 232 1560.00 12.60 17.20 1.38 3.50 20.80
3987 1974 233 7460.00 11.10 18.30 1.47 2.30 0.00
3987 1974 234 9530.00 13.40 21.30 1.61 0.90 0.00
3987 1974 235 8270.00 12.40 21.30 1.67 2.00 0.00
3987 1974 236 16540.00 12.20 24.10 1.53 1.50 0.00
3987 1974 237 17580.00 13.40 25.50 1.55 2.80 0.00
3987 1974 238 17470.00 13.80 26.80 1.53 4.60 0.00
3987 1974 239 3790.00 14.10 20.70 1.64 3.60 1.80
3987 1974 240 16670.00 10.70 22.00 1.36 3.30 0.00
3987 1974 241 19930.00 10.20 23.70 1.39 5.20 0.00
3987 1974 242 18040.00 14.60 27.90 1.71 5.10 0.00
3987 1974 243 18010.00 13.40 27.30 1.50 5.50 0.00
3987 1974 244 11090.00 14.30 23.30 1.38 4.70 0.50
3987 1974 245 18620.00 13.30 24.40 1.38 4.20 0.20
3987 1974 246 4400.00 13.80 19.70 1.52 4.60 3.30
3987 1974 247 13780.00 11.30 19.50 1.31 4.80 0.70
3987 1974 248 8260.00 11.70 22.80 1.43 7.20 0.20
3987 1974 249 10900.00 13.20 23.90 1.40 5.60 3.30
3987 1974 250 15920.00 10.20 21.00 1.21 5.00 0.30
3987 1974 251 16100.00 11.80 20.30 1.09 7.00 0.00
3987 1974 252 12190.00 8.80 23.90 1.32 5.40 15.40
3987 1974 253 12060.00 11.40 21.70 1.25 5.70 0.00
3987 1974 254 16800.00 8.40 21.00 1.13 2.90 0.00
3987 1974 255 16400.00 8.20 23.20 1.19 4.00 0.00
3987 1974 256 12920.00 10.70 26.70 1.51 4.50 0.00
3987 1974 257 5990.00 14.10 21.30 1.67 2.30 0.00
3987 1974 258 7920.00 14.40 20.90 1.62 3.50 0.00
3987 1974 259 14040.00 11.80 23.30 1.49 4.90 0.00
3987 1974 260 12110.00 11.20 25.40 1.58 3.00 0.00
3987 1974 261 3820.00 13.90 19.90 1.57 3.10 5.20
3987 1974 262 14070.00 5.70 15.70 0.97 1.60 0.00
3987 1974 263 13130.00 6.50 17.20 0.97 4.00 0.00
3987 1974 264 13250.00 5.30 17.50 0.98 3.70 0.00
3987 1974 265 9050.00 8.60 16.70 0.94 6.30 0.00
3987 1974 266 12810.00 5.90 16.70 0.87 6.10 0.20
3987 1974 267 8881.63 9.40 15.90 1.02 7.50 0.40
3987 1974 268 9620.00 8.90 14.10 0.91 5.90 0.00
3987 1974 269 4100.00 6.10 11.30 0.96 3.70 0.10
3987 1974 270 10780.00 5.70 14.80 0.91 5.80 0.00
3987 1974 271 11590.00 9.80 22.30 0.99 6.50 12.20
3987 1974 272 2530.00 6.70 16.00 1.02 3.70 9.20
3987 1974 273 9760.00 5.10 14.00 0.89 4.00 0.00
3987 1974 274 9690.00 3.30 13.50 0.85 1.80 0.00
3987 1974 275 12070.00 4.40 13.40 0.89 3.70 0.00
3987 1974 276 8910.00 1.80 12.10 0.80 3.80 2.30
3987 1974 277 4620.00 4.40 9.60 0.87 3.70 0.00
3987 1974 278 5720.00 5.90 11.30 0.89 6.50 0.00
3987 1974 279 4570.00 6.90 11.50 0.90 6.50 0.00
3987 1974 280 8260.00 3.20 13.10 0.86 5.10 0.00
3987 1974 281 2520.00 5.20 10.10 0.93 2.10 6.90
3987 1974 282 2350.00 6.00 8.00 1.00 3.80 9.60
3987 1974 283 7350.00 6.70 11.10 0.93 8.70 2.50
3987 1974 284 6560.00 6.20 11.90 0.93 5.00 0.00
3987 1974 285 6460.00 1.90 10.90 0.81 4.80 0.00
3987 1974 286 1540.00 1.60 8.00 0.79 2.60 0.00
3987 1974 287 6160.00 1.30 11.30 0.84 2.30 0.80
3987 1974 288 4020.00 6.40 10.30 0.98 3.10 5.60
3987 1974 289 1760.00 6.10 8.00 0.99 3.60 15.10
3987 1974 290 2100.00 4.20 6.90 0.88 6.00 0.00
3987 1974 291 3680.00 3.80 9.70 0.88 4.20 0.30
3987 1974 292 2150.00 4.70 9.20 0.95 6.90 2.10
3987 1974 293 2850.00 1.90 8.30 0.82 3.30 4.10
3987 1974 294 3130.00 3.80 7.50 0.85 4.50 5.90
3987 1974 295 430.00 5.30 7.80 0.97 6.30 34.20
3987 1974 296 1680.00 4.40 7.80 0.86 4.80 0.50
3987 1974 297 1380.00 4.70 7.90 0.94 4.30 1.20
3987 1974 298 1390.00 5.70 7.90 0.95 9.10 11.00
3987 1974 299 5180.00 3.10 8.10 0.75 7.80 0.10
3987 1974 300 1680.00 3.50 8.50 0.86 8.50 4.90
3987 1974 301 1380.00 4.30 5.90 0.79 7.40 3.60
3987 1974 302 3130.00 3.50 6.30 0.76 4.90 0.10
3987 1974 303 1530.00 2.00 5.10 0.76 2.30 0.10
3987 1974 304 1210.00 1.80 4.20 0.75 6.40 8.40
3987 1974 305 730.00 3.30 4.40 0.79 9.80 29.90
3987 1974 306 1880.00 3.70 6.80 0.86 5.80 2.20
3987 1974 307 3170.00 4.30 7.90 0.82 3.40 0.00
3987 1974 308 3480.00 2.30 6.20 0.74 1.60 0.00
3987 1974 309 1980.00 -0.20 5.20 0.69 2.50 0.20
3987 1974 310 6710.00 -1.00 7.30 0.60 3.20 0.00
3987 1974 311 3970.00 -1.20 6.80 0.63 3.60 0.00
3987 1974 312 3330.00 4.20 8.20 0.74 2.40 0.00
3987 1974 313 2220.00 2.50 8.00 0.71 5.30 3.20
3987 1974 314 2010.00 4.20 9.00 0.95 5.90 0.10
3987 1974 315 3010.00 2.70 8.60 0.78 7.50 0.00
3987 1974 316 3590.00 4.40 10.40 0.80 6.90 2.10
3987 1974 317 4200.00 4.10 9.10 0.75 6.50 0.00
3987 1974 318 4190.00 4.00 14.30 0.72 8.50 0.00
3987 1974 319 2180.00 7.80 13.00 0.76 7.70 0.00
3987 1974 320 1940.00 5.60 12.90 0.83 6.80 0.00
3987 1974 321 2060.00 6.70 12.30 0.92 5.30 0.20
3987 1974 322 1840.00 2.60 8.70 0.83 5.80 0.00
3987 1974 323 2440.00 5.80 8.90 0.79 6.70 0.00
3987 1974 324 2690.00 1.10 7.00 0.66 5.00 0.70
3987 1974 325 1710.00 0.20 6.40 0.71 2.60 0.70
3987 1974 326 1110.00 3.60 5.70 0.83 4.10 2.30
3987 1974 327 200.00 3.40 5.20 0.81 5.50 1.40
3987 1974 328 1160.00 3.60 7.20 0.86 5.30 1.10
3987 1974 329 1370.00 3.40 7.30 0.88 6.90 2.60
3987 1974 330 720.00 3.40 5.40 0.74 7.00 1.00
3987 1974 331 1630.00 3.80 6.60 0.75 7.20 2.30
3987 1974 332 1170.00 1.60 5.10 0.70 9.10 1.50
3987 1974 333 1030.00 2.70 4.50 0.72 9.00 1.00
3987 1974 334 390.00 1.40 4.80 0.70 6.20 0.20
3987 1974 335 1300.00 0.50 5.90 0.74 4.70 5.10
3987 1974 336 650.00 5.10 10.70 1.13 7.70 0.40
3987 1974 337 3420.00 4.60 10.60 0.96 6.30 0.00
3987 1974 338 1910.00 2.40 10.00 0.96 5.50 5.50
3987 1974 339 1060.00 0.10 9.80 0.69 10.00 5.40
3987 1974 340 2060.00 1.00 5.60 0.74 7.60 6.90
3987 1974 341 390.00 5.40 8.70 1.04 9.20 10.30
3987 1974 342 510.00 7.80 8.90 1.10 5.70 7.90
3987 1974 343 1682.83 7.80 9.70 1.07 6.00 1.50
3987 1974 344 3120.00 2.70 7.80 0.71 6.80 0.00
3987 1974 345 1110.00 2.20 4.30 0.69 7.60 5.90
3987 1974 346 1670.00 0.00 3.80 0.58 8.50 8.00
3987 1974 347 2140.00 -1.60 1.10 0.54 4.60 0.10
3987 1974 348 1890.00 -6.90 0.20 0.49 5.70 1.80
3987 1974 349 1330.00 -0.40 2.60 0.67 4.80 1.90
3987 1974 350 1590.00 1.20 4.30 0.68 6.10 6.30
3987 1974 351 1110.00 0.90 5.10 0.72 8.80 3.20
3987 1974 352 950.00 2.10 5.40 0.69 12.00 1.80
3987 1974 353 1070.00 1.80 5.30 0.70 9.90 0.70
3987 1974 354 300.00 2.90 7.90 0.81 8.60 0.00
3987 1974 355 1400.00 6.50 8.90 0.83 7.30 0.00
3987 1974 356 2970.00 1.70 7.10 0.71 5.50 0.00
3987 1974 357 1910.00 2.20 9.00 0.81 4.70 0.00
3987 1974 358 2730.00 -0.70 6.00 0.67 6.30 0.70
3987 1974 359 2900.00 3.40 7.80 0.74 8.00 8.30
3987 1974 360 1150.00 4.10 11.00 1.04 9.90 3.60
3987 1974 361 760.00 6.70 10.20 0.93 7.20 1.50
3987 1974 362 620.00 5.60 11.00 0.95 9.80 12.20
3987 1974 363 860.00 4.70 12.60 0.92 12.30 10.70
3987 1974 364 1460.00 2.80 5.20 0.69 10.00 9.90
3987 1974 365 910.00 1.30 4.20 0.76 5.10 5.20
