*---------------------------------------------------------------------------*
* Station name: Potsdam Saekularstation
* Year: 1952
* Author: Pedro Alencar                                   -999.000: NIL VALUE
* Source: DWD
* Comments: Gaps filled with interpolation and storical means
* Longitude: 13.0622, latitude: 52.3812, altitude: 82.0 m.
*
    * Column  Daily value
    * 1       station number
    * 2       year
    * 3       day
    * 4       irradiation                   (kJ m-2 d-1)
    * 5       minimum temperature           (degrees Celsius
    * 6       maximum temperature           (degrees Celsius)
    * 7       early morning vapour pressure (kPa)
    * 8       mean wind speed (height: 2 m) (m s-1)
    * 9       precipitation                 (mm d-1)
    *
** WCCDESCRIPTION=Potsdam, Germany
** WCCFORMAT=2
** WCCYEARNR=1952
*---------------------------------------------------------------------------*
   13.0622 52.3812 82.0 -0.18 -0.55
3987 1952 1 560.00 -0.60 4.00 0.64 6.30 2.00
3987 1952 2 1790.00 0.20 6.30 0.68 9.30 6.00
3987 1952 3 1460.00 0.40 7.00 0.64 6.40 0.40
3987 1952 4 1590.00 -1.20 2.90 0.63 5.50 3.10
3987 1952 5 2480.00 -0.10 2.40 0.60 3.90 2.00
3987 1952 6 880.00 -1.20 0.30 0.55 3.40 0.00
3987 1952 7 360.00 -0.10 4.80 0.79 5.80 0.30
3987 1952 8 560.00 3.00 6.30 0.79 4.70 0.00
3987 1952 9 1760.00 0.80 6.60 0.64 7.10 2.90
3987 1952 10 2860.00 0.20 3.00 0.61 7.60 4.90
3987 1952 11 2230.00 1.40 7.30 0.69 7.30 2.00
3987 1952 12 1120.00 0.30 2.80 0.63 6.30 0.70
3987 1952 13 4490.00 -2.40 2.20 0.48 5.90 0.10
3987 1952 14 1470.00 -1.70 4.00 0.63 8.20 1.50
3987 1952 15 680.00 3.10 7.00 0.69 7.60 0.00
3987 1952 16 1920.00 0.50 7.00 0.60 7.10 4.20
3987 1952 17 2410.00 -2.00 5.00 0.59 5.80 0.50
3987 1952 18 4280.00 -0.50 4.70 0.49 4.90 0.00
3987 1952 19 2690.00 -2.70 1.70 0.53 2.90 1.20
3987 1952 20 1430.00 -3.10 0.20 0.56 3.20 17.70
3987 1952 21 640.00 0.20 1.10 0.57 5.80 0.00
3987 1952 22 960.00 -4.90 0.60 0.40 3.60 0.00
3987 1952 23 1840.00 -4.90 -3.30 0.39 4.10 0.00
3987 1952 24 800.00 -3.60 -1.40 0.43 2.60 0.00
3987 1952 25 400.00 -2.60 -1.70 0.45 1.10 0.00
3987 1952 26 400.00 -5.60 -2.50 0.39 2.70 0.10
3987 1952 27 3700.00 -6.00 -1.30 0.41 3.00 1.90
3987 1952 28 5050.00 -3.50 0.20 0.47 5.80 0.00
3987 1952 29 1780.00 -6.30 0.10 0.44 5.10 0.60
3987 1952 30 1710.00 -2.90 2.40 0.53 5.60 0.00
3987 1952 31 4730.00 -2.30 2.10 0.51 5.60 0.70
3987 1952 32 4690.00 -0.10 3.40 0.51 6.10 1.60
3987 1952 33 1830.00 -1.90 2.10 0.55 3.80 0.30
3987 1952 34 4970.00 -0.70 4.50 0.53 2.40 0.00
3987 1952 35 3190.00 -1.40 2.70 0.55 1.70 0.00
3987 1952 36 2880.00 -1.20 2.20 0.52 4.60 0.20
3987 1952 37 4190.00 -2.50 1.70 0.52 4.00 1.50
3987 1952 38 1300.00 0.60 3.30 0.65 7.10 2.00
3987 1952 39 2530.00 0.40 3.40 0.56 8.20 1.00
3987 1952 40 5540.00 -3.10 2.60 0.47 7.60 0.00
3987 1952 41 5780.00 -3.70 2.00 0.48 7.30 6.90
3987 1952 42 3790.00 -2.40 3.10 0.47 8.70 0.30
3987 1952 43 3140.00 -5.60 -0.60 0.40 5.40 0.10
3987 1952 44 6980.00 -8.10 2.30 0.39 3.90 0.00
3987 1952 45 7880.00 -6.60 2.10 0.40 3.60 0.00
3987 1952 46 7050.00 -8.90 0.90 0.35 2.90 0.10
3987 1952 47 8510.00 -8.80 0.70 0.35 2.90 0.00
3987 1952 48 7380.00 -5.40 2.90 0.45 2.80 0.20
3987 1952 49 2380.00 -4.00 -0.10 0.49 1.70 2.00
3987 1952 50 1830.00 -3.50 1.60 0.59 4.80 3.00
3987 1952 51 2210.00 -0.30 2.90 0.67 4.60 4.00
3987 1952 52 1540.00 1.70 5.90 0.79 8.80 0.10
3987 1952 53 1360.00 4.90 6.60 0.76 9.50 1.50
3987 1952 54 3710.00 3.00 6.90 0.75 8.30 0.10
3987 1952 55 2070.00 4.30 7.80 0.85 5.00 0.20
3987 1952 56 5750.00 4.10 9.70 0.73 4.00 0.00
3987 1952 57 3060.00 0.60 5.70 0.69 4.00 0.00
3987 1952 58 1810.00 2.00 4.80 0.72 4.60 0.00
3987 1952 59 1570.00 0.30 4.00 0.65 4.50 0.00
3987 1952 60 1240.00 1.40 2.70 0.65 4.90 1.10
3987 1952 61 7430.00 -1.10 4.90 0.45 5.90 0.40
3987 1952 62 2100.00 -1.10 4.50 0.67 3.00 0.10
3987 1952 63 5510.00 4.30 13.70 0.83 3.70 0.00
3987 1952 64 4320.00 0.20 8.20 0.65 6.70 0.00
3987 1952 65 13110.00 -5.30 4.80 0.35 7.00 0.00
3987 1952 66 12880.00 -5.80 2.40 0.35 5.00 0.00
3987 1952 67 11880.00 -7.90 1.00 0.28 4.70 0.00
3987 1952 68 13670.00 -7.80 2.50 0.33 5.20 0.00
3987 1952 69 14360.00 -5.50 10.90 0.27 6.60 0.00
3987 1952 70 14920.00 -3.30 9.50 0.29 5.50 0.00
3987 1952 71 1400.00 0.40 5.00 0.67 4.00 2.60
3987 1952 72 4070.00 1.60 5.70 0.64 3.40 0.10
3987 1952 73 4180.00 -1.50 4.70 0.53 5.70 0.00
3987 1952 74 16000.00 -4.70 4.40 0.25 3.80 0.00
3987 1952 75 14800.00 -5.60 7.30 0.31 3.20 0.00
3987 1952 76 12710.00 -3.10 11.40 0.36 2.80 0.00
3987 1952 77 12890.00 -1.20 11.80 0.43 2.60 0.00
3987 1952 78 15080.00 -1.80 11.10 0.53 5.20 0.00
3987 1952 79 17200.00 -4.40 7.30 0.27 5.00 0.00
3987 1952 80 13820.00 -5.20 6.50 0.32 4.60 0.00
3987 1952 81 9800.00 -1.90 5.30 0.28 4.20 0.00
3987 1952 82 3210.00 -1.50 1.50 0.52 4.80 4.40
3987 1952 83 4240.00 -1.00 4.20 0.49 7.10 1.60
3987 1952 84 9830.00 0.40 9.10 0.60 3.40 0.00
3987 1952 85 7870.00 1.70 8.50 0.61 2.40 0.00
3987 1952 86 14120.00 -2.00 3.60 0.35 5.30 0.00
3987 1952 87 10480.00 -4.80 1.90 0.32 2.00 0.00
3987 1952 88 17610.00 -5.20 4.20 0.32 5.50 0.00
3987 1952 89 6750.00 -3.90 2.20 0.35 9.30 8.50
3987 1952 90 3590.00 -3.10 -0.80 0.45 6.50 1.20
3987 1952 91 4530.00 -1.80 7.40 0.65 3.30 7.10
3987 1952 92 11580.00 -2.10 1.60 0.44 5.00 0.00
3987 1952 93 18560.00 -4.80 5.80 0.47 4.00 0.00
3987 1952 94 10660.00 -2.40 6.40 0.55 5.10 0.00
3987 1952 95 7780.00 2.80 8.60 0.67 4.50 0.00
3987 1952 96 6190.00 4.60 9.50 0.65 2.50 0.00
3987 1952 97 11530.00 3.90 12.60 0.55 2.90 0.00
3987 1952 98 8600.00 3.70 15.50 0.95 4.80 0.60
3987 1952 99 6500.00 8.40 16.80 1.19 2.80 5.00
3987 1952 100 19710.00 8.20 20.30 1.11 3.20 0.00
3987 1952 101 13830.00 6.70 17.50 1.09 6.80 0.00
3987 1952 102 20320.00 5.90 24.30 1.04 5.70 0.00
3987 1952 103 20140.00 7.70 24.90 0.99 3.40 0.00
3987 1952 104 17300.00 10.80 25.30 1.01 2.40 0.00
3987 1952 105 18610.00 8.20 24.50 0.97 2.40 0.00
3987 1952 106 14260.00 10.50 23.90 0.99 3.50 0.00
3987 1952 107 16880.00 9.90 24.60 0.92 3.80 0.00
3987 1952 108 24300.00 6.20 18.70 0.39 4.60 0.00
3987 1952 109 22240.00 6.40 21.30 0.53 1.60 0.00
3987 1952 110 21350.00 9.30 22.90 0.71 3.60 0.00
3987 1952 111 18550.00 8.90 24.10 0.93 3.80 1.40
3987 1952 112 11300.00 10.30 19.10 1.21 2.70 0.00
3987 1952 113 11820.00 10.60 22.60 1.16 4.20 0.10
3987 1952 114 10860.00 9.10 18.90 0.96 2.00 4.30
3987 1952 115 6360.00 9.90 14.70 1.19 2.40 0.80
3987 1952 116 9380.00 8.80 16.40 1.08 2.20 0.00
3987 1952 117 17650.00 6.90 14.90 0.76 2.80 0.00
3987 1952 118 17410.00 4.40 15.30 0.75 2.60 0.00
3987 1952 119 13410.00 3.60 15.60 0.89 3.10 0.10
3987 1952 120 21270.00 3.90 16.10 0.77 2.50 0.00
3987 1952 121 22940.00 6.40 23.10 0.79 3.30 0.00
3987 1952 122 23410.00 9.00 24.60 0.96 3.00 0.00
3987 1952 123 25940.00 4.60 17.60 0.83 4.00 0.00
3987 1952 124 26220.00 4.80 20.10 0.89 6.50 0.20
3987 1952 125 20260.00 9.50 26.30 1.36 4.60 2.50
3987 1952 126 14090.00 12.10 22.10 1.19 4.00 3.70
3987 1952 127 25220.00 9.90 23.30 1.07 3.90 0.00
3987 1952 128 12550.00 12.30 22.30 1.36 4.50 1.70
3987 1952 129 11850.00 12.40 19.70 1.39 2.70 0.00
3987 1952 130 12510.00 10.90 20.90 1.31 5.60 1.90
3987 1952 131 11460.00 12.20 19.30 1.35 4.10 0.00
3987 1952 132 24070.00 9.80 23.30 1.19 2.10 0.00
3987 1952 133 6480.00 10.10 16.60 1.29 4.30 25.00
3987 1952 134 20310.00 8.10 17.50 1.07 5.70 7.80
3987 1952 135 10590.00 7.80 14.80 1.03 5.00 0.50
3987 1952 136 5130.00 11.40 14.60 1.25 4.60 0.10
3987 1952 137 6570.00 7.70 14.10 1.13 4.30 3.50
3987 1952 138 19230.00 4.50 13.90 0.71 1.90 0.00
3987 1952 139 26180.00 4.90 17.70 0.77 2.90 0.00
3987 1952 140 23030.00 3.70 13.40 0.57 4.80 0.00
3987 1952 141 18080.00 -0.80 11.10 0.67 5.80 0.10
3987 1952 142 22350.00 1.60 15.50 0.67 3.80 0.00
3987 1952 143 18640.00 5.90 17.50 0.75 2.40 0.40
3987 1952 144 16510.00 8.90 18.40 1.03 3.10 0.00
3987 1952 145 14160.00 8.80 16.70 1.03 6.40 0.40
3987 1952 146 11250.00 8.50 15.50 0.93 4.70 3.60
3987 1952 147 12570.00 8.90 14.40 1.11 5.90 0.00
3987 1952 148 15650.00 7.10 14.90 0.89 4.80 0.20
3987 1952 149 5790.00 8.40 13.20 1.24 4.20 4.30
3987 1952 150 23250.00 7.30 16.90 0.88 4.50 0.50
3987 1952 151 19130.00 5.30 15.40 0.89 5.20 0.00
3987 1952 152 25360.00 8.60 25.70 1.29 4.60 1.90
3987 1952 153 13080.00 13.30 22.50 1.64 4.40 0.00
3987 1952 154 24130.00 14.80 26.10 1.24 5.50 0.00
3987 1952 155 18920.00 13.00 20.90 1.09 3.30 0.00
3987 1952 156 25820.00 8.50 17.90 0.81 3.60 0.00
3987 1952 157 28860.00 6.10 22.50 0.77 3.90 0.00
3987 1952 158 24340.00 9.40 27.20 1.28 4.20 5.70
3987 1952 159 11430.00 12.00 20.00 1.37 4.60 0.00
3987 1952 160 21640.00 8.10 18.10 0.87 3.70 0.80
3987 1952 161 16100.00 8.00 16.90 1.05 3.70 0.70
3987 1952 162 16430.00 6.60 16.60 1.00 4.40 5.00
3987 1952 163 8630.00 9.40 16.60 1.21 6.90 0.80
3987 1952 164 11480.00 8.20 16.30 1.09 3.20 0.00
3987 1952 165 29820.00 8.20 26.50 1.25 2.60 0.00
3987 1952 166 10230.00 14.20 19.70 1.60 3.90 8.70
3987 1952 167 9120.00 12.50 18.00 1.44 3.40 19.00
3987 1952 168 20570.00 8.50 17.40 0.99 3.80 0.00
3987 1952 169 29030.00 7.60 22.70 1.04 4.00 0.00
3987 1952 170 18220.00 14.10 28.70 1.89 3.60 6.40
3987 1952 171 25740.00 13.10 21.20 1.17 5.40 0.00
3987 1952 172 26410.00 11.50 20.50 0.97 3.20 0.20
3987 1952 173 18010.00 9.70 18.80 1.17 5.80 0.70
3987 1952 174 7050.00 10.50 17.50 1.28 4.40 1.10
3987 1952 175 19850.00 10.20 18.60 1.11 5.80 3.60
3987 1952 176 20160.00 8.70 16.50 0.99 6.80 0.90
3987 1952 177 5460.00 8.30 13.50 1.31 3.90 14.80
3987 1952 178 16520.00 11.50 18.90 1.19 3.80 0.40
3987 1952 179 27760.00 8.00 22.60 1.17 1.70 0.00
3987 1952 180 23000.00 12.10 25.30 1.25 1.90 0.00
3987 1952 181 23580.00 14.10 27.50 1.32 1.60 0.00
3987 1952 182 27200.00 18.30 29.60 1.83 3.90 0.00
3987 1952 183 27960.00 16.70 28.30 1.64 3.40 0.00
3987 1952 184 25880.00 15.70 34.60 1.79 4.10 8.80
3987 1952 185 18020.00 18.60 29.30 2.29 3.20 0.30
3987 1952 186 26790.00 16.80 29.20 1.73 4.60 0.00
3987 1952 187 27670.00 15.20 28.90 1.33 4.40 0.00
3987 1952 188 30490.00 13.70 26.10 0.99 5.10 0.00
3987 1952 189 30140.00 11.90 26.30 1.19 4.00 0.00
3987 1952 190 29620.00 13.50 28.80 1.31 3.50 0.00
3987 1952 191 28060.00 14.40 30.40 1.40 3.10 0.00
3987 1952 192 14200.00 16.50 24.90 1.80 3.80 0.00
3987 1952 193 22150.00 14.90 28.40 1.55 2.70 0.00
3987 1952 194 14070.00 14.10 27.60 1.64 4.40 8.50
3987 1952 195 27350.00 11.60 24.10 1.25 4.60 0.00
3987 1952 196 19550.00 12.40 24.00 1.40 4.40 0.00
3987 1952 197 13570.00 12.60 20.30 1.45 3.10 2.30
3987 1952 198 21660.00 8.90 20.10 1.05 3.60 0.00
3987 1952 199 14180.00 12.30 20.90 1.13 4.50 0.00
3987 1952 200 10220.00 13.30 17.50 1.29 5.00 4.20
3987 1952 201 8760.00 9.10 15.60 1.40 5.10 4.20
3987 1952 202 7530.00 13.90 20.20 1.72 5.80 5.30
3987 1952 203 24870.00 9.90 20.50 1.13 4.20 0.00
3987 1952 204 26880.00 9.70 26.00 1.51 3.60 0.00
3987 1952 205 11820.00 13.20 20.30 1.15 5.70 0.00
3987 1952 206 15620.00 11.10 21.20 1.35 2.80 4.50
3987 1952 207 15900.00 10.60 20.20 1.33 3.50 7.00
3987 1952 208 15510.00 11.20 19.50 1.36 2.20 2.30
3987 1952 209 21980.00 9.10 23.10 1.20 3.30 1.70
3987 1952 210 7740.00 13.30 18.20 1.53 2.60 0.60
3987 1952 211 14880.00 12.50 20.10 1.21 4.10 0.10
3987 1952 212 16720.00 10.80 21.50 1.09 4.00 0.00
3987 1952 213 17920.00 12.40 25.60 1.28 2.90 0.00
3987 1952 214 15280.00 14.30 28.00 1.37 3.80 5.10
3987 1952 215 20330.00 15.20 29.50 1.49 2.50 0.50
3987 1952 216 12330.00 17.30 24.50 1.71 2.60 0.10
3987 1952 217 14930.00 15.10 25.10 1.45 1.70 0.00
3987 1952 218 22300.00 15.20 30.40 1.31 3.80 0.00
3987 1952 219 20450.00 15.60 31.10 1.44 3.10 0.00
3987 1952 220 10500.00 18.50 25.30 1.92 2.90 0.30
3987 1952 221 14970.00 17.30 25.30 1.64 3.60 0.00
3987 1952 222 20590.00 14.00 28.20 1.48 3.00 0.60
3987 1952 223 17710.00 16.80 25.50 1.40 4.20 0.10
3987 1952 224 21130.00 13.90 26.60 1.41 5.40 0.00
3987 1952 225 22880.00 15.60 33.10 1.59 4.10 0.00
3987 1952 226 15280.00 18.00 30.70 1.96 2.50 0.40
3987 1952 227 13490.00 16.40 25.80 1.79 3.10 3.00
3987 1952 228 14340.00 13.50 26.20 1.93 2.70 0.80
3987 1952 229 13040.00 18.20 26.00 1.88 2.50 1.00
3987 1952 230 13890.00 13.90 22.00 1.57 3.30 10.30
3987 1952 231 13900.00 11.40 21.50 1.39 2.80 0.00
3987 1952 232 8930.00 11.90 19.50 1.51 4.20 2.00
3987 1952 233 9180.00 13.60 21.10 1.63 3.40 3.60
3987 1952 234 11300.00 13.20 22.10 1.52 3.50 0.50
3987 1952 235 13190.00 10.30 17.70 1.28 5.90 0.00
3987 1952 236 12500.00 10.00 18.60 1.27 4.40 0.00
3987 1952 237 8830.00 11.10 20.70 1.51 3.40 0.00
3987 1952 238 19380.00 9.50 22.30 1.37 2.60 0.00
3987 1952 239 15390.00 13.10 20.60 1.21 3.90 0.00
3987 1952 240 4520.00 10.00 20.40 1.41 6.20 7.80
3987 1952 241 14990.00 13.60 21.40 1.36 8.20 0.00
3987 1952 242 18950.00 10.00 20.40 1.03 4.70 0.00
3987 1952 243 18200.00 11.30 25.80 1.20 3.00 0.00
3987 1952 244 12950.00 14.60 26.10 1.63 4.50 0.00
3987 1952 245 10400.00 16.10 23.20 1.76 4.40 1.40
3987 1952 246 15660.00 12.10 20.90 1.27 5.00 0.00
3987 1952 247 10030.00 9.70 17.50 1.17 5.50 7.00
3987 1952 248 15130.00 9.90 16.80 1.17 6.40 1.80
3987 1952 249 8790.00 8.60 15.20 1.19 2.50 6.00
3987 1952 250 4020.00 8.70 13.70 1.21 3.70 2.60
3987 1952 251 17870.00 6.00 18.40 1.01 2.60 0.00
3987 1952 252 8720.00 8.40 15.40 1.16 2.90 0.80
3987 1952 253 12520.00 9.60 16.30 1.05 4.30 0.40
3987 1952 254 10970.00 7.90 16.20 1.03 2.40 0.70
3987 1952 255 17650.00 5.00 18.50 0.87 2.80 0.00
3987 1952 256 7250.00 5.80 14.90 1.08 4.60 15.80
3987 1952 257 5180.00 7.50 14.00 1.05 4.80 5.70
3987 1952 258 12750.00 5.00 17.60 1.04 1.70 0.00
3987 1952 259 14980.00 6.00 17.90 0.93 3.00 0.00
3987 1952 260 13140.00 4.20 16.30 0.85 2.40 0.00
3987 1952 261 16200.00 5.00 19.40 0.97 4.20 0.20
3987 1952 262 8420.00 9.60 14.00 0.97 4.10 0.00
3987 1952 263 9260.00 5.30 13.00 0.89 3.60 3.00
3987 1952 264 12900.00 3.60 13.10 0.83 6.50 0.50
3987 1952 265 8390.00 7.10 14.20 0.92 6.80 1.90
3987 1952 266 11880.00 8.20 13.20 0.89 8.40 1.70
3987 1952 267 6771.81 7.50 13.50 1.23 8.40 8.10
3987 1952 268 4610.00 12.30 16.90 1.35 7.40 0.00
3987 1952 269 8230.00 10.80 18.00 1.19 6.40 2.30
3987 1952 270 9260.00 8.40 15.00 0.97 6.50 0.00
3987 1952 271 8040.00 6.20 16.10 1.01 3.80 9.10
3987 1952 272 2680.00 8.70 11.10 1.07 5.50 1.80
3987 1952 273 7700.00 3.50 13.00 0.89 4.00 0.30
3987 1952 274 10620.00 5.10 14.80 0.97 3.70 0.60
3987 1952 275 9090.00 7.00 17.60 1.19 4.70 3.40
3987 1952 276 3800.00 9.00 14.40 1.05 4.10 0.10
3987 1952 277 4610.00 5.30 11.70 0.93 5.30 2.20
3987 1952 278 5750.00 5.30 12.10 0.92 5.50 0.20
3987 1952 279 4240.00 4.40 11.70 0.85 3.80 2.20
3987 1952 280 8480.00 3.50 12.10 0.93 4.90 0.90
3987 1952 281 5710.00 6.90 11.80 0.92 10.00 1.00
3987 1952 282 4790.00 5.80 9.80 0.87 5.70 0.10
3987 1952 283 4600.00 5.30 12.30 0.85 6.90 1.90
3987 1952 284 8290.00 5.90 12.00 0.85 6.20 2.40
3987 1952 285 3910.00 3.20 10.00 0.77 3.20 0.10
3987 1952 286 5700.00 0.40 7.30 0.76 2.80 2.50
3987 1952 287 8360.00 -0.40 9.70 0.67 2.20 0.00
3987 1952 288 3990.00 2.50 8.60 0.77 2.30 0.00
3987 1952 289 1990.00 3.10 6.20 0.83 5.80 6.90
3987 1952 290 2320.00 2.90 6.10 0.80 3.60 5.10
3987 1952 291 2810.00 2.80 9.30 0.84 3.50 0.10
3987 1952 292 2070.00 1.20 6.50 0.83 2.40 0.20
3987 1952 293 5220.00 1.10 7.90 0.69 2.10 0.10
3987 1952 294 3920.00 0.10 6.90 0.68 2.70 0.00
3987 1952 295 2920.00 0.40 5.70 0.69 6.20 17.70
3987 1952 296 1280.00 3.60 4.90 0.81 2.10 0.10
3987 1952 297 1040.00 3.40 5.60 0.84 3.50 1.50
3987 1952 298 6480.00 4.90 14.00 1.04 4.30 0.10
3987 1952 299 2550.00 8.30 12.10 1.08 4.80 0.10
3987 1952 300 3900.00 6.50 14.30 1.04 4.80 0.70
3987 1952 301 3590.00 7.20 13.00 1.00 4.10 0.00
3987 1952 302 3670.00 6.50 13.40 1.00 5.00 0.00
3987 1952 303 3020.00 10.70 15.00 1.08 5.90 0.00
3987 1952 304 5540.00 6.90 13.20 0.87 5.50 0.00
3987 1952 305 3620.00 5.10 10.40 0.92 2.00 0.00
3987 1952 306 1880.00 5.30 7.20 0.83 2.50 0.20
3987 1952 307 1490.00 3.50 7.30 0.87 3.40 2.60
3987 1952 308 1990.00 2.50 7.80 0.80 3.20 0.00
3987 1952 309 3590.00 0.90 8.40 0.76 4.50 0.10
3987 1952 310 1710.00 4.60 8.70 0.85 6.20 3.20
3987 1952 311 1910.00 5.30 8.60 0.81 9.60 3.80
3987 1952 312 1080.00 2.40 5.30 0.72 4.60 6.00
3987 1952 313 2930.00 -1.10 4.30 0.63 3.30 0.90
3987 1952 314 1830.00 -2.40 1.60 0.59 4.40 10.40
3987 1952 315 1340.00 0.90 5.30 0.76 7.00 2.80
3987 1952 316 1530.00 0.60 4.70 0.69 4.80 1.90
3987 1952 317 3170.00 0.50 3.90 0.57 3.40 0.20
3987 1952 318 3480.00 -1.40 3.80 0.56 3.00 0.20
3987 1952 319 1120.00 -1.50 0.40 0.60 2.90 13.10
3987 1952 320 1580.00 -0.30 1.00 0.60 3.20 0.00
3987 1952 321 2120.00 -2.40 -0.20 0.51 2.90 0.30
3987 1952 322 3280.00 -6.00 -0.70 0.45 3.80 0.00
3987 1952 323 640.00 -1.50 1.00 0.59 2.30 0.40
3987 1952 324 800.00 0.60 5.90 0.73 3.70 0.00
3987 1952 325 1010.00 1.00 6.50 0.76 2.80 0.10
3987 1952 326 3500.00 -0.10 5.80 0.68 3.80 0.10
3987 1952 327 1240.00 -2.00 2.20 0.61 2.00 0.00
3987 1952 328 1790.00 -1.90 3.80 0.68 2.60 0.20
3987 1952 329 1750.00 -0.60 2.80 0.57 5.80 6.00
3987 1952 330 800.00 -2.20 0.60 0.55 5.70 3.00
3987 1952 331 920.00 -1.60 0.40 0.52 2.60 0.00
3987 1952 332 1590.00 -3.30 -1.20 0.48 2.90 2.50
3987 1952 333 560.00 -1.70 -0.60 0.52 3.00 4.40
3987 1952 334 4360.00 -7.10 1.80 0.40 2.70 0.00
3987 1952 335 1420.00 -8.60 -1.50 0.43 3.80 0.10
3987 1952 336 2250.00 -9.10 -2.80 0.37 2.00 0.00
3987 1952 337 3670.00 -10.40 -5.60 0.33 1.40 0.40
3987 1952 338 890.00 -6.30 0.80 0.51 3.70 3.80
3987 1952 339 1010.00 -3.40 0.20 0.47 4.10 0.30
3987 1952 340 840.00 -4.60 1.10 0.57 3.20 0.70
3987 1952 341 1170.00 -2.80 -0.60 0.49 1.60 0.00
3987 1952 342 280.00 -3.70 -1.10 0.49 1.40 0.00
3987 1952 343 1146.95 -1.70 1.10 0.55 1.40 0.00
3987 1952 344 1170.00 -2.60 -0.70 0.49 2.70 0.20
3987 1952 345 3220.00 -6.70 0.20 0.43 3.60 0.10
3987 1952 346 2730.00 -8.70 0.90 0.43 5.30 0.70
3987 1952 347 1760.00 0.30 3.90 0.65 5.80 0.20
3987 1952 348 400.00 -1.10 3.20 0.59 7.00 5.60
3987 1952 349 1350.00 -0.20 2.90 0.60 5.10 0.30
3987 1952 350 1080.00 -1.90 0.80 0.56 3.30 0.20
3987 1952 351 2680.00 -1.90 0.90 0.45 6.00 0.40
3987 1952 352 760.00 -4.00 1.20 0.51 6.20 11.20
3987 1952 353 3000.00 -2.80 3.00 0.53 3.70 0.00
3987 1952 354 3130.00 -5.70 -1.00 0.44 3.20 0.00
3987 1952 355 840.00 -4.80 2.00 0.57 3.60 3.20
3987 1952 356 2150.00 0.30 5.10 0.64 6.90 1.30
3987 1952 357 320.00 0.00 1.10 0.56 6.60 0.00
3987 1952 358 1870.00 -1.50 1.80 0.57 3.30 0.00
3987 1952 359 2700.00 1.30 4.60 0.71 4.50 3.60
3987 1952 360 2520.00 2.80 6.80 0.75 5.10 0.00
3987 1952 361 3500.00 -0.60 4.60 0.60 4.80 0.10
3987 1952 362 840.00 -1.30 1.30 0.56 3.70 0.10
3987 1952 363 2610.00 -1.60 1.80 0.59 2.60 0.00
3987 1952 364 2200.00 -1.10 1.30 0.56 1.90 0.10
3987 1952 365 2000.00 -4.10 1.50 0.49 2.80 0.20
3987 1952 366 960.00 -5.80 -1.00 0.48 3.40 0.00
