*---------------------------------------------------------------------------*
* Station name: Potsdam Saekularstation
* Year: 1977
* Author: Pedro Alencar                                   -999.000: NIL VALUE
* Source: DWD
* Comments: Gaps filled with interpolation and storical means
* Longitude: 13.0622, latitude: 52.3812, altitude: 82.0 m.
*
    * Column  Daily value
    * 1       station number
    * 2       year
    * 3       day
    * 4       irradiation                   (kJ m-2 d-1)
    * 5       minimum temperature           (degrees Celsius
    * 6       maximum temperature           (degrees Celsius)
    * 7       early morning vapour pressure (kPa)
    * 8       mean wind speed (height: 2 m) (m s-1)
    * 9       precipitation                 (mm d-1)
    *
** WCCDESCRIPTION=Potsdam, Germany
** WCCFORMAT=2
** WCCYEARNR=1977
*---------------------------------------------------------------------------*
   13.0622 52.3812 82.0 -0.18 -0.55
3987 1977 1 1190.00 -3.60 1.70 0.48 5.20 3.40
3987 1977 2 1330.00 -0.80 2.80 0.63 3.60 1.50
3987 1977 3 690.00 -1.60 2.80 0.64 1.80 0.30
3987 1977 4 660.00 -2.30 0.30 0.53 0.00 0.00
3987 1977 5 130.00 -1.90 0.40 0.60 0.30 0.30
3987 1977 6 1750.00 -1.70 1.00 0.58 4.20 1.00
3987 1977 7 440.00 0.00 2.00 0.63 7.00 2.40
3987 1977 8 1080.00 -2.40 2.00 0.54 5.60 3.10
3987 1977 9 1880.00 -6.50 0.40 0.49 4.20 2.10
3987 1977 10 1110.00 0.10 1.90 0.62 6.30 1.20
3987 1977 11 2560.00 -0.90 4.30 0.58 4.50 0.50
3987 1977 12 120.00 -0.80 0.60 0.59 3.40 8.20
3987 1977 13 1970.00 -4.30 0.30 0.49 3.60 0.00
3987 1977 14 4120.00 -7.00 1.30 0.43 4.50 0.00
3987 1977 15 2740.00 -2.50 1.20 0.51 4.50 0.00
3987 1977 16 1490.00 -4.40 1.00 0.52 3.90 0.00
3987 1977 17 640.00 -1.40 1.00 0.57 0.70 0.50
3987 1977 18 980.00 -2.90 -0.50 0.52 0.80 0.00
3987 1977 19 2560.00 -5.20 -2.00 0.42 2.30 0.00
3987 1977 20 860.00 -5.80 -2.80 0.44 2.80 0.50
3987 1977 21 3220.00 -5.10 -1.60 0.41 6.00 0.00
3987 1977 22 1620.00 -7.20 0.70 0.47 4.80 3.00
3987 1977 23 2230.00 -1.70 5.00 0.65 5.20 0.90
3987 1977 24 2140.00 2.30 5.50 0.77 3.70 0.90
3987 1977 25 1420.00 0.30 4.90 0.73 4.40 1.60
3987 1977 26 3210.00 4.30 11.30 0.92 7.50 1.00
3987 1977 27 1680.00 3.50 7.60 0.77 6.60 4.10
3987 1977 28 2280.00 2.50 8.40 0.82 4.00 0.20
3987 1977 29 3260.00 -0.40 6.10 0.65 3.30 0.00
3987 1977 30 2560.00 -1.50 2.80 0.50 5.50 0.00
3987 1977 31 1280.00 -4.30 -1.00 0.47 1.90 0.00
3987 1977 32 1760.00 -4.70 -1.40 0.42 1.80 0.00
3987 1977 33 4880.00 -8.00 -0.40 0.37 3.80 0.00
3987 1977 34 5090.00 -9.30 0.40 0.37 5.70 0.80
3987 1977 35 5260.00 -4.40 8.30 0.58 5.80 0.00
3987 1977 36 1530.00 -2.20 4.70 0.66 4.80 2.50
3987 1977 37 2480.00 1.80 7.50 0.78 5.00 3.80
3987 1977 38 1370.00 1.50 7.30 0.83 6.80 7.50
3987 1977 39 2180.00 3.70 7.00 0.81 7.80 4.00
3987 1977 40 3330.00 0.40 4.50 0.62 4.30 0.10
3987 1977 41 1580.00 -1.30 1.70 0.59 5.90 5.20
3987 1977 42 3770.00 0.50 8.70 0.78 4.30 9.40
3987 1977 43 5300.00 1.00 10.30 0.77 3.70 0.00
3987 1977 44 1360.00 0.80 5.40 0.70 4.50 1.40
3987 1977 45 2220.00 1.50 5.50 0.74 3.50 0.00
3987 1977 46 900.00 0.50 3.60 0.63 1.90 0.00
3987 1977 47 1320.00 -2.00 0.60 0.54 3.50 0.00
3987 1977 48 3760.00 -2.00 6.70 0.63 3.30 0.40
3987 1977 49 4110.00 -0.80 9.20 0.72 5.20 3.40
3987 1977 50 1340.00 3.30 6.90 0.81 5.60 4.00
3987 1977 51 1930.00 -0.20 7.40 0.78 6.30 5.10
3987 1977 52 5640.00 7.10 11.70 0.91 5.50 0.00
3987 1977 53 5320.00 1.80 12.40 0.77 4.60 0.00
3987 1977 54 8270.00 1.20 13.30 0.73 3.10 0.00
3987 1977 55 7430.00 2.00 13.10 0.78 3.50 0.00
3987 1977 56 4450.00 3.30 10.40 0.82 3.80 5.80
3987 1977 57 2000.00 -1.00 6.80 0.58 3.30 3.10
3987 1977 58 7440.00 -5.30 -0.40 0.42 5.00 0.10
3987 1977 59 9320.00 -4.50 3.40 0.44 7.80 0.40
3987 1977 60 2900.00 0.40 4.30 0.63 6.60 0.00
3987 1977 61 2350.00 -2.30 3.00 0.61 4.00 6.50
3987 1977 62 4070.00 3.00 11.50 0.95 8.30 1.50
3987 1977 63 1850.00 6.40 11.00 0.86 9.70 1.20
3987 1977 64 2780.00 4.80 8.90 0.71 11.50 0.30
3987 1977 65 3520.00 5.00 8.60 0.70 7.80 0.00
3987 1977 66 12030.00 0.00 11.70 0.63 4.00 0.00
3987 1977 67 5780.00 4.00 12.50 0.80 6.90 1.90
3987 1977 68 12230.00 1.90 17.20 0.76 4.80 0.00
3987 1977 69 9660.00 5.80 18.30 0.96 4.80 0.00
3987 1977 70 9760.00 4.50 15.40 0.91 4.50 0.00
3987 1977 71 4790.00 7.90 13.70 0.98 2.40 1.10
3987 1977 72 520.00 5.00 9.00 0.96 5.20 6.30
3987 1977 73 7320.00 1.30 11.80 0.82 4.40 0.60
3987 1977 74 5910.00 1.50 10.20 0.71 5.20 0.50
3987 1977 75 9800.00 1.00 15.60 0.67 5.60 0.00
3987 1977 76 10050.00 5.50 15.80 0.81 4.50 0.00
3987 1977 77 6800.00 7.60 14.40 0.97 2.80 1.40
3987 1977 78 3250.00 7.50 11.10 1.04 1.30 12.60
3987 1977 79 4740.00 5.50 10.30 0.96 1.70 0.30
3987 1977 80 2920.00 4.10 7.80 0.76 3.80 0.10
3987 1977 81 3000.00 2.70 7.90 0.83 2.30 0.00
3987 1977 82 3210.00 6.10 8.20 0.92 6.20 0.00
3987 1977 83 11090.00 5.90 17.20 0.98 6.70 0.00
3987 1977 84 2710.00 4.40 12.10 0.94 5.70 0.00
3987 1977 85 8260.00 2.80 8.70 0.69 3.50 0.40
3987 1977 86 1830.00 2.70 5.80 0.75 2.50 8.40
3987 1977 87 6380.00 -0.40 4.00 0.60 4.70 2.90
3987 1977 88 15350.00 -3.30 3.00 0.36 5.00 0.00
3987 1977 89 17770.00 -6.90 3.10 0.28 5.70 0.00
3987 1977 90 12520.00 -5.00 2.90 0.35 3.20 0.00
3987 1977 91 5020.00 -4.80 5.40 0.63 6.80 5.80
3987 1977 92 12630.00 5.40 12.70 0.69 7.50 0.10
3987 1977 93 6970.00 2.80 12.60 0.75 5.30 4.30
3987 1977 94 9150.00 0.80 9.70 0.68 7.30 0.90
3987 1977 95 8260.00 2.30 7.70 0.71 6.90 5.40
3987 1977 96 3970.00 3.40 7.10 0.82 6.90 2.90
3987 1977 97 11180.00 -0.20 6.40 0.62 4.70 0.10
3987 1977 98 11240.00 -0.20 7.00 0.50 1.70 0.00
3987 1977 99 14580.00 -0.70 7.00 0.47 4.20 0.00
3987 1977 100 5600.00 -1.60 2.70 0.40 6.50 7.90
3987 1977 101 11640.00 -1.80 4.00 0.55 2.10 0.40
3987 1977 102 11680.00 -2.60 9.10 0.60 4.20 0.50
3987 1977 103 8510.00 4.00 13.00 0.90 6.00 3.10
3987 1977 104 16560.00 1.30 8.90 0.63 5.10 0.80
3987 1977 105 10210.00 1.00 9.00 0.67 2.80 3.20
3987 1977 106 11050.00 0.80 9.10 0.61 4.50 0.10
3987 1977 107 18820.00 -1.60 13.90 0.53 4.30 0.00
3987 1977 108 19420.00 0.40 10.60 0.50 6.00 0.00
3987 1977 109 17470.00 -2.20 8.50 0.51 4.00 0.00
3987 1977 110 21500.00 -1.80 12.60 0.51 4.00 0.00
3987 1977 111 6260.00 0.80 12.10 0.83 6.30 4.90
3987 1977 112 5230.00 9.10 13.80 1.08 7.70 0.80
3987 1977 113 7430.00 8.30 15.30 1.05 6.40 6.60
3987 1977 114 11010.00 3.90 10.40 0.80 9.30 1.50
3987 1977 115 14080.00 4.20 12.10 0.70 5.90 0.00
3987 1977 116 9780.00 6.00 17.50 1.03 4.30 0.30
3987 1977 117 15020.00 7.90 15.50 0.80 6.90 0.20
3987 1977 118 23360.00 0.50 16.00 0.63 4.10 0.00
3987 1977 119 9030.00 8.40 17.40 0.89 4.40 0.00
3987 1977 120 2060.00 7.80 13.40 1.03 3.00 24.70
3987 1977 121 8170.00 5.40 18.00 1.11 4.30 3.30
3987 1977 122 21230.00 8.30 18.60 1.03 3.10 0.00
3987 1977 123 18230.00 8.10 22.90 1.30 3.90 0.00
3987 1977 124 20030.00 13.50 29.80 1.38 6.00 0.00
3987 1977 125 14380.00 11.60 26.80 1.35 6.00 10.70
3987 1977 126 19420.00 7.90 17.60 0.94 3.60 0.00
3987 1977 127 13150.00 6.40 15.90 0.84 1.70 0.00
3987 1977 128 11570.00 6.30 14.80 0.95 3.30 4.70
3987 1977 129 12870.00 5.50 17.00 0.97 2.20 0.00
3987 1977 130 16650.00 6.30 17.80 0.86 4.90 0.50
3987 1977 131 14240.00 8.40 19.50 1.10 4.20 0.00
3987 1977 132 13850.00 11.30 21.10 1.26 6.00 0.80
3987 1977 133 15110.00 10.60 19.30 1.13 4.80 0.10
3987 1977 134 14730.00 6.20 16.30 0.93 2.50 0.00
3987 1977 135 11130.00 4.70 15.80 1.01 2.20 2.20
3987 1977 136 11220.00 6.40 17.30 0.97 3.80 0.00
3987 1977 137 21680.00 5.10 18.60 0.84 4.40 0.00
3987 1977 138 26300.00 5.20 19.60 0.79 6.00 0.00
3987 1977 139 11840.00 8.10 16.40 0.89 5.50 12.70
3987 1977 140 1300.00 6.00 11.90 1.06 7.00 20.30
3987 1977 141 5350.00 6.40 11.80 0.91 5.00 0.00
3987 1977 142 28380.00 2.40 18.50 0.69 4.20 0.00
3987 1977 143 27960.00 4.10 20.30 0.68 2.60 0.00
3987 1977 144 26790.00 3.90 23.30 0.81 2.40 0.00
3987 1977 145 26170.00 9.40 22.30 0.88 4.60 0.00
3987 1977 146 28700.00 3.60 16.70 0.58 5.20 0.00
3987 1977 147 27550.00 4.60 20.40 0.70 2.80 0.00
3987 1977 148 27600.00 7.40 24.00 0.86 2.00 0.00
3987 1977 149 26450.00 8.00 23.80 0.92 5.00 0.00
3987 1977 150 7870.00 7.60 18.50 0.94 3.10 0.60
3987 1977 151 20330.00 1.70 15.30 0.74 3.20 1.10
3987 1977 152 23900.00 2.20 16.70 0.71 2.50 0.00
3987 1977 153 17220.00 7.70 18.40 0.87 3.00 2.10
3987 1977 154 10690.00 7.40 16.80 1.19 3.70 1.20
3987 1977 155 10530.00 9.30 17.00 1.13 6.10 0.20
3987 1977 156 17260.00 7.50 16.50 1.04 4.40 0.00
3987 1977 157 24070.00 9.60 18.30 0.94 4.90 0.00
3987 1977 158 12360.00 11.50 21.40 1.28 6.90 2.00
3987 1977 159 8970.00 9.60 17.20 1.36 3.80 7.00
3987 1977 160 23050.00 9.80 27.40 1.53 3.80 2.40
3987 1977 161 27530.00 15.50 31.90 1.71 4.60 0.00
3987 1977 162 11170.00 13.90 29.00 1.39 4.80 0.60
3987 1977 163 17910.00 12.40 24.70 1.63 2.30 0.00
3987 1977 164 26070.00 16.40 31.40 1.70 4.30 0.00
3987 1977 165 23070.00 17.90 31.20 1.74 4.80 1.50
3987 1977 166 12170.00 16.30 26.80 1.89 3.20 36.40
3987 1977 167 17770.00 15.70 24.40 1.85 2.30 0.00
3987 1977 168 14750.00 16.60 25.10 1.91 1.30 1.90
3987 1977 169 17350.00 15.50 24.60 1.80 2.00 0.00
3987 1977 170 14050.00 15.30 23.40 1.87 2.00 5.30
3987 1977 171 14630.00 14.30 19.50 1.59 5.20 0.00
3987 1977 172 12890.00 10.30 20.00 1.39 1.70 0.00
3987 1977 173 19470.00 14.90 23.00 1.53 2.00 0.00
3987 1977 174 24350.00 13.80 25.70 1.41 2.10 0.00
3987 1977 175 19030.00 14.50 26.40 1.50 2.70 0.00
3987 1977 176 22140.00 13.00 26.80 1.53 2.40 4.10
3987 1977 177 17450.00 15.10 20.20 1.50 4.60 0.00
3987 1977 178 19990.00 9.00 18.60 1.05 6.00 0.00
3987 1977 179 22350.00 11.40 21.90 1.20 3.50 3.40
3987 1977 180 8400.00 12.80 20.70 1.57 2.70 11.80
3987 1977 181 24210.00 11.50 21.40 1.25 2.30 0.00
3987 1977 182 19990.00 11.50 22.80 1.27 4.80 0.00
3987 1977 183 26390.00 14.00 23.40 1.19 5.80 0.00
3987 1977 184 30460.00 9.70 25.20 0.93 3.30 0.00
3987 1977 185 27460.00 11.80 26.30 1.36 3.20 0.00
3987 1977 186 21880.00 12.70 25.80 1.44 3.20 0.00
3987 1977 187 15580.00 12.70 23.80 1.61 3.80 0.00
3987 1977 188 14370.00 12.70 21.60 1.47 4.00 0.30
3987 1977 189 4250.00 14.30 19.40 1.65 4.70 6.60
3987 1977 190 13450.00 14.50 20.90 1.64 4.10 2.20
3987 1977 191 11260.00 14.40 22.50 1.68 4.00 0.00
3987 1977 192 24770.00 12.60 27.90 1.57 3.80 0.00
3987 1977 193 28440.00 14.00 29.30 1.58 2.40 0.00
3987 1977 194 25790.00 13.60 27.20 1.49 4.60 0.00
3987 1977 195 16400.00 13.20 22.60 1.11 5.80 0.80
3987 1977 196 17080.00 10.50 18.40 1.08 3.50 2.00
3987 1977 197 23510.00 7.90 19.40 0.98 5.70 0.00
3987 1977 198 16040.00 10.50 20.50 1.08 6.80 0.10
3987 1977 199 7200.00 12.20 20.00 1.44 6.00 9.30
3987 1977 200 14830.00 12.60 20.20 1.46 5.60 0.00
3987 1977 201 11020.00 13.00 19.90 1.35 4.10 0.10
3987 1977 202 19460.00 10.90 20.60 1.23 4.90 0.00
3987 1977 203 13900.00 10.20 19.50 1.23 3.30 0.00
3987 1977 204 5780.00 12.90 18.30 1.51 3.70 1.40
3987 1977 205 5150.00 15.00 19.90 1.73 5.80 6.00
3987 1977 206 3590.00 12.50 15.70 1.54 2.20 10.60
3987 1977 207 12400.00 11.60 18.30 1.37 5.40 0.00
3987 1977 208 14840.00 10.00 19.00 1.33 3.60 1.30
3987 1977 209 17530.00 10.20 22.20 1.40 1.50 0.00
3987 1977 210 15200.00 13.80 24.30 1.45 3.50 0.00
3987 1977 211 23490.00 14.40 27.70 1.56 3.70 0.00
3987 1977 212 16100.00 15.20 24.40 1.57 5.50 0.00
3987 1977 213 15790.00 13.30 22.90 1.44 5.90 0.00
3987 1977 214 21270.00 12.60 23.50 1.40 5.20 0.30
3987 1977 215 5650.00 14.40 21.20 1.64 3.80 6.40
3987 1977 216 13110.00 12.90 23.00 1.62 3.30 4.00
3987 1977 217 18900.00 12.90 26.20 1.60 2.30 0.00
3987 1977 218 20240.00 12.40 25.00 1.54 2.80 2.90
3987 1977 219 11340.00 14.20 21.70 1.72 4.20 4.20
3987 1977 220 12330.00 15.20 23.20 1.79 2.40 0.10
3987 1977 221 21010.00 13.70 25.60 1.61 1.90 9.80
3987 1977 222 5470.00 14.80 22.10 1.82 2.20 8.70
3987 1977 223 2770.00 13.90 17.30 1.61 3.30 4.40
3987 1977 224 6000.00 13.80 18.20 1.63 2.40 0.10
3987 1977 225 11260.00 12.90 20.80 1.62 1.70 8.00
3987 1977 226 11680.00 13.60 22.80 1.69 2.30 0.00
3987 1977 227 10830.00 14.20 20.80 1.53 2.50 0.00
3987 1977 228 18570.00 9.40 20.90 1.16 2.50 0.00
3987 1977 229 20260.00 9.20 21.30 1.19 4.40 0.30
3987 1977 230 5090.00 13.00 18.40 1.45 4.90 4.00
3987 1977 231 10800.00 13.50 20.80 1.60 2.40 2.90
3987 1977 232 3040.00 12.60 16.60 1.49 3.70 1.40
3987 1977 233 7110.00 11.70 18.20 1.48 4.30 0.00
3987 1977 234 11170.00 11.90 19.50 1.30 5.00 0.00
3987 1977 235 17460.00 10.10 21.00 1.17 3.20 0.00
3987 1977 236 19460.00 8.90 21.30 1.09 1.80 0.00
3987 1977 237 15870.00 9.40 23.30 1.24 4.80 0.00
3987 1977 238 8440.00 14.40 22.90 1.62 3.20 2.80
3987 1977 239 11920.00 13.80 21.00 1.62 2.50 0.00
3987 1977 240 17800.00 13.40 23.50 1.59 2.50 0.00
3987 1977 241 17170.00 10.50 22.70 1.40 2.00 0.00
3987 1977 242 16490.00 12.90 26.80 1.80 3.30 0.00
3987 1977 243 14160.00 17.40 28.10 2.04 2.10 4.30
3987 1977 244 13130.00 16.90 24.80 1.99 2.80 35.70
3987 1977 245 13180.00 15.30 23.90 2.01 1.20 0.00
3987 1977 246 7280.00 15.40 24.60 1.99 2.00 1.10
3987 1977 247 19030.00 13.80 21.50 1.38 2.70 0.00
3987 1977 248 13000.00 9.90 22.50 1.42 2.80 0.00
3987 1977 249 16340.00 13.50 24.30 1.47 3.80 1.10
3987 1977 250 4750.00 16.10 18.80 1.66 3.30 0.20
3987 1977 251 5830.00 9.60 16.10 1.21 1.30 14.50
3987 1977 252 14450.00 8.50 15.90 1.15 5.40 0.20
3987 1977 253 5690.00 7.00 11.30 1.06 4.80 12.60
3987 1977 254 3950.00 9.10 16.80 1.53 5.60 1.60
3987 1977 255 9810.00 13.40 18.80 1.59 7.30 0.00
3987 1977 256 18960.00 4.90 15.70 0.84 2.30 0.00
3987 1977 257 11380.00 6.10 15.80 0.97 7.00 0.00
3987 1977 258 9450.00 12.40 16.90 1.08 10.30 0.00
3987 1977 259 12610.00 7.40 14.50 0.86 6.20 0.90
3987 1977 260 14490.00 3.70 15.30 0.83 2.00 0.00
3987 1977 261 13430.00 3.50 15.50 0.79 1.80 0.00
3987 1977 262 13400.00 3.60 15.20 0.83 1.40 0.00
3987 1977 263 6710.00 6.30 14.10 0.98 0.80 0.00
3987 1977 264 4850.00 8.40 13.50 1.06 1.00 2.40
3987 1977 265 3020.00 9.70 12.90 1.28 1.60 0.00
3987 1977 266 7732.76 9.90 15.90 1.20 1.30 0.20
3987 1977 267 15160.00 3.80 15.20 0.86 4.20 0.00
3987 1977 268 16020.00 2.80 12.70 0.76 5.00 0.00
3987 1977 269 15160.00 2.50 14.40 0.74 5.40 0.00
3987 1977 270 14290.00 2.40 13.30 0.62 5.50 0.00
3987 1977 271 11160.00 0.80 16.90 0.76 5.30 0.40
3987 1977 272 9570.00 10.20 17.10 1.10 6.50 0.00
3987 1977 273 1810.00 12.00 14.60 1.15 7.50 0.00
3987 1977 274 4210.00 7.20 13.80 1.00 9.60 3.40
3987 1977 275 3280.00 6.40 11.20 0.89 8.70 2.00
3987 1977 276 8600.00 4.60 12.50 0.95 6.80 1.00
3987 1977 277 2270.00 5.60 11.50 0.96 5.50 3.70
3987 1977 278 7970.00 9.10 16.60 1.17 5.40 8.00
3987 1977 279 5690.00 9.60 18.30 1.45 4.10 0.00
3987 1977 280 10660.00 10.70 23.50 1.45 4.80 0.00
3987 1977 281 10810.00 10.70 22.40 1.49 3.80 0.00
3987 1977 282 3770.00 10.00 16.10 1.43 1.10 0.00
3987 1977 283 1240.00 11.00 14.40 1.44 2.00 9.20
3987 1977 284 2660.00 9.60 13.40 1.24 3.40 0.50
3987 1977 285 9320.00 5.40 15.40 1.02 2.80 0.00
3987 1977 286 8220.00 5.40 16.30 1.11 2.20 0.00
3987 1977 287 7280.00 3.50 15.40 1.04 1.50 0.00
3987 1977 288 3590.00 7.40 12.70 0.97 4.40 0.00
3987 1977 289 8570.00 2.40 13.20 0.87 4.30 0.00
3987 1977 290 8030.00 1.10 16.00 0.89 2.40 0.00
3987 1977 291 4010.00 1.60 8.70 0.84 0.90 0.00
3987 1977 292 4960.00 2.00 12.30 0.86 1.30 0.00
3987 1977 293 6500.00 2.70 14.30 0.93 4.00 0.00
3987 1977 294 7740.00 4.20 13.80 0.96 5.00 0.00
3987 1977 295 7580.00 6.80 20.50 1.06 3.80 0.00
3987 1977 296 6770.00 8.50 20.50 1.17 3.80 0.10
3987 1977 297 6980.00 9.10 17.60 1.27 3.20 0.00
3987 1977 298 6160.00 10.00 17.90 1.29 2.40 0.00
3987 1977 299 3850.00 7.60 13.60 1.15 1.80 0.00
3987 1977 300 1280.00 3.70 9.80 1.06 1.40 0.30
3987 1977 301 1770.00 8.90 11.20 1.19 0.90 0.00
3987 1977 302 5650.00 9.10 13.70 1.19 2.00 0.00
3987 1977 303 1510.00 9.30 12.30 1.19 1.00 0.00
3987 1977 304 5600.00 3.10 12.50 0.95 4.10 4.70
3987 1977 305 1630.00 6.90 10.20 1.08 4.40 5.60
3987 1977 306 5730.00 1.70 10.50 0.83 4.60 8.80
3987 1977 307 4280.00 6.30 13.70 1.13 5.90 0.10
3987 1977 308 2730.00 9.00 11.40 1.01 6.50 1.80
3987 1977 309 5470.00 3.20 11.20 0.86 6.10 0.00
3987 1977 310 4570.00 4.80 14.10 0.98 6.20 0.00
3987 1977 311 4410.00 8.20 16.60 1.09 4.60 0.00
3987 1977 312 3300.00 6.70 13.60 1.05 6.70 8.10
3987 1977 313 1710.00 7.40 11.90 1.09 6.50 3.00
3987 1977 314 830.00 9.30 13.80 1.26 5.00 4.30
3987 1977 315 5260.00 8.00 15.80 1.19 6.70 0.00
3987 1977 316 900.00 7.00 13.80 1.01 9.00 6.70
3987 1977 317 3560.00 4.30 7.60 0.70 10.70 0.00
3987 1977 318 560.00 1.40 5.60 0.76 9.00 5.80
3987 1977 319 1030.00 5.10 8.40 0.72 11.80 0.00
3987 1977 320 1420.00 4.00 7.30 0.74 7.70 0.50
3987 1977 321 2450.00 3.00 6.60 0.70 3.00 0.10
3987 1977 322 3680.00 2.20 5.70 0.73 4.20 0.20
3987 1977 323 1410.00 1.70 4.90 0.68 9.00 0.40
3987 1977 324 3600.00 2.60 7.20 0.60 9.50 0.00
3987 1977 325 2180.00 0.90 4.60 0.56 5.80 0.70
3987 1977 326 1180.00 1.50 3.80 0.69 6.60 3.40
3987 1977 327 2870.00 1.60 6.50 0.71 7.30 0.90
3987 1977 328 1710.00 3.00 7.80 0.77 9.30 1.60
3987 1977 329 1110.00 3.50 5.10 0.73 5.90 0.80
3987 1977 330 850.00 1.00 4.00 0.65 4.00 0.80
3987 1977 331 1710.00 0.40 3.20 0.61 4.50 0.10
3987 1977 332 4110.00 -3.90 2.40 0.49 3.40 0.00
3987 1977 333 2190.00 -1.00 2.50 0.50 4.60 0.80
3987 1977 334 690.00 0.00 2.80 0.68 3.00 0.00
3987 1977 335 940.00 -0.40 3.30 0.62 2.30 0.00
3987 1977 336 1420.00 -1.00 2.50 0.58 2.80 0.40
3987 1977 337 1840.00 1.30 6.30 0.76 2.20 0.00
3987 1977 338 3080.00 -2.60 4.50 0.54 3.00 0.00
3987 1977 339 2860.00 -6.00 -0.60 0.42 3.30 0.00
3987 1977 340 1640.00 -6.10 -1.60 0.44 1.30 0.00
3987 1977 341 1120.00 -5.20 -0.70 0.44 5.50 0.00
3987 1977 342 2560.00 -1.80 3.80 0.58 7.50 0.00
3987 1977 343 1703.09 -0.40 2.50 0.55 6.00 0.10
3987 1977 344 1120.00 -2.50 2.40 0.51 9.70 0.00
3987 1977 345 2410.00 -5.40 2.00 0.41 7.50 1.40
3987 1977 346 470.00 0.00 1.70 0.57 5.00 9.90
3987 1977 347 690.00 0.50 6.50 0.82 3.70 0.60
3987 1977 348 610.00 2.70 6.60 0.87 5.10 3.10
3987 1977 349 780.00 6.00 7.70 0.96 3.20 0.10
3987 1977 350 1110.00 4.40 6.70 0.86 1.50 0.00
3987 1977 351 570.00 0.60 4.80 0.70 3.60 0.00
3987 1977 352 1780.00 2.70 5.40 0.68 3.50 0.00
3987 1977 353 1240.00 0.60 6.30 0.69 3.90 0.00
3987 1977 354 560.00 3.30 5.30 0.74 0.80 0.00
3987 1977 355 1070.00 0.00 3.90 0.65 5.10 0.00
3987 1977 356 2310.00 -2.50 2.20 0.51 4.50 0.70
3987 1977 357 1660.00 -1.80 4.70 0.70 5.10 1.00
3987 1977 358 1380.00 3.20 15.50 1.00 11.90 2.00
3987 1977 359 730.00 5.70 10.50 0.87 9.00 0.60
3987 1977 360 520.00 4.80 6.90 0.81 6.60 1.00
3987 1977 361 1140.00 3.70 5.90 0.80 5.40 10.30
3987 1977 362 2390.00 1.40 5.50 0.63 6.90 0.80
3987 1977 363 1070.00 2.30 3.60 0.70 6.70 8.80
3987 1977 364 860.00 0.20 3.30 0.66 10.10 5.10
3987 1977 365 2310.00 -0.20 2.70 0.55 9.60 0.10
