*---------------------------------------------------------------------------*
* Station name: Potsdam Saekularstation
* Year: 1935
* Author: Pedro Alencar                                   -999.000: NIL VALUE
* Source: DWD
* Comments: Gaps filled with interpolation and storical means
* Longitude: 13.0622, latitude: 52.3812, altitude: 82.0 m.
*
    * Column  Daily value
    * 1       station number
    * 2       year
    * 3       day
    * 4       irradiation                   (kJ m-2 d-1)
    * 5       minimum temperature           (degrees Celsius
    * 6       maximum temperature           (degrees Celsius)
    * 7       early morning vapour pressure (kPa)
    * 8       mean wind speed (height: 2 m) (m s-1)
    * 9       precipitation                 (mm d-1)
    *
** WCCDESCRIPTION=Potsdam, Germany
** WCCFORMAT=2
** WCCYEARNR=1935
*---------------------------------------------------------------------------*
   13.0622 52.3812 82.0 -0.18 -0.55
3987 1935 1 1538.97 5.10 7.20 0.92 5.10 0.40
3987 1935 2 1554.37 3.20 5.70 0.79 4.90 2.60
3987 1935 3 2448.41 -2.20 3.70 0.49 3.00 0.00
3987 1935 4 1585.05 -2.70 3.70 0.64 5.30 8.90
3987 1935 5 1598.97 1.50 3.20 0.72 4.60 1.60
3987 1935 6 1617.21 0.40 2.00 0.64 2.40 0.10
3987 1935 7 1643.74 -5.50 0.70 0.41 6.30 0.00
3987 1935 8 1670.37 -9.40 -5.20 0.27 6.00 0.00
3987 1935 9 4422.21 -14.00 -7.60 0.19 3.00 0.10
3987 1935 10 1710.56 -14.10 -6.90 0.28 2.70 0.40
3987 1935 11 1729.33 -10.50 -5.20 0.31 3.40 2.20
3987 1935 12 1743.60 -5.50 -2.10 0.44 3.70 0.40
3987 1935 13 1763.70 -3.50 0.10 0.52 4.80 4.40
3987 1935 14 1786.53 -1.40 0.40 0.57 4.00 1.00
3987 1935 15 1818.17 -5.00 -0.90 0.48 4.00 0.40
3987 1935 16 1836.41 -4.50 0.70 0.63 4.20 0.60
3987 1935 17 1865.57 -1.90 2.30 0.63 3.90 0.70
3987 1935 18 1898.57 -6.10 -0.20 0.49 2.90 0.10
3987 1935 19 1927.69 -2.10 -0.40 0.55 2.00 0.00
3987 1935 20 1957.35 -2.00 -0.30 0.56 4.10 0.70
3987 1935 21 1986.38 -0.60 0.90 0.64 1.90 0.70
3987 1935 22 2015.12 -0.30 3.40 0.71 3.90 1.10
3987 1935 23 2046.06 2.80 3.90 0.77 7.50 0.70
3987 1935 24 2078.68 3.10 5.70 0.72 8.80 0.10
3987 1935 25 2117.10 2.10 6.60 0.71 9.50 8.40
3987 1935 26 3492.62 0.40 4.70 0.60 3.60 0.30
3987 1935 27 2205.79 -1.60 0.60 0.53 3.40 0.20
3987 1935 28 2774.42 -5.30 0.20 0.47 3.40 1.10
3987 1935 29 2397.97 -4.20 -0.10 0.43 3.40 0.40
3987 1935 30 2445.27 -9.10 -1.90 0.41 5.50 3.70
3987 1935 31 2366.86 -1.90 1.90 0.61 5.20 4.50
3987 1935 32 4880.69 0.20 3.70 0.65 7.40 11.00
3987 1935 33 2610.29 0.90 8.50 0.81 10.80 3.00
3987 1935 34 4979.54 -0.30 3.80 0.49 11.50 0.70
3987 1935 35 4203.80 0.20 2.70 0.47 8.40 0.00
3987 1935 36 2595.53 -0.60 3.70 0.51 5.40 0.70
3987 1935 37 4535.12 -4.30 1.10 0.43 4.50 0.80
3987 1935 38 7720.24 -6.50 -0.10 0.32 3.60 0.00
3987 1935 39 5863.92 -8.70 -1.80 0.33 3.50 0.00
3987 1935 40 5519.30 -10.70 -3.60 0.29 2.90 0.00
3987 1935 41 5000.46 -9.70 -4.00 0.29 2.80 0.90
3987 1935 42 2919.26 -10.20 0.10 0.48 3.80 0.00
3987 1935 43 4346.84 -0.90 3.80 0.55 5.40 1.70
3987 1935 44 3009.00 0.20 5.00 0.68 6.80 1.00
3987 1935 45 3702.16 2.60 7.90 0.75 8.40 1.40
3987 1935 46 4032.84 1.60 6.40 0.65 10.30 14.90
3987 1935 47 3163.71 1.30 10.20 1.03 8.60 11.90
3987 1935 48 4569.53 2.70 10.20 0.72 14.30 1.90
3987 1935 49 3357.93 3.60 9.10 0.79 6.00 0.30
3987 1935 50 5118.42 5.40 10.90 0.68 5.50 0.00
3987 1935 51 9325.40 1.50 13.40 0.68 6.20 0.00
3987 1935 52 3470.32 6.20 12.40 0.75 7.90 0.30
3987 1935 53 4452.54 3.20 9.20 0.65 7.10 0.00
3987 1935 54 3624.79 1.40 8.70 0.65 6.00 6.30
3987 1935 55 7904.07 0.00 6.30 0.49 5.30 4.80
3987 1935 56 5783.70 0.40 10.60 0.71 7.60 0.00
3987 1935 57 5973.05 0.70 7.70 0.57 6.60 0.00
3987 1935 58 7658.94 -1.30 5.60 0.55 6.00 0.00
3987 1935 59 5482.25 -3.20 5.10 0.60 3.60 0.00
3987 1935 60 7467.73 -0.10 8.90 0.61 3.40 0.00
3987 1935 61 4103.47 -1.10 3.50 0.64 4.30 7.40
3987 1935 62 4196.07 -3.80 2.50 0.45 4.60 2.20
3987 1935 63 9879.39 -7.40 -1.40 0.28 4.70 0.00
3987 1935 64 12438.71 -10.60 -1.10 0.27 3.50 0.00
3987 1935 65 12361.31 -12.50 0.10 0.25 5.40 0.00
3987 1935 66 7782.81 -10.60 1.20 0.33 4.50 1.80
3987 1935 67 10727.39 -11.20 -0.30 0.28 5.50 0.00
3987 1935 68 12035.04 -8.20 0.50 0.31 6.80 0.00
3987 1935 69 12335.22 -8.30 1.90 0.35 5.30 0.00
3987 1935 70 13723.78 -7.80 6.00 0.36 4.60 0.00
3987 1935 71 11881.45 -3.70 5.80 0.52 4.80 0.00
3987 1935 72 7172.99 -1.00 5.00 0.59 5.60 0.00
3987 1935 73 9287.43 -3.50 4.60 0.56 5.70 0.00
3987 1935 74 13162.31 -2.10 8.30 0.53 6.50 0.00
3987 1935 75 14685.76 -1.10 11.40 0.56 5.50 0.00
3987 1935 76 12737.34 0.70 16.10 0.71 4.00 0.00
3987 1935 77 8301.21 6.10 14.30 0.87 4.20 0.90
3987 1935 78 9422.13 5.40 10.20 0.75 3.00 0.00
3987 1935 79 13846.86 2.80 17.50 0.76 4.80 0.00
3987 1935 80 12361.04 5.80 14.90 0.81 5.10 0.00
3987 1935 81 13578.51 5.00 19.50 0.77 5.30 0.00
3987 1935 82 8345.15 6.80 11.90 0.87 6.30 6.40
3987 1935 83 8925.78 6.00 11.70 0.85 7.20 1.60
3987 1935 84 7030.54 4.90 10.80 0.79 5.00 0.10
3987 1935 85 7869.68 8.00 11.40 0.92 8.10 0.00
3987 1935 86 8959.44 4.70 9.40 0.84 7.40 5.10
3987 1935 87 6333.74 3.50 8.20 0.63 6.90 0.50
3987 1935 88 9224.65 -1.10 5.90 0.49 6.80 9.50
3987 1935 89 14391.75 -3.50 5.60 0.44 4.10 0.00
3987 1935 90 7798.04 -2.30 7.20 0.57 3.60 9.70
3987 1935 91 7258.62 1.20 9.10 0.81 6.10 3.50
3987 1935 92 6552.37 1.40 5.40 0.67 5.20 2.80
3987 1935 93 13790.12 -1.90 6.80 0.60 4.30 0.00
3987 1935 94 14418.08 -2.30 7.90 0.55 4.70 1.50
3987 1935 95 7734.49 -0.50 3.30 0.63 6.70 7.40
3987 1935 96 10625.12 -0.60 6.40 0.60 6.30 2.50
3987 1935 97 18088.04 0.40 9.80 0.59 4.40 1.40
3987 1935 98 6989.97 2.90 9.20 0.89 5.70 6.00
3987 1935 99 7990.51 4.00 10.10 0.92 5.30 3.80
3987 1935 100 13651.54 8.80 20.60 1.24 6.10 1.10
3987 1935 101 16783.47 9.50 16.60 0.88 5.90 0.00
3987 1935 102 11424.23 5.60 13.70 0.84 3.70 9.60
3987 1935 103 15669.89 3.10 7.60 0.67 8.00 1.80
3987 1935 104 17621.59 -0.30 10.20 0.53 3.50 0.00
3987 1935 105 18924.44 0.00 10.80 0.56 3.40 0.00
3987 1935 106 15257.93 -0.10 14.80 0.59 5.70 0.80
3987 1935 107 7524.55 6.80 10.90 0.95 3.50 10.40
3987 1935 108 7593.41 7.00 9.70 1.04 1.60 4.40
3987 1935 109 20913.22 5.90 18.40 0.81 2.80 0.00
3987 1935 110 22011.94 5.50 19.80 0.79 3.20 0.00
3987 1935 111 22032.19 5.50 19.60 0.72 5.10 0.00
3987 1935 112 20359.41 5.90 21.10 1.03 4.70 2.90
3987 1935 113 15235.12 8.90 18.70 1.21 3.40 2.30
3987 1935 114 14864.94 9.20 21.20 1.09 6.00 1.10
3987 1935 115 11752.06 8.80 17.60 1.11 5.10 13.10
3987 1935 116 10030.94 8.50 15.40 1.08 3.10 3.10
3987 1935 117 12030.48 8.40 15.80 1.09 2.70 0.00
3987 1935 118 10418.41 6.00 15.90 0.89 6.20 0.00
3987 1935 119 8339.37 6.40 9.80 0.83 6.00 0.70
3987 1935 120 14667.34 1.90 10.10 0.72 6.60 2.60
3987 1935 121 16338.92 -1.20 5.10 0.49 4.50 1.00
3987 1935 122 17155.32 -3.60 9.20 0.44 3.80 0.00
3987 1935 123 21798.55 1.60 14.30 0.51 2.50 0.00
3987 1935 124 24844.61 1.40 17.00 0.53 3.60 0.00
3987 1935 125 24849.37 4.50 20.30 0.65 4.10 0.00
3987 1935 126 24960.18 6.40 23.10 0.73 3.20 0.00
3987 1935 127 14949.71 9.80 19.20 0.88 3.40 1.10
3987 1935 128 19773.77 6.00 14.80 0.68 4.90 0.00
3987 1935 129 26093.32 1.00 15.10 0.48 4.20 0.00
3987 1935 130 25186.15 3.50 20.40 0.60 2.80 0.00
3987 1935 131 20838.00 5.90 19.30 0.91 3.40 0.00
3987 1935 132 16529.61 6.00 13.90 0.69 6.60 0.20
3987 1935 133 18904.82 3.40 10.40 0.61 6.50 0.10
3987 1935 134 22033.42 -0.50 12.50 0.51 3.00 0.00
3987 1935 135 14077.49 5.00 14.60 0.67 5.80 14.60
3987 1935 136 9988.70 3.40 10.70 0.77 6.10 0.10
3987 1935 137 12057.81 4.40 12.60 0.76 2.40 0.70
3987 1935 138 18932.04 2.20 12.90 0.77 3.10 0.70
3987 1935 139 14674.44 4.20 12.00 0.76 5.80 0.50
3987 1935 140 24960.08 1.90 16.90 0.65 3.80 0.00
3987 1935 141 23731.86 6.90 19.60 0.64 3.30 0.00
3987 1935 142 24327.68 6.10 21.10 0.75 6.10 0.00
3987 1935 143 10427.53 12.40 20.30 1.36 6.60 6.30
3987 1935 144 9520.26 12.40 18.20 1.45 4.00 17.00
3987 1935 145 10035.86 11.00 16.70 1.49 2.50 0.20
3987 1935 146 14510.51 9.90 20.00 1.11 3.70 1.90
3987 1935 147 27251.42 5.50 20.80 0.97 4.10 0.00
3987 1935 148 25475.61 7.00 22.50 0.93 3.90 0.00
3987 1935 149 26645.24 10.20 24.30 1.08 4.20 0.00
3987 1935 150 25068.99 11.60 26.30 1.07 3.80 0.00
3987 1935 151 19714.70 8.30 18.20 0.92 4.40 0.00
3987 1935 152 26349.33 3.60 18.10 0.56 2.90 0.00
3987 1935 153 22091.88 7.70 21.40 0.92 3.60 0.00
3987 1935 154 18476.41 10.00 23.20 1.24 3.40 8.80
3987 1935 155 22988.14 9.80 20.40 1.11 4.20 0.30
3987 1935 156 16475.25 11.90 22.90 1.19 4.90 0.00
3987 1935 157 20193.01 11.20 18.40 1.20 6.60 0.50
3987 1935 158 25955.69 8.70 24.20 1.15 4.90 0.00
3987 1935 159 22710.04 16.10 26.70 1.16 6.10 0.00
3987 1935 160 24521.77 13.10 22.70 0.92 4.00 0.00
3987 1935 161 27738.24 10.60 27.90 1.11 5.30 0.00
3987 1935 162 22388.24 17.00 33.40 1.52 4.80 5.40
3987 1935 163 15828.45 10.40 22.50 1.19 5.40 0.20
3987 1935 164 23564.27 9.30 23.60 1.13 4.30 0.00
3987 1935 165 27055.15 14.50 30.50 1.25 4.00 0.00
3987 1935 166 19919.80 15.10 30.20 1.59 4.20 33.60
3987 1935 167 21301.36 10.90 18.70 1.17 5.90 2.70
3987 1935 168 21644.13 8.80 21.10 1.07 3.90 0.20
3987 1935 169 19465.21 8.50 21.50 1.17 2.90 4.30
3987 1935 170 11399.94 11.50 17.30 1.33 6.90 5.70
3987 1935 171 19506.14 6.80 17.60 1.07 6.90 0.00
3987 1935 172 12912.03 13.40 21.40 1.43 2.40 0.00
3987 1935 173 25950.88 10.80 26.90 1.57 2.90 0.00
3987 1935 174 28371.24 15.40 28.90 1.73 4.30 0.00
3987 1935 175 21864.29 19.40 29.80 1.93 4.30 0.10
3987 1935 176 26569.73 18.80 32.60 1.93 2.90 0.00
3987 1935 177 23314.28 20.40 34.50 2.03 2.70 0.00
3987 1935 178 22762.30 20.70 32.10 1.79 5.60 3.40
3987 1935 179 16583.02 17.20 23.70 1.71 5.00 2.50
3987 1935 180 23809.01 12.90 23.80 1.29 6.60 0.00
3987 1935 181 25039.48 11.50 26.70 1.53 2.50 0.00
3987 1935 182 28632.42 14.50 29.70 1.35 3.90 0.00
3987 1935 183 25497.68 15.20 31.10 1.67 5.30 0.00
3987 1935 184 20900.31 16.40 26.30 1.55 4.60 0.00
3987 1935 185 18650.39 13.90 23.70 1.53 7.40 2.70
3987 1935 186 11221.42 14.20 19.50 1.68 8.90 5.40
3987 1935 187 19911.82 11.60 18.80 1.05 8.90 0.40
3987 1935 188 10841.23 9.20 17.20 1.08 4.50 0.00
3987 1935 189 24424.04 11.30 19.30 1.15 4.10 0.00
3987 1935 190 27716.09 10.70 26.10 1.47 3.40 0.00
3987 1935 191 26723.33 14.00 29.80 1.52 3.10 0.00
3987 1935 192 24444.20 12.60 28.60 1.56 2.90 0.00
3987 1935 193 27696.13 14.80 29.90 1.40 2.90 0.00
3987 1935 194 26741.81 13.20 29.00 1.20 3.40 0.00
3987 1935 195 26103.73 12.30 28.60 1.36 3.10 0.00
3987 1935 196 25516.54 14.80 30.10 1.51 3.50 0.00
3987 1935 197 10548.51 14.40 23.30 1.51 5.10 5.00
3987 1935 198 20446.43 14.70 25.10 1.48 4.00 0.30
3987 1935 199 17255.50 15.50 22.40 1.27 5.00 0.60
3987 1935 200 20569.34 12.40 22.60 1.23 4.20 0.00
3987 1935 201 15814.97 13.20 27.00 1.33 3.30 4.90
3987 1935 202 13869.74 12.70 18.50 1.41 7.20 3.50
3987 1935 203 12836.80 10.50 20.50 1.39 7.20 1.40
3987 1935 204 17390.63 13.40 22.60 1.36 4.50 0.00
3987 1935 205 22074.60 13.60 26.90 1.57 3.60 0.00
3987 1935 206 24538.35 14.40 25.10 1.20 3.60 0.00
3987 1935 207 26695.99 9.80 25.90 1.19 3.20 0.00
3987 1935 208 19377.97 10.60 23.10 1.23 5.00 1.60
3987 1935 209 15214.75 14.70 23.00 1.41 8.60 0.50
3987 1935 210 16984.68 12.80 19.80 1.15 10.20 0.00
3987 1935 211 11540.14 10.30 17.10 1.15 9.00 0.00
3987 1935 212 9254.92 11.50 17.10 1.11 5.20 0.00
3987 1935 213 14540.85 11.80 22.00 1.35 3.20 0.00
3987 1935 214 9674.10 14.20 23.70 1.51 2.00 0.00
3987 1935 215 15339.04 14.40 23.20 1.23 3.10 0.00
3987 1935 216 24481.14 7.70 21.90 1.09 3.30 0.00
3987 1935 217 16464.87 12.10 21.80 1.25 3.10 0.00
3987 1935 218 13594.27 10.80 24.10 1.49 3.40 0.00
3987 1935 219 8726.24 12.90 21.10 1.41 4.10 0.00
3987 1935 220 19370.21 11.60 27.70 1.48 2.50 0.00
3987 1935 221 18420.03 14.80 33.70 1.55 4.50 2.40
3987 1935 222 8459.93 14.90 19.70 1.73 5.50 1.40
3987 1935 223 24618.26 10.70 28.20 1.24 3.10 0.00
3987 1935 224 20809.52 13.40 31.40 1.25 4.40 0.00
3987 1935 225 8391.37 13.50 25.20 1.65 4.00 30.90
3987 1935 226 8252.86 11.80 14.00 1.41 6.10 19.40
3987 1935 227 12664.92 11.80 19.20 1.36 5.50 0.00
3987 1935 228 11585.30 10.90 19.80 1.35 3.20 0.00
3987 1935 229 12403.48 12.20 19.40 1.36 2.20 0.90
3987 1935 230 15643.97 10.60 21.60 1.29 1.90 0.10
3987 1935 231 22924.11 10.80 23.60 1.29 2.40 0.00
3987 1935 232 22097.19 11.70 24.90 1.40 2.20 0.00
3987 1935 233 19657.54 14.50 25.90 1.43 2.70 0.00
3987 1935 234 18457.86 14.60 26.30 1.51 2.70 0.00
3987 1935 235 21863.93 12.30 25.00 1.21 4.10 0.00
3987 1935 236 20583.70 11.00 22.30 1.19 3.80 0.00
3987 1935 237 20339.19 10.50 23.20 1.15 3.70 0.00
3987 1935 238 15005.63 10.60 25.10 1.11 5.10 0.00
3987 1935 239 14067.77 14.50 23.60 1.53 2.80 8.00
3987 1935 240 16714.50 12.30 23.30 1.65 3.40 12.30
3987 1935 241 13607.83 12.70 18.40 1.25 5.00 0.00
3987 1935 242 18146.11 8.50 21.30 1.09 3.40 0.30
3987 1935 243 12709.44 10.00 23.50 1.40 4.90 0.30
3987 1935 244 18568.34 15.10 27.00 1.59 3.90 0.00
3987 1935 245 15425.83 15.30 30.30 1.44 4.60 0.00
3987 1935 246 14342.78 14.30 24.60 1.32 2.60 0.00
3987 1935 247 14368.90 12.70 22.30 1.41 3.10 0.80
3987 1935 248 16142.70 12.00 18.70 1.24 7.30 1.20
3987 1935 249 8901.91 10.70 16.60 1.29 5.20 2.10
3987 1935 250 11663.77 10.80 16.70 1.08 9.50 2.60
3987 1935 251 15490.68 8.40 17.90 1.04 6.60 0.30
3987 1935 252 10381.64 7.50 13.80 1.05 5.00 4.50
3987 1935 253 13670.33 4.10 16.10 0.91 2.70 0.00
3987 1935 254 16781.60 5.50 18.30 0.88 2.20 0.00
3987 1935 255 17252.82 6.20 23.10 0.87 3.40 0.00
3987 1935 256 10268.96 8.50 24.60 1.39 4.70 0.00
3987 1935 257 11469.85 13.40 23.70 1.48 5.20 0.10
3987 1935 258 13012.56 12.40 23.20 1.23 4.60 0.60
3987 1935 259 10749.79 11.80 19.60 1.19 5.40 0.30
3987 1935 260 8165.43 9.30 19.30 1.13 7.10 0.60
3987 1935 261 12421.09 11.20 18.90 1.01 7.00 0.50
3987 1935 262 9683.45 8.20 16.50 1.20 7.90 0.50
3987 1935 263 8622.88 14.20 20.70 1.52 7.40 7.40
3987 1935 264 15772.43 11.50 20.40 1.09 3.70 0.00
3987 1935 265 13710.91 9.70 25.90 1.44 5.20 0.00
3987 1935 266 10060.74 10.80 22.30 1.11 6.40 0.00
3987 1935 267 15088.78 7.50 17.20 0.84 5.20 0.00
3987 1935 268 5854.94 7.00 15.30 1.12 8.40 9.30
3987 1935 269 5247.88 8.10 13.20 1.01 11.00 0.10
3987 1935 270 6665.65 5.40 13.90 0.97 4.20 1.90
3987 1935 271 10778.85 9.30 19.20 1.24 3.10 0.00
3987 1935 272 11946.56 10.30 25.20 1.41 5.00 1.40
3987 1935 273 11609.46 11.10 19.90 1.08 6.50 1.40
3987 1935 274 5358.72 12.20 16.30 1.31 3.30 0.60
3987 1935 275 4712.24 9.00 13.10 1.15 3.00 0.20
3987 1935 276 11428.02 4.80 17.10 0.96 4.50 0.00
3987 1935 277 10990.12 9.70 22.20 1.25 5.10 0.00
3987 1935 278 6744.52 10.80 18.10 1.29 4.30 0.00
3987 1935 279 4412.57 8.90 14.40 1.27 2.70 0.50
3987 1935 280 7764.46 10.60 16.30 1.28 4.10 0.40
3987 1935 281 8756.67 7.80 17.50 1.19 3.70 0.00
3987 1935 282 7943.95 9.70 17.10 1.00 4.80 0.00
3987 1935 283 4665.17 8.50 19.30 1.12 8.20 3.50
3987 1935 284 8736.27 6.70 14.90 0.92 6.10 0.00
3987 1935 285 7810.28 5.80 14.10 0.93 5.00 0.50
3987 1935 286 11601.73 2.40 15.50 0.73 3.60 0.00
3987 1935 287 11365.57 3.70 16.50 0.72 2.70 0.00
3987 1935 288 5488.60 2.90 14.20 0.99 3.90 0.00
3987 1935 289 4222.98 10.40 15.90 1.11 5.40 0.40
3987 1935 290 4724.35 11.70 15.80 1.36 5.40 0.00
3987 1935 291 7016.97 6.80 13.10 0.92 8.10 3.10
3987 1935 292 5784.32 4.20 15.50 0.87 8.40 1.80
3987 1935 293 4250.22 6.40 10.50 0.76 7.70 0.00
3987 1935 294 4262.74 3.40 8.60 0.72 2.70 0.00
3987 1935 295 7544.98 -1.90 9.70 0.56 2.60 0.00
3987 1935 296 3312.00 0.60 7.40 0.63 3.90 0.00
3987 1935 297 3252.60 3.80 7.50 0.68 5.70 16.10
3987 1935 298 3200.87 2.00 4.40 0.72 5.70 6.80
3987 1935 299 3137.89 2.50 5.20 0.80 5.20 6.00
3987 1935 300 3073.26 2.80 8.00 0.91 5.50 21.40
3987 1935 301 5042.41 4.50 9.50 0.80 6.20 1.80
3987 1935 302 3963.51 2.00 8.60 0.83 4.70 6.20
3987 1935 303 5434.80 5.80 10.50 0.71 9.10 0.10
3987 1935 304 6188.14 6.60 13.60 0.89 6.60 0.00
3987 1935 305 7650.32 6.50 17.30 0.97 4.70 0.00
3987 1935 306 7976.71 3.30 14.50 0.95 3.80 0.00
3987 1935 307 2694.95 4.60 7.50 0.91 5.70 0.00
3987 1935 308 6216.16 1.30 8.50 0.69 6.10 0.00
3987 1935 309 4281.54 -1.40 5.70 0.63 4.80 1.00
3987 1935 310 2942.21 2.10 10.90 0.91 4.10 0.00
3987 1935 311 5983.10 2.50 10.90 0.77 4.00 0.10
3987 1935 312 2956.29 4.00 9.90 0.83 4.30 0.00
3987 1935 313 3013.19 2.50 9.40 0.87 4.20 0.10
3987 1935 314 6529.56 3.10 13.40 0.85 4.00 0.10
3987 1935 315 2755.15 1.40 7.00 0.85 4.10 0.10
3987 1935 316 3019.08 1.90 9.10 0.89 4.20 0.10
3987 1935 317 4315.48 5.80 12.50 1.00 2.90 0.00
3987 1935 318 6170.94 5.00 11.90 0.77 5.10 0.00
3987 1935 319 5858.83 -0.20 9.10 0.65 5.20 0.00
3987 1935 320 5673.33 0.50 9.80 0.69 4.20 0.00
3987 1935 321 5342.36 0.90 9.10 0.68 5.00 1.50
3987 1935 322 2060.07 2.50 6.00 0.77 3.60 14.20
3987 1935 323 3735.48 2.10 7.90 0.80 3.90 0.00
3987 1935 324 1991.47 0.20 4.60 0.75 5.80 0.00
3987 1935 325 2533.33 3.00 5.60 0.72 3.90 0.00
3987 1935 326 1929.36 1.70 4.70 0.72 1.70 0.20
3987 1935 327 1900.38 2.40 4.10 0.73 3.10 0.90
3987 1935 328 1873.78 0.40 3.30 0.67 4.50 4.70
3987 1935 329 1980.21 0.60 4.60 0.69 5.20 1.00
3987 1935 330 1813.08 2.90 5.80 0.75 5.40 0.60
3987 1935 331 1786.76 2.90 5.40 0.72 6.10 0.10
3987 1935 332 2294.58 3.70 6.30 0.75 7.90 9.40
3987 1935 333 1776.39 5.20 8.60 0.91 7.90 1.70
3987 1935 334 2106.51 3.30 7.30 0.75 5.50 1.20
3987 1935 335 1694.29 2.20 7.70 0.79 7.00 4.70
3987 1935 336 1807.57 -0.20 4.40 0.67 6.20 1.80
3987 1935 337 2984.60 1.00 6.00 0.60 6.70 0.00
3987 1935 338 2663.62 -2.00 3.80 0.61 5.30 0.80
3987 1935 339 1620.26 2.70 4.60 0.69 3.60 0.10
3987 1935 340 1607.71 -0.10 4.30 0.67 2.00 0.10
3987 1935 341 1595.47 -1.80 1.20 0.55 3.60 0.00
3987 1935 342 3164.15 -1.50 1.90 0.45 4.50 0.00
3987 1935 343 1570.59 -5.00 0.20 0.48 5.50 0.00
3987 1935 344 1552.17 0.10 2.50 0.65 6.20 0.30
3987 1935 345 1543.65 -0.40 2.90 0.56 7.70 0.00
3987 1935 346 1537.57 -2.20 0.00 0.39 5.00 0.00
3987 1935 347 1530.20 -2.90 -1.70 0.39 2.90 0.00
3987 1935 348 1523.95 -4.20 -2.30 0.32 3.30 0.00
3987 1935 349 1516.66 -4.70 -2.80 0.40 2.70 0.10
3987 1935 350 1829.10 -3.40 0.60 0.47 5.20 1.50
3987 1935 351 2826.10 -2.40 2.70 0.57 5.10 6.20
3987 1935 352 1496.67 -2.30 0.60 0.56 4.30 1.10
3987 1935 353 1494.21 -2.40 1.10 0.57 3.60 1.00
3987 1935 354 1493.67 -3.50 -0.40 0.53 3.70 3.80
3987 1935 355 1492.35 -3.10 -0.10 0.53 3.80 0.40
3987 1935 356 1490.27 -2.00 1.20 0.59 6.00 2.90
3987 1935 357 1495.03 -3.60 1.10 0.52 5.00 0.00
3987 1935 358 3485.35 -10.40 -3.10 0.35 4.80 0.00
3987 1935 359 1499.64 -5.20 0.30 0.51 6.10 0.00
3987 1935 360 2823.33 -0.60 3.60 0.64 4.80 0.00
3987 1935 361 2984.03 1.70 9.10 0.72 4.60 0.00
3987 1935 362 2717.89 -1.00 4.30 0.69 5.20 0.00
3987 1935 363 1753.83 2.80 7.10 0.73 5.80 0.00
3987 1935 364 2738.10 1.90 7.20 0.68 5.90 0.50
3987 1935 365 2500.17 3.20 10.90 0.76 7.00 0.10
