*---------------------------------------------------------------------------*
* Station name: Potsdam Saekularstation
* Year: 1949
* Author: Pedro Alencar                                   -999.000: NIL VALUE
* Source: DWD
* Comments: Gaps filled with interpolation and storical means
* Longitude: 13.0622, latitude: 52.3812, altitude: 82.0 m.
*
    * Column  Daily value
    * 1       station number
    * 2       year
    * 3       day
    * 4       irradiation                   (kJ m-2 d-1)
    * 5       minimum temperature           (degrees Celsius
    * 6       maximum temperature           (degrees Celsius)
    * 7       early morning vapour pressure (kPa)
    * 8       mean wind speed (height: 2 m) (m s-1)
    * 9       precipitation                 (mm d-1)
    *
** WCCDESCRIPTION=Potsdam, Germany
** WCCFORMAT=2
** WCCYEARNR=1949
*---------------------------------------------------------------------------*
   13.0622 52.3812 82.0 -0.18 -0.55
3987 1949 1 1080.00 0.80 5.50 0.49 7.40 0.60
3987 1949 2 1330.00 2.00 5.80 0.60 5.60 8.20
3987 1949 3 2960.00 0.80 6.30 0.64 4.90 1.10
3987 1949 4 3380.00 -1.50 3.70 0.52 5.30 0.00
3987 1949 5 2940.00 -2.00 3.50 0.55 4.00 0.00
3987 1949 6 1000.00 -2.00 2.90 0.64 3.60 0.00
3987 1949 7 2040.00 -0.10 3.50 0.65 4.00 0.00
3987 1949 8 1580.00 -3.40 0.70 0.53 4.40 0.30
3987 1949 9 4200.00 -1.20 3.20 0.52 6.10 0.00
3987 1949 10 3820.00 -3.90 1.00 0.47 2.40 0.00
3987 1949 11 2650.00 -6.30 -0.40 0.45 5.80 0.60
3987 1949 12 1250.00 -0.50 2.50 0.59 6.70 2.20
3987 1949 13 2730.00 -2.40 2.50 0.52 5.80 0.10
3987 1949 14 520.00 -2.50 4.50 0.68 6.80 1.60
3987 1949 15 1330.00 0.00 4.60 0.53 9.40 0.00
3987 1949 16 1790.00 -3.50 4.10 0.59 7.10 2.50
3987 1949 17 1530.00 2.30 5.70 0.76 5.80 4.80
3987 1949 18 3260.00 4.00 6.90 0.76 8.30 1.10
3987 1949 19 800.00 4.80 9.80 0.95 9.00 0.60
3987 1949 20 3620.00 5.60 8.60 0.71 9.40 0.00
3987 1949 21 3530.00 0.50 5.60 0.63 12.00 9.70
3987 1949 22 4700.00 -4.70 1.80 0.40 5.20 0.00
3987 1949 23 3710.00 -6.10 2.30 0.44 3.80 0.00
3987 1949 24 5380.00 -3.60 3.10 0.47 4.40 0.00
3987 1949 25 1400.00 -0.70 1.20 0.57 2.30 0.00
3987 1949 26 4320.00 -4.40 0.90 0.47 3.50 0.00
3987 1949 27 5100.00 -3.30 5.50 0.48 3.50 0.00
3987 1949 28 2410.00 -1.50 3.60 0.48 2.80 0.00
3987 1949 29 5180.00 -1.10 7.40 0.55 4.30 0.00
3987 1949 30 4350.00 0.90 6.00 0.60 9.40 0.00
3987 1949 31 4360.00 -1.80 3.80 0.49 6.90 0.00
3987 1949 32 6240.00 -3.70 1.90 0.37 5.80 0.00
3987 1949 33 6790.00 -6.00 0.40 0.32 3.40 0.00
3987 1949 34 3880.00 -6.00 2.80 0.43 4.90 0.00
3987 1949 35 1200.00 -4.20 1.40 0.43 7.20 0.00
3987 1949 36 1370.00 -1.30 3.60 0.63 5.20 1.00
3987 1949 37 3260.00 -6.80 -1.30 0.43 2.20 0.00
3987 1949 38 4230.00 -5.90 -2.00 0.43 1.40 0.00
3987 1949 39 5940.00 -7.30 5.20 0.60 4.30 2.10
3987 1949 40 3250.00 0.50 5.00 0.71 6.20 9.60
3987 1949 41 2030.00 2.20 5.70 0.60 12.80 0.20
3987 1949 42 4160.00 -1.00 3.70 0.56 5.10 0.00
3987 1949 43 3540.00 -3.20 3.20 0.56 2.80 0.00
3987 1949 44 7960.00 -3.10 5.10 0.43 3.40 0.00
3987 1949 45 6730.00 -3.20 7.20 0.55 5.40 0.10
3987 1949 46 1000.00 3.00 7.30 0.89 6.80 2.20
3987 1949 47 1500.00 5.30 8.30 0.91 4.90 0.00
3987 1949 48 1870.00 2.80 7.60 0.79 3.20 0.00
3987 1949 49 6600.00 -2.10 7.60 0.69 1.80 0.00
3987 1949 50 4760.00 -2.40 4.30 0.64 1.70 0.00
3987 1949 51 5490.00 1.40 9.80 0.81 2.80 0.00
3987 1949 52 9000.00 2.10 15.40 0.80 4.50 0.00
3987 1949 53 4370.00 2.50 8.00 0.65 7.10 0.80
3987 1949 54 1740.00 2.70 9.20 0.80 8.30 2.80
3987 1949 55 5990.00 1.40 7.60 0.65 6.30 0.00
3987 1949 56 5220.00 1.90 7.20 0.65 9.50 1.80
3987 1949 57 2760.00 1.50 5.60 0.72 8.10 4.80
3987 1949 58 5410.00 1.40 6.70 0.67 10.10 0.80
3987 1949 59 11370.00 0.00 6.20 0.48 7.70 6.00
3987 1949 60 3060.00 -1.20 3.60 0.60 12.20 2.20
3987 1949 61 6980.00 -4.90 -0.80 0.35 7.80 0.00
3987 1949 62 12930.00 -7.90 0.00 0.29 5.00 0.00
3987 1949 63 5910.00 -7.00 0.50 0.36 3.70 0.40
3987 1949 64 10000.00 -8.10 -2.30 0.31 5.60 6.30
3987 1949 65 3620.00 -6.00 -2.40 0.40 4.20 1.90
3987 1949 66 11040.00 -11.30 -3.30 0.25 3.70 0.00
3987 1949 67 7530.00 -11.80 0.00 0.35 4.80 0.00
3987 1949 68 13460.00 -2.70 3.40 0.43 6.80 0.00
3987 1949 69 12650.00 -6.30 5.10 0.41 6.50 0.00
3987 1949 70 5900.00 -4.00 3.00 0.44 6.60 0.00
3987 1949 71 6110.00 -1.30 6.30 0.55 4.00 0.00
3987 1949 72 3270.00 2.70 8.10 0.77 7.10 1.50
3987 1949 73 9130.00 3.50 8.60 0.65 8.30 1.00
3987 1949 74 5710.00 0.90 5.00 0.60 8.50 2.20
3987 1949 75 2480.00 0.00 3.80 0.60 8.00 6.40
3987 1949 76 9300.00 -1.30 6.00 0.57 7.90 18.90
3987 1949 77 3020.00 -0.20 1.80 0.57 4.60 0.90
3987 1949 78 11690.00 -1.70 3.20 0.44 3.30 0.00
3987 1949 79 13980.00 -3.70 5.20 0.49 3.00 0.00
3987 1949 80 14950.00 -2.90 7.20 0.43 3.00 0.00
3987 1949 81 15560.00 -1.50 10.20 0.43 3.40 0.00
3987 1949 82 14740.00 0.80 12.80 0.69 3.10 0.00
3987 1949 83 17000.00 0.50 14.10 0.65 4.30 0.00
3987 1949 84 17700.00 -0.60 18.20 0.61 5.50 0.00
3987 1949 85 15320.00 3.00 18.60 0.76 3.30 0.00
3987 1949 86 14270.00 3.60 17.30 0.81 3.30 0.00
3987 1949 87 8250.00 3.20 10.00 0.77 6.60 0.00
3987 1949 88 19070.00 0.50 14.60 0.65 7.30 0.00
3987 1949 89 17030.00 1.00 20.40 0.79 4.60 0.00
3987 1949 90 16940.00 3.70 20.30 0.73 3.40 0.00
3987 1949 91 17040.00 2.60 17.60 0.76 3.00 0.00
3987 1949 92 11050.00 1.90 9.50 0.65 4.60 0.00
3987 1949 93 13140.00 -0.10 20.20 0.87 5.30 0.00
3987 1949 94 12840.00 7.70 21.20 1.01 6.80 1.40
3987 1949 95 9080.00 8.20 14.10 0.91 6.40 0.40
3987 1949 96 6810.00 6.80 18.90 1.12 6.40 5.10
3987 1949 97 7780.00 7.00 14.70 0.97 8.10 12.40
3987 1949 98 12760.00 1.90 9.20 0.57 14.50 6.10
3987 1949 99 5470.00 -0.10 7.50 0.64 12.20 2.80
3987 1949 100 12870.00 0.80 9.70 0.65 8.20 0.40
3987 1949 101 13490.00 5.00 14.70 0.64 7.00 0.60
3987 1949 102 2870.00 8.90 14.60 1.16 8.50 9.00
3987 1949 103 4890.00 10.60 12.70 1.20 6.50 2.30
3987 1949 104 13180.00 8.90 17.50 1.04 6.00 0.00
3987 1949 105 22410.00 5.40 17.50 0.92 3.60 0.00
3987 1949 106 23000.00 3.10 18.40 0.91 4.60 0.00
3987 1949 107 23420.00 5.00 23.10 0.87 4.80 0.00
3987 1949 108 19700.00 8.70 26.90 1.24 2.70 0.70
3987 1949 109 20080.00 10.90 18.90 0.89 7.10 0.00
3987 1949 110 16940.00 7.00 13.90 0.72 8.30 0.00
3987 1949 111 24590.00 1.20 15.70 0.61 3.80 0.00
3987 1949 112 9870.00 6.20 14.00 0.75 6.30 0.20
3987 1949 113 19680.00 2.10 16.50 0.69 4.90 0.00
3987 1949 114 23150.00 5.70 22.00 0.83 3.50 0.00
3987 1949 115 21570.00 7.30 26.90 1.03 4.90 0.80
3987 1949 116 7710.00 6.50 17.80 0.93 4.90 0.00
3987 1949 117 17620.00 6.50 15.00 0.85 2.40 0.00
3987 1949 118 16820.00 5.20 18.40 0.93 4.80 0.00
3987 1949 119 14840.00 6.90 20.20 0.97 4.00 0.10
3987 1949 120 6780.00 5.90 11.60 0.72 4.30 0.60
3987 1949 121 24210.00 2.40 17.60 0.72 3.10 0.00
3987 1949 122 25860.00 3.50 18.70 0.60 3.70 0.00
3987 1949 123 25970.00 5.40 20.90 0.80 4.40 0.00
3987 1949 124 26360.00 6.10 23.70 0.79 6.30 0.00
3987 1949 125 23210.00 11.50 28.90 1.21 5.30 6.80
3987 1949 126 10560.00 8.10 19.20 1.24 4.00 9.10
3987 1949 127 15530.00 5.60 14.60 0.87 3.70 0.10
3987 1949 128 16620.00 5.20 12.40 0.67 6.10 1.00
3987 1949 129 16550.00 2.80 11.30 0.60 3.80 0.30
3987 1949 130 19450.00 0.70 12.10 0.75 2.70 3.90
3987 1949 131 22460.00 1.60 15.50 0.75 3.10 0.00
3987 1949 132 27180.00 4.30 19.60 0.71 4.60 0.00
3987 1949 133 22710.00 6.20 21.50 0.76 4.60 0.80
3987 1949 134 13040.00 10.20 18.70 1.23 3.90 2.20
3987 1949 135 10160.00 10.80 18.20 1.25 2.80 1.30
3987 1949 136 18600.00 9.10 21.10 1.12 3.60 0.10
3987 1949 137 25180.00 10.40 26.30 1.03 4.20 0.00
3987 1949 138 19490.00 11.50 24.40 1.40 3.40 3.10
3987 1949 139 9140.00 12.60 20.40 1.53 2.80 0.70
3987 1949 140 10150.00 14.00 20.00 1.57 2.90 0.00
3987 1949 141 5100.00 13.30 16.80 1.49 3.90 0.00
3987 1949 142 10150.00 12.70 17.90 1.41 3.60 0.00
3987 1949 143 13890.00 12.20 21.80 1.19 2.70 0.00
3987 1949 144 22720.00 9.60 25.00 1.28 3.10 12.20
3987 1949 145 12030.00 9.70 17.10 1.12 6.30 0.20
3987 1949 146 17380.00 9.10 19.30 1.17 4.90 6.20
3987 1949 147 17450.00 7.70 17.50 1.00 7.80 0.00
3987 1949 148 25890.00 8.50 24.50 1.03 5.00 0.00
3987 1949 149 21780.00 12.50 28.20 1.43 3.80 10.60
3987 1949 150 7470.00 13.00 22.60 1.45 2.30 0.10
3987 1949 151 19130.00 11.40 19.80 1.40 2.70 0.40
3987 1949 152 5330.00 11.50 16.70 1.43 3.00 7.40
3987 1949 153 5290.00 13.10 17.40 1.63 2.50 0.30
3987 1949 154 10300.00 12.80 19.30 1.57 2.60 0.60
3987 1949 155 18440.00 12.80 20.00 1.16 6.20 0.70
3987 1949 156 21930.00 9.90 18.40 1.09 6.00 0.20
3987 1949 157 22880.00 8.10 19.90 1.00 4.70 0.00
3987 1949 158 28780.00 10.10 28.20 1.33 3.80 0.00
3987 1949 159 24780.00 15.90 27.00 1.68 4.00 0.00
3987 1949 160 14950.00 16.40 26.40 1.91 3.30 48.20
3987 1949 161 4030.00 10.60 17.40 1.39 3.60 4.40
3987 1949 162 15070.00 9.20 17.10 1.27 3.80 20.00
3987 1949 163 19530.00 8.40 20.00 1.07 4.80 1.00
3987 1949 164 19490.00 10.40 20.10 1.21 5.20 0.00
3987 1949 165 20020.00 9.90 17.90 1.03 4.70 0.00
3987 1949 166 22880.00 7.60 15.60 0.79 7.00 0.50
3987 1949 167 20470.00 5.50 15.60 0.91 6.50 0.20
3987 1949 168 12670.00 8.90 14.50 1.00 6.90 0.00
3987 1949 169 11720.00 8.90 15.30 1.09 5.20 0.60
3987 1949 170 6870.00 11.40 17.10 1.29 3.10 0.70
3987 1949 171 18580.00 11.30 23.20 1.23 4.00 0.00
3987 1949 172 6410.00 11.20 18.30 1.23 5.10 3.20
3987 1949 173 24170.00 6.00 18.90 0.93 3.30 1.10
3987 1949 174 11790.00 9.40 15.20 1.01 4.00 3.20
3987 1949 175 17680.00 6.80 17.40 0.87 3.00 1.20
3987 1949 176 21430.00 7.90 20.10 0.99 2.50 0.00
3987 1949 177 24340.00 7.90 20.60 1.11 3.30 0.00
3987 1949 178 16280.00 10.90 20.40 1.19 5.10 0.00
3987 1949 179 28250.00 9.70 24.20 1.35 2.70 0.00
3987 1949 180 17520.00 10.90 22.70 1.49 3.10 4.20
3987 1949 181 10440.00 13.30 21.30 1.47 4.60 0.20
3987 1949 182 3330.00 13.50 17.20 1.63 5.90 5.60
3987 1949 183 13940.00 11.90 18.20 1.25 5.70 0.00
3987 1949 184 23300.00 10.70 24.70 1.39 4.00 0.00
3987 1949 185 29630.00 12.40 26.70 1.39 2.10 0.00
3987 1949 186 17500.00 14.70 28.20 1.52 3.70 5.30
3987 1949 187 5090.00 11.90 15.70 1.27 5.70 0.30
3987 1949 188 22140.00 11.10 20.10 1.12 3.30 0.90
3987 1949 189 9570.00 11.40 21.60 1.60 4.10 1.10
3987 1949 190 12770.00 12.40 20.80 1.51 3.10 0.00
3987 1949 191 10230.00 13.40 19.80 1.67 3.50 0.00
3987 1949 192 21400.00 12.80 26.30 1.61 3.80 0.00
3987 1949 193 24120.00 12.00 26.70 1.63 2.70 0.00
3987 1949 194 25890.00 16.50 30.20 1.49 2.40 0.00
3987 1949 195 18480.00 16.50 31.00 1.77 4.50 0.00
3987 1949 196 24650.00 15.10 26.60 1.61 4.00 0.00
3987 1949 197 17710.00 15.80 27.40 1.71 2.60 7.20
3987 1949 198 17610.00 15.20 26.00 1.73 2.20 1.40
3987 1949 199 21210.00 15.10 26.70 1.57 2.20 0.00
3987 1949 200 13820.00 14.40 19.30 1.43 6.30 0.30
3987 1949 201 16640.00 11.00 18.50 1.08 6.80 0.00
3987 1949 202 5670.00 11.50 17.00 1.33 7.30 0.00
3987 1949 203 14140.00 10.90 20.00 1.44 4.90 0.00
3987 1949 204 22700.00 11.40 25.60 1.37 3.80 0.00
3987 1949 205 20440.00 12.80 27.40 1.32 2.20 0.00
3987 1949 206 26270.00 16.40 28.20 1.40 3.50 0.00
3987 1949 207 20990.00 15.70 28.50 1.56 2.70 0.00
3987 1949 208 11580.00 17.00 23.70 1.80 4.10 0.00
3987 1949 209 16060.00 16.80 26.90 1.69 6.00 1.20
3987 1949 210 22680.00 12.40 25.10 1.35 4.80 3.00
3987 1949 211 18270.00 11.50 20.30 1.33 6.50 1.40
3987 1949 212 16300.00 10.70 21.80 1.27 4.00 0.60
3987 1949 213 13420.00 15.30 22.60 1.56 6.00 0.00
3987 1949 214 14530.00 15.50 30.00 1.49 6.00 3.10
3987 1949 215 13820.00 14.90 21.20 1.35 9.00 2.00
3987 1949 216 17090.00 11.00 18.00 1.11 9.30 2.30
3987 1949 217 21820.00 9.10 21.80 1.07 4.80 0.00
3987 1949 218 24770.00 12.40 27.70 1.07 3.80 0.00
3987 1949 219 21350.00 13.20 29.50 1.49 3.70 0.00
3987 1949 220 18910.00 15.90 34.90 1.67 4.80 2.80
3987 1949 221 3740.00 14.80 21.00 1.88 2.10 10.50
3987 1949 222 17800.00 13.20 22.20 1.37 4.20 0.00
3987 1949 223 11080.00 10.00 20.10 1.25 2.10 13.10
3987 1949 224 18400.00 9.80 18.50 1.08 4.50 0.00
3987 1949 225 24300.00 6.00 22.80 1.05 4.20 0.00
3987 1949 226 23870.00 8.70 24.70 1.09 2.80 0.00
3987 1949 227 20330.00 11.20 24.70 1.33 2.40 0.00
3987 1949 228 21600.00 13.00 27.70 1.51 3.50 0.30
3987 1949 229 19840.00 10.20 20.60 1.00 5.70 0.40
3987 1949 230 13120.00 7.40 17.10 1.01 6.10 0.00
3987 1949 231 21810.00 7.60 19.50 0.81 5.40 0.00
3987 1949 232 20250.00 6.40 21.50 0.96 2.50 0.00
3987 1949 233 22210.00 8.60 23.70 0.99 2.60 0.00
3987 1949 234 22360.00 10.10 26.60 1.09 3.20 0.00
3987 1949 235 20230.00 14.50 31.70 1.28 2.20 0.00
3987 1949 236 19490.00 14.80 31.20 1.53 4.50 0.00
3987 1949 237 18470.00 14.80 30.90 1.65 4.60 0.00
3987 1949 238 19790.00 15.60 31.50 1.57 4.80 0.00
3987 1949 239 14670.00 15.10 29.80 1.73 3.30 0.10
3987 1949 240 6220.00 17.40 22.20 1.96 2.30 0.20
3987 1949 241 12440.00 15.80 23.40 1.49 2.70 0.00
3987 1949 242 13340.00 13.90 23.60 1.44 1.70 0.00
3987 1949 243 14850.00 13.90 26.60 1.44 3.20 0.00
3987 1949 244 17080.00 14.60 28.90 1.60 4.40 0.00
3987 1949 245 10990.00 13.40 28.10 1.72 3.40 0.00
3987 1949 246 16150.00 16.30 29.40 1.65 2.90 0.00
3987 1949 247 17880.00 14.50 29.60 1.65 2.30 0.00
3987 1949 248 18820.00 15.20 30.30 1.39 4.20 0.00
3987 1949 249 17780.00 13.40 30.70 1.44 4.20 0.00
3987 1949 250 16340.00 14.50 30.30 1.32 3.20 0.00
3987 1949 251 2150.00 15.00 21.00 1.68 3.80 8.50
3987 1949 252 7750.00 13.60 20.10 1.60 2.50 0.70
3987 1949 253 16040.00 10.40 24.50 1.33 1.00 0.00
3987 1949 254 15940.00 12.80 25.40 1.29 1.50 0.00
3987 1949 255 14530.00 10.20 25.00 1.32 1.80 0.00
3987 1949 256 12630.00 14.40 24.80 1.27 4.10 0.00
3987 1949 257 12470.00 10.80 23.60 1.32 5.10 2.20
3987 1949 258 5090.00 13.50 18.00 1.65 3.30 4.80
3987 1949 259 12670.00 12.10 23.50 1.49 3.00 0.00
3987 1949 260 12620.00 11.80 21.20 1.32 3.30 0.50
3987 1949 261 9570.00 9.30 18.20 1.28 2.70 2.40
3987 1949 262 7770.00 10.90 18.30 1.31 3.10 0.00
3987 1949 263 11260.00 9.60 20.00 1.21 3.30 0.00
3987 1949 264 12730.00 8.80 22.00 1.21 2.50 0.00
3987 1949 265 13180.00 10.40 22.70 1.27 3.80 0.00
3987 1949 266 14600.00 10.30 23.10 1.31 4.90 0.00
3987 1949 267 15274.08 10.30 25.20 1.25 5.20 0.00
3987 1949 268 15640.00 10.00 25.10 0.99 5.40 0.00
3987 1949 269 15080.00 9.50 25.20 1.05 3.50 0.00
3987 1949 270 7990.00 12.90 20.00 1.45 1.90 0.00
3987 1949 271 12730.00 10.00 21.90 1.29 2.50 0.00
3987 1949 272 12450.00 9.90 23.10 1.24 3.30 0.00
3987 1949 273 10430.00 8.90 22.60 1.24 2.10 0.00
3987 1949 274 5810.00 8.40 15.90 1.05 2.30 0.00
3987 1949 275 10360.00 5.80 18.20 0.96 2.40 0.00
3987 1949 276 4640.00 8.30 16.50 1.21 7.90 0.00
3987 1949 277 12430.00 10.10 17.70 1.00 4.70 0.00
3987 1949 278 10350.00 4.90 20.50 0.99 3.80 0.00
3987 1949 279 4730.00 9.90 17.30 1.29 2.00 0.00
3987 1949 280 3860.00 9.30 14.30 1.27 3.00 0.00
3987 1949 281 10560.00 5.10 18.00 0.97 4.30 0.00
3987 1949 282 10530.00 4.90 17.80 0.80 5.20 0.00
3987 1949 283 8430.00 5.60 15.10 0.81 5.80 0.00
3987 1949 284 10230.00 4.20 19.60 0.99 4.30 0.00
3987 1949 285 6420.00 8.30 20.20 1.24 3.70 0.00
3987 1949 286 8110.00 9.10 19.50 1.28 2.60 0.00
3987 1949 287 7740.00 6.30 17.10 1.19 2.70 0.00
3987 1949 288 9540.00 6.50 23.10 1.13 4.00 0.00
3987 1949 289 9510.00 7.90 23.20 1.17 3.90 0.00
3987 1949 290 7910.00 7.90 21.20 1.12 4.40 0.00
3987 1949 291 9790.00 8.60 18.50 0.92 5.00 0.00
3987 1949 292 6510.00 10.90 20.20 0.99 6.80 0.00
3987 1949 293 4810.00 11.50 19.40 1.15 5.70 0.00
3987 1949 294 6330.00 10.30 20.20 1.00 5.90 0.80
3987 1949 295 5800.00 8.30 15.00 0.96 5.00 0.90
3987 1949 296 6720.00 6.60 16.60 0.91 6.50 0.10
3987 1949 297 1410.00 6.90 15.10 1.01 7.20 3.60
3987 1949 298 8310.00 4.90 14.40 0.96 4.30 0.00
3987 1949 299 7260.00 9.80 23.30 1.04 8.40 0.00
3987 1949 300 3830.00 5.20 15.40 0.75 7.30 0.10
3987 1949 301 5180.00 1.50 8.60 0.68 2.80 0.00
3987 1949 302 7180.00 -1.20 8.70 0.61 1.80 0.00
3987 1949 303 2740.00 -1.20 5.40 0.49 3.90 0.00
3987 1949 304 7420.00 -3.30 7.70 0.52 2.90 0.00
3987 1949 305 6800.00 -3.30 6.10 0.44 2.80 0.00
3987 1949 306 6260.00 -5.00 5.70 0.44 1.80 0.00
3987 1949 307 5810.00 -3.70 7.40 0.43 1.90 0.00
3987 1949 308 4400.00 -2.10 3.90 0.55 2.60 0.00
3987 1949 309 6380.00 -4.90 5.80 0.52 3.80 0.10
3987 1949 310 2770.00 0.20 7.10 0.63 4.00 0.00
3987 1949 311 1780.00 0.20 4.10 0.61 2.60 0.00
3987 1949 312 5860.00 -0.90 8.20 0.63 3.10 0.00
3987 1949 313 5370.00 -1.00 6.50 0.63 3.00 0.00
3987 1949 314 2400.00 -1.00 10.10 0.80 4.70 2.20
3987 1949 315 1370.00 5.50 8.20 0.96 4.70 3.60
3987 1949 316 440.00 5.40 9.40 0.97 4.70 11.70
3987 1949 317 4240.00 4.10 9.50 0.76 7.60 5.30
3987 1949 318 1550.00 3.40 7.20 0.81 4.80 0.10
3987 1949 319 5420.00 2.70 10.20 0.77 2.40 0.10
3987 1949 320 760.00 2.90 5.70 0.76 2.80 7.50
3987 1949 321 1410.00 2.40 5.40 0.75 1.50 0.00
3987 1949 322 640.00 2.70 4.90 0.79 2.10 1.00
3987 1949 323 840.00 3.80 4.90 0.83 3.20 0.00
3987 1949 324 1450.00 3.90 5.10 0.80 4.80 0.00
3987 1949 325 3920.00 3.60 11.90 0.83 4.20 0.00
3987 1949 326 3380.00 2.00 10.30 0.81 4.70 0.00
3987 1949 327 3940.00 2.50 9.00 0.83 3.50 0.30
3987 1949 328 600.00 4.40 8.60 1.04 4.00 1.80
3987 1949 329 2250.00 5.20 9.70 0.96 3.50 0.70
3987 1949 330 2070.00 0.10 7.10 0.79 4.60 1.80
3987 1949 331 560.00 5.50 7.50 0.88 4.60 0.10
3987 1949 332 520.00 2.40 6.10 0.72 5.10 3.00
3987 1949 333 2980.00 -0.80 2.50 0.53 7.00 1.00
3987 1949 334 240.00 2.50 5.70 0.85 7.10 4.20
3987 1949 335 880.00 4.60 6.30 0.76 4.80 0.00
3987 1949 336 2030.00 0.60 5.30 0.64 5.60 4.00
3987 1949 337 680.00 0.20 4.60 0.67 7.90 12.60
3987 1949 338 1120.00 4.60 8.90 0.81 10.80 1.90
3987 1949 339 1580.00 3.30 6.60 0.69 9.80 1.70
3987 1949 340 2320.00 2.60 5.10 0.69 8.30 0.70
3987 1949 341 1340.00 3.40 10.80 0.91 6.20 4.00
3987 1949 342 760.00 8.90 11.10 0.93 7.00 0.00
3987 1949 343 1109.98 2.70 9.60 0.79 3.20 7.30
3987 1949 344 560.00 2.10 3.40 0.69 4.90 4.30
3987 1949 345 760.00 -0.10 2.90 0.63 6.60 6.60
3987 1949 346 1170.00 -2.00 2.00 0.59 2.10 0.00
3987 1949 347 3370.00 -2.80 2.30 0.59 4.20 0.00
3987 1949 348 3290.00 -2.70 1.70 0.47 4.30 0.00
3987 1949 349 1300.00 -2.80 1.00 0.53 3.60 1.00
3987 1949 350 3170.00 0.50 5.20 0.65 5.50 0.00
3987 1949 351 400.00 -0.30 5.00 0.61 8.60 17.10
3987 1949 352 1880.00 0.10 4.70 0.67 10.50 0.70
3987 1949 353 480.00 2.10 8.00 0.72 7.20 1.00
3987 1949 354 1660.00 2.80 7.90 0.71 5.00 0.00
3987 1949 355 2040.00 4.50 10.80 0.96 3.90 0.00
3987 1949 356 2040.00 -0.70 8.20 0.63 3.30 0.70
3987 1949 357 280.00 -2.20 1.90 0.63 3.30 4.00
3987 1949 358 1460.00 -0.40 2.40 0.59 3.00 0.00
3987 1949 359 3710.00 -2.90 2.80 0.55 3.10 0.00
3987 1949 360 880.00 -0.80 6.20 0.68 9.10 2.90
3987 1949 361 640.00 4.10 10.00 0.95 8.90 0.50
3987 1949 362 520.00 3.30 9.00 0.93 4.90 0.00
3987 1949 363 1720.00 4.70 7.70 0.87 2.60 0.00
3987 1949 364 960.00 0.90 5.30 0.67 3.50 0.00
3987 1949 365 1870.00 -4.00 2.10 0.41 4.30 0.00
