*---------------------------------------------------------------------------*
* Station name: Potsdam Saekularstation
* Year: 1926
* Author: Pedro Alencar                                   -999.000: NIL VALUE
* Source: DWD
* Comments: Gaps filled with interpolation and storical means
* Longitude: 13.0622, latitude: 52.3812, altitude: 82.0 m.
*
    * Column  Daily value
    * 1       station number
    * 2       year
    * 3       day
    * 4       irradiation                   (kJ m-2 d-1)
    * 5       minimum temperature           (degrees Celsius
    * 6       maximum temperature           (degrees Celsius)
    * 7       early morning vapour pressure (kPa)
    * 8       mean wind speed (height: 2 m) (m s-1)
    * 9       precipitation                 (mm d-1)
    *
** WCCDESCRIPTION=Potsdam, Germany
** WCCFORMAT=2
** WCCYEARNR=1926
*---------------------------------------------------------------------------*
   13.0622 52.3812 82.0 -0.18 -0.55
3987 1926 1 2811.74 2.30 7.60 0.68 9.30 0.70
3987 1926 2 1555.49 0.00 5.50 0.73 6.00 25.50
3987 1926 3 1564.22 5.00 6.70 0.88 4.90 0.90
3987 1926 4 1619.79 3.50 7.00 0.80 5.50 0.00
3987 1926 5 1594.25 3.80 5.80 0.79 4.60 1.90
3987 1926 6 1613.68 2.40 4.30 0.75 3.00 1.90
3987 1926 7 2012.01 0.30 6.30 0.75 4.90 2.00
3987 1926 8 1648.60 1.90 3.30 0.71 6.30 3.20
3987 1926 9 1671.57 0.60 3.00 0.65 2.50 0.00
3987 1926 10 2604.44 0.00 4.20 0.64 2.50 0.00
3987 1926 11 3928.39 -5.90 1.50 0.40 5.20 0.00
3987 1926 12 5026.98 -10.50 -5.60 0.20 5.00 0.00
3987 1926 13 4499.95 -12.60 -6.70 0.19 6.50 0.80
3987 1926 14 1798.21 -10.70 -3.40 0.27 10.10 0.00
3987 1926 15 1814.12 -3.40 -0.90 0.49 6.90 3.40
3987 1926 16 1846.77 -5.30 -0.50 0.45 5.30 7.00
3987 1926 17 3151.10 -9.40 -5.30 0.31 4.90 0.00
3987 1926 18 1913.47 -9.80 -6.90 0.29 2.90 3.10
3987 1926 19 1940.42 -11.20 -5.70 0.32 2.00 0.00
3987 1926 20 1974.17 -9.10 -5.60 0.31 1.90 0.00
3987 1926 21 2005.64 -9.20 -6.50 0.31 3.10 0.00
3987 1926 22 2039.46 -8.10 -5.70 0.32 2.40 0.00
3987 1926 23 2055.62 -10.50 2.10 0.55 6.70 4.30
3987 1926 24 2080.21 2.10 4.50 0.67 7.30 0.70
3987 1926 25 2113.92 1.80 6.40 0.72 8.10 2.90
3987 1926 26 2253.37 4.30 7.30 0.83 7.60 0.80
3987 1926 27 2715.95 0.50 4.60 0.69 4.40 0.00
3987 1926 28 2387.11 0.60 7.60 0.75 5.70 0.00
3987 1926 29 2280.04 -1.70 3.50 0.65 4.40 7.70
3987 1926 30 4132.94 2.40 8.50 0.75 4.20 0.00
3987 1926 31 2365.11 -1.30 3.80 0.64 4.40 0.00
3987 1926 32 4925.74 -0.20 7.70 0.69 4.70 0.00
3987 1926 33 3935.85 1.80 9.20 0.79 5.10 1.40
3987 1926 34 4776.13 3.80 12.90 0.87 5.00 0.00
3987 1926 35 3499.31 4.30 7.30 0.84 3.50 0.00
3987 1926 36 4476.79 4.20 10.20 0.83 3.30 0.00
3987 1926 37 2646.21 0.20 5.00 0.64 7.90 0.00
3987 1926 38 2710.52 -4.30 0.20 0.43 8.80 0.00
3987 1926 39 2768.53 -5.80 -4.30 0.32 4.80 0.00
3987 1926 40 2998.21 -5.60 -2.20 0.35 4.60 0.00
3987 1926 41 2916.30 -2.90 2.00 0.53 4.00 0.00
3987 1926 42 5386.07 -0.70 7.60 0.68 2.60 0.00
3987 1926 43 3018.84 1.20 5.00 0.71 3.50 0.00
3987 1926 44 3014.30 1.10 4.30 0.67 4.60 0.10
3987 1926 45 3077.92 -0.10 1.10 0.63 1.40 0.10
3987 1926 46 3134.88 -1.00 1.90 0.63 4.70 1.20
3987 1926 47 3313.42 1.90 7.40 0.79 5.80 1.90
3987 1926 48 5511.97 2.00 7.70 0.73 6.80 12.70
3987 1926 49 3303.99 1.60 6.30 0.80 5.50 5.30
3987 1926 50 3503.00 1.90 5.70 0.69 5.20 3.90
3987 1926 51 3420.07 2.40 6.00 0.80 4.80 5.80
3987 1926 52 3471.78 5.60 9.30 0.97 5.80 1.60
3987 1926 53 3611.29 5.70 9.20 0.93 5.50 6.10
3987 1926 54 6665.02 5.00 11.40 0.85 5.20 3.40
3987 1926 55 3667.47 5.70 8.30 1.03 3.90 3.60
3987 1926 56 3736.27 5.70 8.10 0.93 2.90 0.00
3987 1926 57 3817.86 2.00 6.50 0.68 3.70 0.00
3987 1926 58 7180.59 -1.20 8.10 0.59 4.90 1.20
3987 1926 59 3950.73 2.60 5.50 0.79 4.00 2.50
3987 1926 60 4100.94 2.30 5.70 0.73 3.20 0.10
3987 1926 61 4083.42 1.60 7.30 0.83 6.10 0.80
3987 1926 62 4216.21 6.70 9.80 0.89 6.10 0.40
3987 1926 63 8019.94 1.30 9.70 0.64 8.90 2.70
3987 1926 64 5520.13 -0.30 4.60 0.55 6.00 1.60
3987 1926 65 4384.59 -0.80 5.30 0.63 8.40 9.70
3987 1926 66 5911.71 1.40 7.20 0.71 7.40 0.90
3987 1926 67 4500.70 1.80 9.40 1.00 6.10 1.50
3987 1926 68 4581.52 3.50 10.00 0.85 8.20 5.50
3987 1926 69 5270.19 0.60 4.40 0.59 9.20 4.70
3987 1926 70 9169.80 -0.60 5.70 0.63 6.30 4.10
3987 1926 71 4796.74 3.00 8.80 1.00 11.40 1.20
3987 1926 72 4877.92 6.00 8.30 0.93 11.40 6.60
3987 1926 73 10939.15 -0.20 6.00 0.48 4.60 2.40
3987 1926 74 5067.32 -0.40 5.60 0.57 2.40 0.00
3987 1926 75 10416.04 -3.50 5.10 0.43 2.50 0.00
3987 1926 76 13478.35 -2.20 6.60 0.47 2.70 0.00
3987 1926 77 10908.40 -0.70 7.20 0.49 2.60 0.00
3987 1926 78 10218.20 -1.80 4.90 0.47 2.60 0.00
3987 1926 79 9530.99 -2.70 3.10 0.37 4.40 0.00
3987 1926 80 16010.51 -6.10 2.60 0.29 3.20 0.00
3987 1926 81 9853.34 -5.00 2.90 0.40 3.80 0.00
3987 1926 82 16022.24 -4.10 4.60 0.37 3.60 0.00
3987 1926 83 17101.86 -5.10 7.00 0.37 4.40 0.00
3987 1926 84 16804.68 -2.80 12.00 0.47 4.80 0.00
3987 1926 85 13570.27 -0.40 12.30 0.49 5.60 0.00
3987 1926 86 16500.54 0.00 12.60 0.69 6.20 2.70
3987 1926 87 8753.11 3.50 13.10 0.79 4.00 2.30
3987 1926 88 13423.93 2.40 14.70 0.69 3.70 1.50
3987 1926 89 6357.87 8.40 13.40 1.11 4.30 0.90
3987 1926 90 15730.43 1.40 12.20 0.63 4.70 0.00
3987 1926 91 15082.66 2.70 16.20 0.65 2.80 0.00
3987 1926 92 13610.36 5.20 18.50 0.85 3.60 0.00
3987 1926 93 19239.98 -0.10 10.60 0.51 6.30 0.00
3987 1926 94 19204.06 -2.20 15.60 0.47 5.10 0.00
3987 1926 95 19028.96 3.20 20.60 0.95 5.40 0.00
3987 1926 96 14177.25 7.70 18.10 1.03 5.40 0.00
3987 1926 97 15276.96 6.70 20.60 1.03 3.10 0.00
3987 1926 98 9856.21 9.50 15.70 0.93 6.90 0.10
3987 1926 99 11481.82 4.80 9.50 0.84 7.60 3.50
3987 1926 100 7243.44 4.00 8.70 0.85 4.60 2.70
3987 1926 101 10407.55 4.00 11.40 0.84 2.90 0.90
3987 1926 102 14318.98 1.10 13.20 0.65 2.00 0.00
3987 1926 103 20896.02 3.00 17.50 0.64 3.20 0.00
3987 1926 104 20961.63 4.90 20.60 0.64 2.80 0.00
3987 1926 105 20911.61 7.70 23.30 0.56 3.80 0.00
3987 1926 106 20708.02 8.80 19.90 0.87 4.70 0.30
3987 1926 107 11445.23 7.20 12.90 0.85 3.70 1.60
3987 1926 108 15948.99 3.30 14.70 0.64 3.00 0.00
3987 1926 109 11954.75 3.20 15.40 0.80 5.00 5.20
3987 1926 110 13486.95 5.00 14.10 0.75 3.80 0.00
3987 1926 111 13141.70 4.90 13.60 0.79 4.60 0.10
3987 1926 112 17563.71 4.20 15.10 0.75 4.70 0.50
3987 1926 113 17407.31 4.90 16.80 0.83 2.50 0.00
3987 1926 114 8743.31 6.10 16.50 0.89 4.20 0.00
3987 1926 115 11276.53 11.10 27.80 1.05 7.40 0.00
3987 1926 116 21898.59 14.10 25.80 0.75 5.20 0.00
3987 1926 117 9313.98 7.80 17.30 1.09 3.80 0.00
3987 1926 118 9486.85 6.90 16.20 1.07 3.30 0.00
3987 1926 119 12155.99 8.30 17.20 1.04 4.50 0.00
3987 1926 120 11492.41 9.00 21.60 1.15 3.40 0.00
3987 1926 121 13708.41 11.70 24.60 1.28 4.10 0.00
3987 1926 122 8514.06 6.90 16.30 0.85 5.30 0.00
3987 1926 123 14931.78 2.20 13.40 0.72 3.00 0.00
3987 1926 124 20746.53 1.00 12.60 0.52 4.70 0.00
3987 1926 125 11612.98 2.60 10.30 0.56 2.70 0.00
3987 1926 126 20414.87 2.50 14.20 0.63 2.80 0.90
3987 1926 127 16811.64 3.80 12.10 0.69 4.90 0.00
3987 1926 128 17195.03 1.00 13.80 0.76 2.30 0.00
3987 1926 129 11293.32 3.30 11.20 0.65 4.50 0.00
3987 1926 130 20656.04 2.00 11.90 0.63 5.00 0.80
3987 1926 131 14869.19 3.60 16.10 0.71 3.80 0.00
3987 1926 132 16280.84 6.80 21.20 0.79 5.00 0.00
3987 1926 133 16365.90 9.20 19.40 1.05 4.50 1.90
3987 1926 134 15010.59 8.80 18.90 0.95 2.60 0.60
3987 1926 135 9161.62 9.70 14.90 1.24 3.80 0.00
3987 1926 136 10855.41 10.10 19.10 1.33 3.90 0.00
3987 1926 137 20552.30 8.70 18.40 1.15 4.30 0.00
3987 1926 138 9560.32 8.40 13.30 0.97 2.60 0.80
3987 1926 139 13523.82 8.90 17.10 1.01 2.10 0.00
3987 1926 140 22619.72 6.60 19.50 0.99 2.70 0.00
3987 1926 141 20353.38 7.50 20.50 1.08 3.50 0.70
3987 1926 142 10035.14 10.60 18.60 1.31 3.20 6.70
3987 1926 143 9507.31 10.60 15.20 1.31 3.30 3.70
3987 1926 144 19916.61 6.50 15.40 0.91 4.40 0.00
3987 1926 145 20260.33 5.90 18.40 0.97 2.40 0.00
3987 1926 146 18832.40 7.80 20.30 1.13 2.30 0.00
3987 1926 147 22709.95 6.70 20.00 1.01 3.00 0.00
3987 1926 148 23980.06 9.40 23.90 1.20 3.10 1.50
3987 1926 149 11842.20 12.70 19.90 1.41 3.40 0.80
3987 1926 150 19613.61 10.00 21.80 1.27 4.20 0.20
3987 1926 151 16164.48 15.40 23.70 1.40 4.10 0.00
3987 1926 152 19062.58 12.00 19.80 1.07 4.20 0.00
3987 1926 153 26787.38 8.30 22.30 1.00 3.90 1.50
3987 1926 154 9975.05 10.20 14.50 1.28 2.60 0.00
3987 1926 155 17770.34 9.70 21.40 1.44 2.00 1.50
3987 1926 156 9982.84 12.80 16.90 1.64 3.50 7.00
3987 1926 157 15530.70 10.30 21.90 1.43 2.70 0.00
3987 1926 158 12572.99 13.90 20.10 1.49 2.90 24.10
3987 1926 159 12326.58 12.40 19.40 1.60 4.10 3.70
3987 1926 160 16685.42 13.00 20.10 1.45 4.50 0.00
3987 1926 161 15172.11 11.00 21.40 1.56 3.70 6.20
3987 1926 162 22606.92 10.50 19.10 1.24 4.00 0.40
3987 1926 163 24475.56 8.40 21.80 1.09 2.80 1.10
3987 1926 164 10936.38 12.70 21.60 1.59 4.40 9.10
3987 1926 165 18349.53 10.90 19.60 1.12 5.30 0.40
3987 1926 166 10046.14 11.90 15.90 1.39 6.10 22.80
3987 1926 167 18340.01 12.40 22.50 1.53 4.60 1.50
3987 1926 168 17753.96 12.00 21.10 1.45 3.00 0.20
3987 1926 169 11000.69 12.70 17.60 1.48 2.00 1.40
3987 1926 170 16585.33 11.60 19.90 1.39 3.40 0.00
3987 1926 171 10897.98 10.20 16.90 1.36 5.50 2.10
3987 1926 172 12268.34 14.80 24.50 1.92 3.70 2.60
3987 1926 173 14619.80 12.70 24.70 1.80 3.40 11.50
3987 1926 174 24211.65 11.00 19.90 1.15 3.60 0.00
3987 1926 175 13591.51 9.60 16.40 1.20 2.70 18.50
3987 1926 176 22287.57 8.80 18.00 1.11 3.50 0.00
3987 1926 177 12475.19 10.50 16.70 1.15 3.70 0.00
3987 1926 178 16456.20 9.00 17.60 1.09 3.20 0.00
3987 1926 179 12677.68 10.60 18.00 1.08 2.40 0.00
3987 1926 180 14956.96 10.10 20.00 1.12 2.70 0.00
3987 1926 181 18076.12 9.90 20.40 1.11 3.40 0.00
3987 1926 182 10549.59 12.20 20.80 1.36 3.70 0.00
3987 1926 183 24767.74 13.00 25.80 1.40 4.00 0.00
3987 1926 184 10607.58 14.30 24.50 1.97 3.00 11.20
3987 1926 185 10465.36 18.00 21.90 2.19 4.00 1.80
3987 1926 186 17189.54 15.80 25.80 1.80 5.80 43.60
3987 1926 187 16418.55 16.10 24.50 2.00 2.70 3.20
3987 1926 188 18879.37 16.90 26.10 1.97 2.30 0.00
3987 1926 189 21002.64 17.30 28.00 1.95 3.90 15.50
3987 1926 190 17870.03 17.40 26.40 2.00 3.30 0.50
3987 1926 191 11584.13 15.90 20.20 1.65 4.30 6.30
3987 1926 192 13940.01 13.10 22.00 1.57 2.50 1.60
3987 1926 193 17905.79 14.10 25.20 1.69 1.70 0.00
3987 1926 194 26703.79 18.70 28.10 1.84 2.90 0.00
3987 1926 195 27568.17 17.80 30.40 1.88 3.60 0.00
3987 1926 196 22638.76 19.10 31.70 2.09 2.90 3.00
3987 1926 197 25969.14 16.10 25.40 1.68 4.00 0.00
3987 1926 198 27703.39 11.80 25.80 1.17 2.80 0.00
3987 1926 199 26349.59 13.60 29.20 1.44 2.90 0.00
3987 1926 200 20147.39 17.10 32.00 1.92 3.50 2.60
3987 1926 201 12406.80 17.10 23.10 1.87 4.50 3.40
3987 1926 202 9782.56 15.90 18.70 1.63 7.20 4.80
3987 1926 203 14040.97 14.20 18.40 1.44 6.50 3.60
3987 1926 204 11468.49 11.80 20.10 1.61 5.10 1.60
3987 1926 205 22031.58 15.30 27.40 1.77 4.30 0.00
3987 1926 206 14080.69 16.30 22.50 1.63 6.10 11.90
3987 1926 207 21392.94 14.40 19.40 1.27 7.20 0.00
3987 1926 208 21119.89 10.70 18.20 1.17 5.80 0.00
3987 1926 209 14607.31 10.00 15.60 1.28 6.70 29.20
3987 1926 210 9476.27 12.00 15.90 1.49 7.50 2.00
3987 1926 211 13972.05 13.70 20.00 1.57 5.10 11.20
3987 1926 212 20026.90 15.30 24.00 1.72 6.40 0.20
3987 1926 213 9653.79 13.30 18.10 1.60 5.60 1.10
3987 1926 214 21670.82 13.40 22.50 1.43 3.90 0.00
3987 1926 215 25742.58 11.60 23.40 1.47 2.60 0.00
3987 1926 216 22972.16 12.90 23.80 1.59 2.60 0.00
3987 1926 217 12209.43 14.40 21.20 1.59 2.50 0.90
3987 1926 218 21282.76 13.00 23.10 1.47 3.10 0.00
3987 1926 219 19076.13 13.70 23.90 1.44 4.10 12.20
3987 1926 220 16448.19 14.30 24.00 1.53 2.60 0.20
3987 1926 221 22780.60 12.00 23.60 1.41 2.50 0.00
3987 1926 222 23305.45 12.40 26.40 1.53 2.00 0.00
3987 1926 223 13829.01 14.90 25.70 1.52 5.00 4.30
3987 1926 224 15975.09 12.70 18.80 1.43 4.90 3.80
3987 1926 225 14163.53 11.90 19.70 1.33 4.50 0.00
3987 1926 226 11234.57 14.80 21.90 1.76 4.00 0.00
3987 1926 227 15866.97 14.50 22.40 1.60 4.80 1.20
3987 1926 228 11665.97 15.60 20.20 1.76 5.10 1.00
3987 1926 229 20485.63 12.00 22.20 1.51 3.30 0.00
3987 1926 230 13035.38 14.80 23.80 1.76 1.80 10.70
3987 1926 231 16165.06 14.60 21.90 1.57 5.80 1.90
3987 1926 232 15083.21 14.20 21.70 1.45 4.70 0.00
3987 1926 233 8417.86 15.00 20.70 1.72 6.50 6.80
3987 1926 234 15151.76 14.10 20.00 1.51 8.50 4.40
3987 1926 235 14746.69 12.80 18.50 1.23 8.90 0.00
3987 1926 236 10394.84 10.30 20.30 1.44 6.40 0.00
3987 1926 237 14034.96 13.10 24.90 1.71 5.60 1.70
3987 1926 238 10240.48 13.50 19.00 1.35 5.80 0.00
3987 1926 239 17777.41 10.80 19.70 1.28 7.80 0.00
3987 1926 240 14130.17 10.90 18.00 1.43 5.30 0.00
3987 1926 241 13292.42 9.70 20.40 1.29 3.10 0.00
3987 1926 242 21300.41 8.60 22.40 1.15 5.00 0.00
3987 1926 243 20792.63 9.90 24.20 1.29 5.10 0.00
3987 1926 244 19937.41 10.50 29.10 1.39 3.20 0.00
3987 1926 245 19573.79 13.20 29.40 1.35 2.20 0.00
3987 1926 246 14447.89 13.40 25.40 1.92 2.70 0.00
3987 1926 247 16371.01 16.40 24.80 1.84 3.30 0.00
3987 1926 248 15717.32 15.30 26.00 1.81 2.20 0.00
3987 1926 249 15089.27 14.60 24.90 1.75 4.30 3.40
3987 1926 250 6665.52 14.00 18.90 1.64 3.00 7.20
3987 1926 251 12853.94 11.30 18.20 1.36 5.30 4.80
3987 1926 252 9725.95 8.50 16.40 1.31 2.80 1.50
3987 1926 253 9860.11 13.50 24.10 1.76 4.70 0.00
3987 1926 254 16260.46 14.50 28.60 1.68 5.10 0.00
3987 1926 255 12962.66 17.30 27.40 1.80 5.60 3.10
3987 1926 256 12276.66 11.70 19.10 1.37 6.00 5.50
3987 1926 257 9337.18 11.00 17.40 1.27 6.10 2.60
3987 1926 258 6062.86 9.10 16.60 1.36 4.90 6.70
3987 1926 259 10013.33 10.40 16.10 1.19 7.60 1.00
3987 1926 260 10919.12 6.40 19.50 1.24 3.90 0.00
3987 1926 261 16381.03 12.30 22.90 1.67 3.30 0.00
3987 1926 262 16323.46 11.90 24.80 1.59 4.40 0.00
3987 1926 263 15730.88 11.00 22.30 1.48 3.70 0.00
3987 1926 264 12601.84 8.30 18.50 1.16 3.30 0.00
3987 1926 265 9009.76 8.60 16.90 1.23 3.40 0.00
3987 1926 266 9102.20 7.20 15.00 1.13 6.10 5.40
3987 1926 267 9816.17 6.90 15.00 1.08 2.50 0.00
3987 1926 268 10663.92 4.30 16.20 0.97 3.90 1.10
3987 1926 269 10275.79 9.80 15.80 1.04 3.30 0.00
3987 1926 270 7361.80 7.90 16.80 1.08 4.20 4.30
3987 1926 271 9721.62 4.80 14.30 0.95 4.70 0.00
3987 1926 272 7867.64 4.40 15.50 1.03 2.40 0.00
3987 1926 273 7252.38 7.10 15.30 1.09 2.10 0.50
3987 1926 274 4775.08 9.20 13.20 1.35 2.50 0.50
3987 1926 275 4700.93 11.10 14.10 1.36 2.40 0.00
3987 1926 276 8034.68 6.50 16.50 1.13 2.00 0.00
3987 1926 277 4557.92 10.00 13.50 1.28 2.80 0.00
3987 1926 278 10339.59 7.80 17.50 1.16 2.20 0.00
3987 1926 279 6038.49 7.70 13.40 1.16 2.00 0.00
3987 1926 280 12142.99 5.90 17.30 1.19 4.60 0.90
3987 1926 281 6931.14 11.20 18.60 1.39 4.20 0.00
3987 1926 282 5881.23 10.90 19.60 1.25 7.10 4.50
3987 1926 283 7005.91 8.00 18.50 0.81 9.30 0.00
3987 1926 284 8836.41 6.10 12.80 0.79 6.50 7.90
3987 1926 285 9079.55 7.30 12.80 0.93 9.50 5.90
3987 1926 286 5343.80 6.60 16.80 1.08 7.60 1.80
3987 1926 287 3854.12 10.80 14.50 0.99 7.70 10.80
3987 1926 288 3805.47 7.70 12.70 1.09 4.40 18.80
3987 1926 289 3750.56 4.70 9.30 0.92 4.40 0.00
3987 1926 290 5853.42 3.00 10.30 0.83 3.50 2.80
3987 1926 291 8346.08 2.00 9.10 0.71 5.80 0.20
3987 1926 292 6396.37 1.30 7.50 0.69 6.30 0.70
3987 1926 293 3928.83 0.90 5.60 0.67 3.50 0.00
3987 1926 294 4271.34 0.10 6.40 0.67 2.90 6.20
3987 1926 295 3384.25 1.10 3.50 0.71 3.30 1.70
3987 1926 296 4468.24 1.80 6.50 0.67 3.20 0.00
3987 1926 297 4605.06 -0.60 6.60 0.59 3.90 0.00
3987 1926 298 5445.01 -2.00 5.30 0.60 5.70 0.20
3987 1926 299 5086.11 2.90 9.40 0.68 5.40 0.50
3987 1926 300 7012.05 0.90 7.20 0.63 6.90 0.00
3987 1926 301 4434.78 -1.40 3.60 0.64 3.50 3.10
3987 1926 302 2953.43 2.60 9.00 1.01 3.70 2.90
3987 1926 303 2901.66 5.50 9.90 0.96 4.00 5.60
3987 1926 304 2861.04 2.70 5.50 0.75 4.50 12.70
3987 1926 305 2813.17 0.30 3.30 0.65 3.70 3.30
3987 1926 306 4489.79 -0.40 6.20 0.61 6.40 0.00
3987 1926 307 3172.07 4.10 6.90 0.79 2.60 1.00
3987 1926 308 2651.55 3.00 5.10 0.75 1.70 0.10
3987 1926 309 2593.12 4.10 9.60 0.96 3.20 0.00
3987 1926 310 3676.91 4.40 11.80 0.96 3.90 0.00
3987 1926 311 2660.22 5.10 13.20 0.99 4.50 2.30
3987 1926 312 4333.64 5.10 11.00 0.92 5.30 0.00
3987 1926 313 3825.56 3.80 13.20 0.81 5.80 0.70
3987 1926 314 6147.73 4.70 13.00 0.83 4.80 0.00
3987 1926 315 6764.82 1.10 12.90 0.84 4.70 0.00
3987 1926 316 2330.15 4.90 8.90 1.04 3.90 0.00
3987 1926 317 3592.02 2.90 10.30 0.89 4.20 0.00
3987 1926 318 2287.49 8.50 15.10 1.00 7.50 0.50
3987 1926 319 5512.22 7.30 11.20 0.77 7.20 0.10
3987 1926 320 2118.49 7.50 11.40 1.01 5.00 2.50
3987 1926 321 2176.14 7.40 12.40 1.08 4.30 0.40
3987 1926 322 2431.67 10.00 15.40 1.19 4.90 0.00
3987 1926 323 4675.03 5.60 14.60 1.12 5.40 0.50
3987 1926 324 4621.48 7.10 11.80 0.84 5.50 0.00
3987 1926 325 1943.57 8.60 12.60 0.83 6.10 0.00
3987 1926 326 5035.23 4.40 12.00 0.84 5.00 9.80
3987 1926 327 2592.57 5.30 9.50 0.88 4.10 0.20
3987 1926 328 4132.51 3.00 10.80 0.77 4.00 0.00
3987 1926 329 1844.13 1.60 4.90 0.73 3.10 6.40
3987 1926 330 1816.24 1.60 4.30 0.73 8.20 32.50
3987 1926 331 1789.46 1.90 3.40 0.75 7.10 7.40
3987 1926 332 1765.52 2.40 3.40 0.76 2.40 1.00
3987 1926 333 1750.72 -2.10 2.40 0.56 2.50 0.00
3987 1926 334 1724.09 -1.80 0.70 0.61 4.00 0.20
3987 1926 335 1702.60 -0.50 1.50 0.60 3.10 0.00
3987 1926 336 1682.52 -0.60 1.00 0.52 3.80 0.00
3987 1926 337 2221.21 -1.30 1.80 0.49 3.50 0.20
3987 1926 338 3389.80 0.10 5.80 0.63 2.10 0.00
3987 1926 339 1627.25 -0.60 1.40 0.60 2.40 0.00
3987 1926 340 1612.82 -2.00 0.20 0.57 2.70 0.00
3987 1926 341 1595.50 -2.60 1.20 0.59 3.50 0.10
3987 1926 342 1575.07 1.20 3.90 0.76 4.80 1.10
3987 1926 343 1639.30 3.20 6.30 0.88 5.30 3.70
3987 1926 344 1541.81 5.50 7.60 0.97 6.80 0.00
3987 1926 345 1532.47 5.90 8.00 0.95 7.00 0.30
3987 1926 346 1561.93 5.80 8.00 0.92 7.20 0.10
3987 1926 347 1517.52 3.90 7.00 0.80 5.30 0.60
3987 1926 348 1510.40 1.90 4.90 0.68 5.70 1.00
3987 1926 349 3931.53 -0.90 5.00 0.52 5.20 1.50
3987 1926 350 1541.96 -0.20 3.60 0.61 6.70 4.60
3987 1926 351 1491.81 0.20 5.30 0.79 7.40 5.90
3987 1926 352 1889.74 2.30 4.40 0.72 6.10 1.70
3987 1926 353 2852.04 -0.10 2.60 0.59 4.70 2.10
3987 1926 354 1486.60 0.50 3.80 0.69 5.80 11.40
3987 1926 355 1489.83 -0.10 2.20 0.61 6.20 4.90
3987 1926 356 1494.42 -4.20 0.70 0.48 5.20 0.40
3987 1926 357 1619.68 -6.50 -2.40 0.35 4.50 0.00
3987 1926 358 4295.46 -8.20 -2.80 0.23 4.20 0.00
3987 1926 359 2757.04 -9.60 -2.10 0.28 2.90 0.00
3987 1926 360 1506.03 -4.10 -1.80 0.43 0.90 0.00
3987 1926 361 1514.84 -4.40 -2.20 0.41 2.90 3.60
3987 1926 362 1511.63 -4.40 1.90 0.64 7.60 6.30
3987 1926 363 1516.55 1.10 5.00 0.68 8.90 2.10
3987 1926 364 1521.03 0.30 5.80 0.81 8.70 5.20
3987 1926 365 1571.64 3.40 6.30 0.80 9.10 4.00
