*---------------------------------------------------------------------------*
* Station name: Potsdam Saekularstation
* Year: 1976
* Author: Pedro Alencar                                   -999.000: NIL VALUE
* Source: DWD
* Comments: Gaps filled with interpolation and storical means
* Longitude: 13.0622, latitude: 52.3812, altitude: 82.0 m.
*
    * Column  Daily value
    * 1       station number
    * 2       year
    * 3       day
    * 4       irradiation                   (kJ m-2 d-1)
    * 5       minimum temperature           (degrees Celsius
    * 6       maximum temperature           (degrees Celsius)
    * 7       early morning vapour pressure (kPa)
    * 8       mean wind speed (height: 2 m) (m s-1)
    * 9       precipitation                 (mm d-1)
    *
** WCCDESCRIPTION=Potsdam, Germany
** WCCFORMAT=2
** WCCYEARNR=1976
*---------------------------------------------------------------------------*
   13.0622 52.3812 82.0 -0.18 -0.55
3987 1976 1 1670.00 3.60 5.20 0.69 9.20 15.40
3987 1976 2 1670.00 0.00 3.60 0.59 3.80 11.90
3987 1976 3 1570.00 -0.70 6.90 0.62 18.30 0.90
3987 1976 4 2400.00 -1.80 3.60 0.56 8.40 2.70
3987 1976 5 570.00 -4.90 6.30 0.55 9.80 3.20
3987 1976 6 2410.00 -1.30 4.50 0.46 4.80 0.00
3987 1976 7 1320.00 -5.90 3.80 0.57 4.40 0.20
3987 1976 8 160.00 3.80 7.80 0.79 7.90 0.00
3987 1976 9 600.00 5.10 8.00 0.85 6.50 3.60
3987 1976 10 850.00 2.70 5.20 0.79 3.70 9.90
3987 1976 11 2860.00 4.10 7.70 0.75 10.60 2.60
3987 1976 12 950.00 4.90 9.00 0.97 12.50 7.80
3987 1976 13 1910.00 2.50 8.80 0.64 9.10 4.50
3987 1976 14 850.00 0.10 4.30 0.67 5.40 13.30
3987 1976 15 2860.00 0.00 5.00 0.62 4.10 0.00
3987 1976 16 3990.00 -6.50 0.40 0.43 2.60 0.90
3987 1976 17 4150.00 -1.50 3.20 0.57 6.80 0.20
3987 1976 18 590.00 -2.10 4.60 0.69 6.00 3.10
3987 1976 19 2280.00 3.20 5.60 0.68 8.00 1.60
3987 1976 20 690.00 3.20 7.00 0.77 11.70 6.80
3987 1976 21 3160.00 2.10 6.90 0.66 11.90 5.60
3987 1976 22 3120.00 0.50 4.30 0.61 11.00 6.30
3987 1976 23 2310.00 0.20 7.20 0.72 10.40 7.70
3987 1976 24 4800.00 -3.30 0.20 0.51 3.50 1.00
3987 1976 25 2240.00 -8.20 -1.90 0.39 1.20 0.00
3987 1976 26 2530.00 -8.20 -5.10 0.34 2.30 0.20
3987 1976 27 4970.00 -12.70 -3.80 0.28 3.80 0.00
3987 1976 28 1500.00 -11.50 -7.50 0.29 1.00 0.00
3987 1976 29 2990.00 -8.20 -4.90 0.33 0.90 0.00
3987 1976 30 4060.00 -10.00 -6.00 0.27 5.40 0.10
3987 1976 31 6680.00 -11.40 -4.20 0.25 7.80 0.00
3987 1976 32 2820.00 -11.30 -5.20 0.26 5.30 0.00
3987 1976 33 4010.00 -9.20 -1.20 0.31 5.80 0.00
3987 1976 34 4050.00 -8.80 -2.80 0.31 6.00 0.00
3987 1976 35 2590.00 -9.20 -2.30 0.34 2.00 0.00
3987 1976 36 2360.00 -4.70 -0.50 0.44 4.50 0.00
3987 1976 37 6170.00 -6.70 0.80 0.38 5.70 0.00
3987 1976 38 6500.00 -6.80 0.30 0.36 7.30 0.00
3987 1976 39 7230.00 -10.10 2.50 0.31 4.60 0.00
3987 1976 40 1200.00 -6.10 0.80 0.51 1.70 0.00
3987 1976 41 2280.00 0.20 4.10 0.64 4.20 2.10
3987 1976 42 6540.00 1.00 6.10 0.63 4.10 0.10
3987 1976 43 2180.00 0.00 2.50 0.57 5.00 1.80
3987 1976 44 2240.00 -0.40 1.50 0.50 6.10 0.10
3987 1976 45 2950.00 -6.10 0.40 0.36 4.00 1.00
3987 1976 46 1940.00 -6.30 -2.60 0.41 1.30 0.20
3987 1976 47 1040.00 -2.60 1.40 0.57 4.70 0.00
3987 1976 48 1420.00 -3.00 0.70 0.50 6.50 0.00
3987 1976 49 6810.00 -2.20 4.00 0.52 5.90 0.00
3987 1976 50 7970.00 -2.20 6.60 0.51 4.30 0.00
3987 1976 51 7680.00 -2.90 8.10 0.58 2.80 0.00
3987 1976 52 8130.00 -3.40 7.60 0.55 3.30 0.00
3987 1976 53 7170.00 -3.40 6.50 0.53 3.50 0.00
3987 1976 54 6680.00 -3.70 3.60 0.48 2.10 0.00
3987 1976 55 3380.00 -2.60 3.60 0.59 3.50 0.40
3987 1976 56 5310.00 2.70 10.40 0.82 5.60 0.00
3987 1976 57 2860.00 4.00 8.50 0.83 7.80 0.00
3987 1976 58 10390.00 5.00 11.60 0.85 5.20 0.00
3987 1976 59 9800.00 5.00 14.20 0.81 3.60 0.00
3987 1976 60 9660.00 -0.40 12.60 0.74 5.60 4.10
3987 1976 61 4880.00 5.00 8.80 0.66 13.20 0.10
3987 1976 62 8440.00 2.60 7.40 0.52 9.10 0.00
3987 1976 63 12080.00 -2.40 6.90 0.43 3.60 0.00
3987 1976 64 11890.00 -5.50 5.40 0.43 3.50 0.00
3987 1976 65 6080.00 -6.80 0.80 0.36 4.60 0.00
3987 1976 66 3470.00 -2.60 -1.00 0.45 4.70 0.40
3987 1976 67 6890.00 -5.60 -0.70 0.43 2.80 1.10
3987 1976 68 5850.00 -4.00 -0.20 0.42 1.10 0.40
3987 1976 69 8430.00 -5.40 -0.70 0.42 3.30 0.10
3987 1976 70 10480.00 -7.40 1.40 0.40 3.60 0.00
3987 1976 71 10680.00 -6.40 3.40 0.39 2.70 0.00
3987 1976 72 9000.00 -5.20 3.10 0.44 5.10 0.00
3987 1976 73 7400.00 -4.30 5.80 0.39 4.90 0.00
3987 1976 74 8460.00 -0.30 6.60 0.44 3.20 0.00
3987 1976 75 7530.00 -1.90 7.00 0.51 2.00 0.00
3987 1976 76 5470.00 -2.10 4.20 0.52 4.50 2.40
3987 1976 77 3670.00 -1.90 1.40 0.47 3.20 0.00
3987 1976 78 4180.00 -2.00 0.00 0.47 3.80 0.00
3987 1976 79 11390.00 -1.60 5.50 0.41 4.30 0.00
3987 1976 80 11550.00 -5.30 4.50 0.37 3.80 0.00
3987 1976 81 10360.00 -6.80 1.50 0.38 3.90 0.10
3987 1976 82 7360.00 -4.70 1.60 0.44 3.00 0.10
3987 1976 83 6890.00 -5.40 1.10 0.45 1.40 0.00
3987 1976 84 10610.00 -2.00 3.10 0.40 1.50 0.00
3987 1976 85 3340.00 -2.50 5.60 0.61 4.80 5.30
3987 1976 86 3190.00 3.90 9.90 0.92 7.10 0.50
3987 1976 87 13360.00 1.00 10.40 0.67 6.50 0.30
3987 1976 88 11010.00 6.60 13.60 0.84 5.70 0.00
3987 1976 89 13380.00 2.50 15.90 0.77 6.60 0.00
3987 1976 90 8090.00 5.60 10.20 0.73 8.30 0.40
3987 1976 91 8940.00 0.80 13.40 0.70 7.80 0.00
3987 1976 92 6860.00 7.60 14.10 0.87 5.20 0.00
3987 1976 93 15400.00 5.10 22.40 0.87 6.00 0.00
3987 1976 94 11300.00 6.00 16.80 0.81 4.70 0.00
3987 1976 95 12910.00 0.60 14.20 0.68 2.30 0.10
3987 1976 96 15700.00 4.10 14.40 0.75 6.00 0.00
3987 1976 97 3900.00 6.20 11.60 0.76 9.10 0.20
3987 1976 98 9130.00 1.00 9.10 0.61 5.30 3.40
3987 1976 99 14310.00 -0.30 9.80 0.61 3.90 0.00
3987 1976 100 9440.00 2.00 7.50 0.53 2.30 0.00
3987 1976 101 16350.00 -1.30 12.00 0.55 2.50 0.00
3987 1976 102 11670.00 4.80 12.70 0.66 2.40 0.00
3987 1976 103 15620.00 2.50 14.10 0.65 3.00 0.00
3987 1976 104 15480.00 6.00 16.80 0.62 1.80 0.00
3987 1976 105 16080.00 6.40 17.70 0.67 3.00 0.00
3987 1976 106 17510.00 4.40 17.20 0.91 3.10 0.00
3987 1976 107 13950.00 5.80 18.30 0.95 3.30 0.00
3987 1976 108 18580.00 4.50 19.70 0.91 2.30 0.00
3987 1976 109 19520.00 8.50 20.30 0.90 3.10 0.00
3987 1976 110 19950.00 8.80 18.80 0.79 3.70 0.00
3987 1976 111 22160.00 1.50 16.50 0.49 3.10 0.00
3987 1976 112 10340.00 4.40 14.20 0.64 4.30 0.00
3987 1976 113 17920.00 -2.40 8.30 0.49 3.50 0.00
3987 1976 114 12070.00 -2.30 9.00 0.48 4.10 0.20
3987 1976 115 2330.00 2.60 6.80 0.68 7.00 3.30
3987 1976 116 9190.00 3.00 13.00 0.61 6.30 0.00
3987 1976 117 23350.00 0.60 15.30 0.52 4.40 0.00
3987 1976 118 10130.00 1.80 12.20 0.60 6.60 0.20
3987 1976 119 14030.00 -0.50 6.80 0.52 6.00 0.00
3987 1976 120 21280.00 -2.70 10.00 0.41 3.20 0.00
3987 1976 121 13830.00 1.20 12.70 0.68 5.30 0.00
3987 1976 122 15790.00 0.50 14.40 0.65 4.00 0.00
3987 1976 123 21080.00 2.00 19.80 0.64 4.50 0.20
3987 1976 124 12280.00 7.20 16.70 0.99 4.00 1.70
3987 1976 125 14730.00 6.50 14.50 0.93 7.70 1.10
3987 1976 126 21650.00 5.50 17.60 0.85 4.60 0.00
3987 1976 127 22720.00 6.40 24.10 0.92 2.90 0.00
3987 1976 128 24640.00 7.90 22.30 0.78 3.00 0.00
3987 1976 129 25350.00 6.60 26.70 0.65 4.20 0.00
3987 1976 130 24640.00 8.90 29.60 0.76 6.30 0.00
3987 1976 131 24600.00 13.00 28.00 0.97 5.70 0.00
3987 1976 132 20920.00 11.10 26.50 1.05 5.80 0.90
3987 1976 133 17500.00 8.80 20.90 1.01 3.30 0.90
3987 1976 134 15650.00 10.50 18.00 0.96 4.30 1.10
3987 1976 135 15920.00 4.90 13.10 0.77 4.60 0.20
3987 1976 136 21690.00 4.50 19.00 0.74 2.80 0.00
3987 1976 137 16600.00 7.20 20.40 0.83 3.30 0.00
3987 1976 138 22210.00 7.60 22.70 0.89 2.50 0.00
3987 1976 139 25290.00 9.30 26.30 0.85 4.30 0.00
3987 1976 140 23650.00 10.70 26.60 0.94 4.50 0.30
3987 1976 141 3130.00 12.10 23.00 1.29 1.50 13.90
3987 1976 142 6060.00 9.50 13.10 1.28 2.70 5.10
3987 1976 143 6330.00 7.30 13.40 1.18 4.50 2.50
3987 1976 144 19780.00 4.90 18.10 0.94 4.30 0.00
3987 1976 145 18020.00 5.40 17.30 0.95 3.60 0.00
3987 1976 146 15010.00 7.50 17.40 1.01 3.30 1.90
3987 1976 147 11940.00 8.90 18.80 1.08 3.80 0.50
3987 1976 148 14330.00 6.60 15.40 1.05 3.10 10.10
3987 1976 149 11040.00 7.80 14.10 1.13 3.50 0.70
3987 1976 150 15310.00 6.30 15.10 0.94 2.80 0.80
3987 1976 151 10350.00 7.20 15.20 1.11 3.70 3.70
3987 1976 152 10300.00 8.70 13.90 1.13 5.10 1.50
3987 1976 153 17660.00 7.00 16.70 1.00 3.80 0.00
3987 1976 154 19760.00 7.90 18.00 0.97 3.90 0.00
3987 1976 155 20040.00 8.90 16.80 0.97 2.60 3.10
3987 1976 156 16780.00 9.40 16.70 1.22 1.60 0.80
3987 1976 157 25500.00 6.60 21.40 1.23 2.00 0.00
3987 1976 158 24990.00 10.30 23.80 1.16 3.30 0.00
3987 1976 159 28930.00 11.50 26.20 1.27 4.00 0.00
3987 1976 160 28970.00 11.00 26.30 1.32 3.20 0.00
3987 1976 161 30760.00 10.40 23.70 0.94 5.00 0.00
3987 1976 162 29780.00 8.20 23.50 0.73 3.30 0.00
3987 1976 163 25100.00 12.00 22.40 1.08 4.50 0.00
3987 1976 164 19480.00 9.50 23.20 1.07 2.30 0.00
3987 1976 165 16740.00 15.00 23.50 1.30 7.00 0.00
3987 1976 166 29840.00 9.20 26.10 1.11 5.00 0.00
3987 1976 167 7580.00 11.20 24.20 1.34 7.20 2.90
3987 1976 168 11570.00 9.00 18.00 1.20 7.20 6.50
3987 1976 169 24190.00 7.60 24.00 1.05 5.80 0.00
3987 1976 170 28230.00 10.30 24.40 1.03 4.40 0.00
3987 1976 171 17710.00 11.50 25.90 1.32 4.10 2.80
3987 1976 172 6810.00 12.80 18.10 1.58 5.20 3.30
3987 1976 173 26850.00 10.20 21.40 1.19 5.20 0.00
3987 1976 174 28120.00 9.80 24.40 1.15 3.40 0.00
3987 1976 175 27590.00 11.40 26.70 1.35 2.70 0.00
3987 1976 176 27040.00 13.80 29.30 1.44 2.20 0.00
3987 1976 177 24840.00 16.70 31.00 1.47 2.30 0.00
3987 1976 178 26110.00 17.50 32.30 1.43 2.00 0.00
3987 1976 179 26990.00 18.20 33.80 1.39 1.50 0.00
3987 1976 180 27080.00 19.70 33.30 1.65 3.60 0.00
3987 1976 181 30100.00 15.60 30.40 1.34 3.10 0.00
3987 1976 182 30120.00 11.60 31.30 1.20 3.30 0.00
3987 1976 183 30740.00 14.40 30.20 1.24 3.70 0.00
3987 1976 184 30920.00 15.00 28.90 0.83 4.80 0.00
3987 1976 185 30540.00 12.90 32.70 0.72 3.20 0.00
3987 1976 186 27900.00 16.00 34.40 1.00 3.80 0.00
3987 1976 187 26720.00 15.80 30.80 1.24 5.40 0.00
3987 1976 188 30640.00 8.60 25.90 0.87 3.00 0.00
3987 1976 189 25770.00 12.40 28.80 1.09 3.20 0.00
3987 1976 190 21150.00 12.10 30.00 1.12 3.80 5.30
3987 1976 191 14020.00 12.90 21.50 1.44 3.30 0.00
3987 1976 192 22260.00 11.50 24.30 1.34 3.20 0.00
3987 1976 193 25540.00 13.40 27.80 1.52 3.00 0.00
3987 1976 194 25220.00 15.80 30.00 1.51 3.00 0.00
3987 1976 195 23780.00 14.50 29.40 1.53 2.60 0.00
3987 1976 196 9300.00 15.70 26.40 1.74 2.10 0.70
3987 1976 197 21480.00 16.50 29.00 1.60 2.20 0.00
3987 1976 198 23710.00 17.40 32.50 1.50 3.00 0.00
3987 1976 199 21560.00 18.90 36.30 1.52 3.60 0.00
3987 1976 200 17650.00 19.80 31.20 2.08 3.20 2.70
3987 1976 201 19350.00 17.60 31.30 2.13 2.60 2.00
3987 1976 202 17590.00 17.40 28.30 1.78 3.10 0.30
3987 1976 203 7150.00 16.80 26.10 1.88 2.40 4.80
3987 1976 204 11310.00 11.80 20.10 1.38 3.80 0.00
3987 1976 205 18490.00 10.90 22.00 1.32 3.90 0.00
3987 1976 206 11720.00 12.30 21.80 1.28 3.00 0.00
3987 1976 207 14340.00 12.20 23.90 1.39 2.70 0.00
3987 1976 208 14390.00 14.00 24.70 1.53 2.80 0.00
3987 1976 209 26830.00 13.00 26.40 1.36 3.80 0.00
3987 1976 210 14520.00 13.40 24.10 1.22 7.30 0.00
3987 1976 211 17020.00 11.20 22.20 1.02 6.80 0.00
3987 1976 212 13190.00 10.40 22.40 1.23 5.00 0.40
3987 1976 213 11770.00 13.70 19.80 1.26 4.40 4.80
3987 1976 214 17900.00 10.10 18.60 1.11 4.80 0.20
3987 1976 215 8950.00 7.90 16.70 1.14 5.50 0.60
3987 1976 216 11430.00 13.00 20.80 1.51 6.10 1.90
3987 1976 217 13090.00 9.10 17.50 1.16 5.60 0.00
3987 1976 218 14420.00 9.40 18.90 1.11 4.30 0.00
3987 1976 219 7220.00 9.80 18.10 1.37 3.60 0.20
3987 1976 220 17080.00 12.30 23.70 1.35 3.90 0.00
3987 1976 221 19210.00 8.90 24.30 1.24 2.40 0.00
3987 1976 222 21890.00 11.90 25.40 1.19 2.60 0.00
3987 1976 223 20340.00 12.50 26.60 1.10 3.50 0.00
3987 1976 224 21190.00 12.00 27.30 1.35 2.50 0.00
3987 1976 225 10640.00 13.90 23.50 1.43 2.20 0.00
3987 1976 226 13710.00 13.90 24.50 1.37 3.00 0.00
3987 1976 227 15710.00 11.60 25.30 1.33 2.90 0.00
3987 1976 228 21760.00 9.40 25.40 1.19 2.40 0.00
3987 1976 229 19630.00 9.80 26.40 1.20 2.70 0.00
3987 1976 230 12810.00 11.90 22.80 1.51 2.50 5.60
3987 1976 231 16600.00 11.00 25.40 1.43 3.70 0.60
3987 1976 232 14460.00 11.50 24.30 1.53 3.00 10.10
3987 1976 233 17260.00 10.70 25.40 1.52 3.80 0.00
3987 1976 234 18480.00 10.60 22.20 1.07 5.40 0.00
3987 1976 235 21830.00 7.30 21.30 0.93 3.70 0.00
3987 1976 236 21620.00 9.10 24.30 0.93 2.90 0.00
3987 1976 237 21250.00 10.60 27.60 1.02 3.00 0.00
3987 1976 238 20670.00 13.70 28.90 1.00 2.80 0.00
3987 1976 239 14660.00 13.70 26.30 1.17 4.30 0.00
3987 1976 240 10450.00 13.10 21.80 1.45 2.20 0.00
3987 1976 241 11510.00 12.00 25.70 1.48 4.60 0.40
3987 1976 242 16610.00 13.90 29.90 1.32 5.00 0.00
3987 1976 243 15150.00 16.10 29.20 1.41 4.30 0.00
3987 1976 244 16790.00 16.50 25.10 1.44 4.30 0.00
3987 1976 245 15110.00 10.30 21.30 1.19 2.60 0.00
3987 1976 246 3410.00 10.00 17.70 1.20 4.70 1.70
3987 1976 247 14820.00 7.30 19.00 1.01 4.80 0.00
3987 1976 248 10910.00 8.30 16.50 1.02 5.20 0.20
3987 1976 249 14790.00 4.50 18.00 0.85 2.90 0.00
3987 1976 250 12249.92 8.30 17.70 1.22 4.80 0.00
3987 1976 251 11740.00 10.50 18.50 1.19 5.30 0.00
3987 1976 252 11200.00 9.00 21.30 1.10 3.00 0.00
3987 1976 253 5140.00 9.80 18.20 1.29 4.90 6.80
3987 1976 254 8470.00 10.30 16.50 1.11 7.00 0.00
3987 1976 255 14160.00 7.60 18.40 1.00 4.30 0.00
3987 1976 256 15190.00 7.10 23.60 1.08 3.90 0.00
3987 1976 257 16260.00 9.80 27.60 1.21 4.00 0.00
3987 1976 258 3520.00 11.00 21.60 1.23 3.70 6.20
3987 1976 259 15200.00 7.80 20.60 1.19 3.40 4.90
3987 1976 260 4800.00 11.90 14.80 1.35 2.30 4.80
3987 1976 261 12800.00 7.70 16.30 1.06 2.40 0.50
3987 1976 262 2480.00 8.50 12.50 1.21 2.20 1.40
3987 1976 263 2910.00 10.50 14.40 1.33 2.00 0.00
3987 1976 264 7240.00 9.40 14.00 0.98 1.80 0.00
3987 1976 265 6470.00 6.30 17.30 1.07 2.60 0.00
3987 1976 266 13390.00 8.80 20.40 1.12 3.90 0.00
3987 1976 267 11971.78 6.40 20.00 1.02 4.70 0.00
3987 1976 268 7590.00 9.80 18.00 1.29 2.30 2.00
3987 1976 269 12230.00 7.80 17.30 1.08 2.70 0.00
3987 1976 270 14160.00 4.70 19.20 0.94 4.70 1.90
3987 1976 271 10400.00 10.00 23.30 1.50 3.50 0.00
3987 1976 272 3560.00 15.90 19.10 1.79 2.20 3.30
3987 1976 273 2530.00 15.00 17.40 1.71 1.50 2.60
3987 1976 274 1040.00 9.60 15.50 1.40 3.80 3.50
3987 1976 275 2190.00 8.40 11.20 1.10 5.00 0.10
3987 1976 276 2610.00 8.90 11.80 1.09 4.30 0.00
3987 1976 277 2440.00 9.30 13.50 1.29 3.20 5.10
3987 1976 278 5140.00 12.00 16.80 1.47 2.30 0.00
3987 1976 279 3860.00 9.40 15.20 1.25 4.50 0.30
3987 1976 280 4770.00 5.00 14.70 1.09 5.70 1.80
3987 1976 281 5560.00 11.70 21.30 1.55 5.50 0.40
3987 1976 282 9840.00 10.10 19.30 1.26 4.10 0.00
3987 1976 283 7130.00 9.00 17.80 1.32 2.90 0.00
3987 1976 284 8210.00 12.40 22.40 1.55 3.00 0.00
3987 1976 285 5130.00 12.00 18.40 1.56 3.50 0.00
3987 1976 286 7710.00 11.50 19.40 1.43 3.30 0.00
3987 1976 287 2530.00 10.50 15.40 1.39 3.10 0.40
3987 1976 288 2610.00 12.50 14.70 1.39 2.70 0.30
3987 1976 289 5430.00 7.00 15.00 1.13 2.60 0.00
3987 1976 290 1500.00 6.30 11.00 1.03 3.30 3.10
3987 1976 291 470.00 1.00 6.30 0.70 6.20 12.60
3987 1976 292 1940.00 1.90 8.30 0.83 5.50 0.00
3987 1976 293 3220.00 5.50 10.10 0.88 4.50 0.00
3987 1976 294 8510.00 3.90 14.00 0.87 3.90 0.00
3987 1976 295 7790.00 1.80 13.30 0.83 3.80 0.00
3987 1976 296 4150.00 2.60 12.40 0.98 3.20 0.00
3987 1976 297 7380.00 4.40 15.60 0.97 4.80 0.00
3987 1976 298 6650.00 3.30 12.10 0.83 3.60 0.00
3987 1976 299 5360.00 0.00 7.20 0.72 2.20 0.00
3987 1976 300 6150.00 0.10 11.50 0.75 3.50 0.00
3987 1976 301 2100.00 2.10 5.20 0.77 3.00 0.00
3987 1976 302 3420.00 1.50 8.20 0.75 6.50 0.00
3987 1976 303 3110.00 3.00 8.80 0.83 3.70 0.00
3987 1976 304 1200.00 1.20 6.00 0.78 2.70 0.00
3987 1976 305 1490.00 4.30 6.10 0.78 5.90 0.00
3987 1976 306 4160.00 -1.10 8.30 0.65 4.20 0.00
3987 1976 307 2140.00 0.90 9.90 0.83 5.10 0.70
3987 1976 308 2270.00 2.60 10.10 0.91 3.60 0.40
3987 1976 309 5480.00 2.80 10.80 0.86 2.00 0.00
3987 1976 310 4150.00 -0.40 8.60 0.76 3.50 0.00
3987 1976 311 4060.00 -0.50 10.00 0.84 4.60 0.00
3987 1976 312 4970.00 6.50 15.80 1.09 4.50 6.80
3987 1976 313 4640.00 6.70 11.70 0.97 5.30 0.30
3987 1976 314 4010.00 1.50 11.40 0.82 4.60 0.00
3987 1976 315 3450.00 1.50 12.00 0.88 4.90 0.00
3987 1976 316 1020.00 3.60 9.30 0.93 3.60 1.90
3987 1976 317 3760.00 4.30 9.40 0.86 3.50 0.00
3987 1976 318 640.00 3.40 7.80 0.92 3.40 1.50
3987 1976 319 380.00 6.10 7.40 0.98 2.20 2.10
3987 1976 320 610.00 5.20 7.20 0.93 3.90 1.40
3987 1976 321 380.00 3.70 5.80 0.82 3.10 0.40
3987 1976 322 1680.00 3.00 5.40 0.74 1.20 0.00
3987 1976 323 1200.00 2.90 5.30 0.73 1.40 0.10
3987 1976 324 910.00 2.00 4.40 0.71 3.80 1.00
3987 1976 325 2950.00 -1.30 4.00 0.62 2.40 0.00
3987 1976 326 4500.00 -3.20 3.80 0.56 2.40 1.90
3987 1976 327 2320.00 -0.60 4.90 0.66 6.60 3.90
3987 1976 328 1790.00 -0.80 2.10 0.58 7.30 0.00
3987 1976 329 820.00 -0.10 1.80 0.62 4.80 4.50
3987 1976 330 1740.00 -0.60 3.20 0.67 3.80 1.50
3987 1976 331 680.00 2.60 7.40 0.90 6.90 0.30
3987 1976 332 990.00 3.20 7.40 0.81 6.60 0.10
3987 1976 333 2400.00 4.20 7.50 0.82 6.20 0.00
3987 1976 334 2110.00 5.60 9.80 0.86 7.30 5.00
3987 1976 335 1210.00 4.80 8.50 0.95 7.20 3.40
3987 1976 336 1150.00 2.40 11.20 0.73 11.00 0.00
3987 1976 337 1910.00 -3.10 3.60 0.59 3.50 0.80
3987 1976 338 1200.00 0.20 2.40 0.66 4.30 0.50
3987 1976 339 2440.00 -2.20 4.00 0.57 5.70 0.00
3987 1976 340 3260.00 -2.50 3.00 0.53 5.00 0.00
3987 1976 341 2950.00 -3.70 3.20 0.56 6.40 2.40
3987 1976 342 1030.00 0.80 5.90 0.77 6.60 2.50
3987 1976 343 1506.54 1.30 5.80 0.75 5.60 0.40
3987 1976 344 1380.00 3.20 6.50 0.79 6.80 0.90
3987 1976 345 900.00 1.50 3.20 0.65 6.80 0.10
3987 1976 346 930.00 0.20 1.50 0.61 5.00 4.70
3987 1976 347 820.00 -0.70 1.00 0.61 5.80 4.00
3987 1976 348 910.00 -0.80 1.30 0.59 5.10 1.70
3987 1976 349 1960.00 -2.20 -0.80 0.52 5.10 2.80
3987 1976 350 1580.00 -2.70 -1.40 0.49 5.60 3.20
3987 1976 351 1550.00 -2.90 -1.20 0.50 3.90 2.50
3987 1976 352 2990.00 -4.80 -1.50 0.43 3.70 0.00
3987 1976 353 1110.00 -5.20 1.30 0.49 5.30 0.00
3987 1976 354 560.00 0.00 1.20 0.61 3.10 0.00
3987 1976 355 200.00 0.30 1.50 0.62 6.00 0.00
3987 1976 356 1030.00 -0.20 1.30 0.63 4.20 0.00
3987 1976 357 2480.00 0.10 4.50 0.64 3.80 0.00
3987 1976 358 780.00 -3.30 0.20 0.54 0.80 0.00
3987 1976 359 1410.00 -2.70 -0.20 0.56 4.80 0.30
3987 1976 360 2920.00 -4.70 0.20 0.37 6.90 1.70
3987 1976 361 3650.00 -6.10 -0.20 0.37 7.80 1.70
3987 1976 362 1800.00 -5.70 1.30 0.48 6.50 0.50
3987 1976 363 1840.00 -4.40 0.70 0.43 7.20 0.10
3987 1976 364 2940.00 -10.60 -3.60 0.31 3.80 0.00
3987 1976 365 3380.00 -14.60 -6.90 0.22 4.10 0.00
3987 1976 366 2570.00 -14.60 -1.40 0.29 5.20 0.10
