*---------------------------------------------------------------------------*
* Station name: Potsdam Saekularstation
* Year: 1996
* Author: Pedro Alencar                                   -999.000: NIL VALUE
* Source: DWD
* Comments: Gaps filled with interpolation and storical means
* Longitude: 13.0622, latitude: 52.3812, altitude: 82.0 m.
*
    * Column  Daily value
    * 1       station number
    * 2       year
    * 3       day
    * 4       irradiation                   (kJ m-2 d-1)
    * 5       minimum temperature           (degrees Celsius
    * 6       maximum temperature           (degrees Celsius)
    * 7       early morning vapour pressure (kPa)
    * 8       mean wind speed (height: 2 m) (m s-1)
    * 9       precipitation                 (mm d-1)
    *
** WCCDESCRIPTION=Potsdam, Germany
** WCCFORMAT=2
** WCCYEARNR=1996
*---------------------------------------------------------------------------*
   13.0622 52.3812 82.0 -0.18 -0.55
3987 1996 1 950.00 -10.30 -7.20 0.28 5.40 0.00
3987 1996 2 920.00 -8.70 -6.60 0.31 2.70 0.00
3987 1996 3 810.00 -6.90 -1.30 0.45 2.40 0.00
3987 1996 4 1070.00 -7.60 -2.00 0.33 2.10 0.00
3987 1996 5 3760.00 -7.60 -1.90 0.38 4.60 0.00
3987 1996 6 910.00 -6.90 -3.50 0.37 5.80 0.00
3987 1996 7 1920.00 -5.90 0.10 0.45 5.00 0.30
3987 1996 8 1820.00 -0.30 3.70 0.64 2.70 0.00
3987 1996 9 1990.00 -2.00 1.40 0.58 4.60 0.00
3987 1996 10 2240.00 -1.10 1.50 0.58 4.50 0.00
3987 1996 11 1630.00 -1.60 0.40 0.56 3.80 0.00
3987 1996 12 2780.00 -2.10 3.30 0.61 4.60 0.00
3987 1996 13 3600.00 -1.30 3.20 0.61 3.30 0.00
3987 1996 14 1290.00 -1.80 0.30 0.57 4.80 0.00
3987 1996 15 1190.00 -1.60 -0.40 0.56 3.90 0.00
3987 1996 16 960.00 -2.10 -0.50 0.51 2.00 0.00
3987 1996 17 780.00 -4.40 -2.10 0.45 0.70 0.00
3987 1996 18 740.00 -4.20 -2.40 0.47 0.80 0.00
3987 1996 19 940.00 -2.50 0.00 0.51 2.20 0.00
3987 1996 20 1320.00 -6.60 -1.50 0.35 6.50 0.00
3987 1996 21 2945.94 -9.10 -5.30 0.29 6.30 0.00
3987 1996 22 3900.00 -9.80 -4.20 0.31 6.70 0.00
3987 1996 23 4770.00 -10.00 -5.30 0.26 7.40 0.00
3987 1996 24 5150.00 -11.00 -5.90 0.22 8.50 0.00
3987 1996 25 5320.00 -14.30 -8.70 0.19 8.10 0.00
3987 1996 26 2230.00 -14.10 -9.30 0.19 7.70 0.00
3987 1996 27 1730.00 -11.50 -7.20 0.23 5.90 0.00
3987 1996 28 4080.00 -12.40 -2.70 0.29 5.70 0.00
3987 1996 29 6090.00 -9.40 -0.90 0.29 5.70 0.00
3987 1996 30 1750.00 -8.30 -0.90 0.40 5.30 0.00
3987 1996 31 4060.00 -6.60 -0.90 0.37 4.40 0.00
3987 1996 32 6290.00 -9.50 -0.70 0.31 4.90 0.00
3987 1996 33 5720.00 -11.50 -1.30 0.32 3.40 0.00
3987 1996 34 1530.00 -6.50 -3.50 0.40 2.60 1.10
3987 1996 35 1160.00 -5.30 -3.40 0.42 3.00 0.40
3987 1996 36 4280.00 -9.20 -2.10 0.36 3.10 0.10
3987 1996 37 7140.00 -12.70 -3.40 0.23 5.80 0.00
3987 1996 38 7350.00 -13.40 -5.10 0.21 6.50 0.00
3987 1996 39 6020.00 -14.00 -8.60 0.19 5.30 0.00
3987 1996 40 7310.00 -17.30 -5.60 0.20 5.50 0.00
3987 1996 41 4170.00 -14.10 -7.50 0.21 6.90 0.00
3987 1996 42 3130.00 -8.30 1.90 0.47 4.70 0.30
3987 1996 43 6280.00 -0.90 6.10 0.57 5.70 7.00
3987 1996 44 2050.00 -2.40 1.20 0.57 4.90 0.20
3987 1996 45 1460.00 -2.10 0.50 0.51 4.40 0.00
3987 1996 46 4950.00 -4.00 -0.10 0.43 4.60 3.90
3987 1996 47 810.00 -1.30 4.30 0.70 8.80 2.30
3987 1996 48 2060.00 -0.10 3.80 0.65 8.20 5.10
3987 1996 49 1610.00 -0.20 2.30 0.65 5.30 6.30
3987 1996 50 3310.00 -0.50 4.30 0.66 4.10 1.70
3987 1996 51 1120.00 -3.20 1.50 0.53 5.40 2.60
3987 1996 52 3620.00 -5.80 -2.90 0.39 6.10 4.60
3987 1996 53 4120.00 -8.20 -3.60 0.34 4.00 0.10
3987 1996 54 6390.00 -9.10 -2.10 0.34 2.40 0.00
3987 1996 55 10540.00 -11.70 1.00 0.32 4.00 0.00
3987 1996 56 7640.00 -8.00 8.10 0.52 5.60 0.00
3987 1996 57 10130.00 1.30 10.50 0.56 5.30 0.00
3987 1996 58 9530.00 -1.80 10.30 0.61 2.50 0.00
3987 1996 59 9200.00 -2.30 5.60 0.58 2.60 0.00
3987 1996 60 3490.00 -2.40 1.40 0.57 4.10 0.30
3987 1996 61 8910.00 -0.50 4.40 0.46 6.90 0.00
3987 1996 62 7320.00 -3.00 4.00 0.45 4.30 0.00
3987 1996 63 7370.00 -4.20 1.30 0.45 2.90 0.00
3987 1996 64 9200.00 -4.40 1.50 0.37 2.30 0.00
3987 1996 65 4270.00 -5.70 4.50 0.53 3.90 0.00
3987 1996 66 2690.00 -1.20 2.50 0.58 2.60 1.60
3987 1996 67 9722.82 -0.80 4.20 0.48 6.50 0.00
3987 1996 68 12900.00 -3.00 4.80 0.40 7.30 0.00
3987 1996 69 13230.00 -5.20 4.60 0.35 7.00 0.00
3987 1996 70 12310.00 -5.50 2.20 0.36 6.00 0.50
3987 1996 71 6470.00 -4.50 -1.70 0.35 6.00 0.00
3987 1996 72 10730.00 -6.20 0.60 0.34 6.30 0.40
3987 1996 73 6660.00 -5.30 -0.30 0.41 5.20 0.00
3987 1996 74 5244.84 -2.00 1.40 0.50 3.60 0.00
3987 1996 75 6527.76 -1.10 4.70 0.49 5.30 0.00
3987 1996 76 2930.00 -0.60 1.90 0.55 7.70 0.00
3987 1996 77 3720.00 0.20 3.20 0.57 5.70 0.00
3987 1996 78 9780.00 -0.30 7.70 0.55 3.50 0.00
3987 1996 79 12970.00 -3.00 4.80 0.53 4.00 0.00
3987 1996 80 8620.00 -1.40 8.70 0.53 3.50 0.00
3987 1996 81 13610.00 -3.70 8.60 0.50 4.80 0.00
3987 1996 82 4480.00 1.30 7.70 0.65 4.70 0.10
3987 1996 83 9920.00 0.70 11.60 0.79 4.10 7.70
3987 1996 84 2610.00 3.40 6.70 0.85 3.10 0.00
3987 1996 85 6010.00 -0.30 4.60 0.64 2.80 0.00
3987 1996 86 9360.00 -0.30 9.60 0.62 4.00 0.00
3987 1996 87 18910.00 -2.70 8.00 0.37 4.80 0.00
3987 1996 88 11560.00 -4.90 7.30 0.38 4.30 0.00
3987 1996 89 6430.00 -1.60 5.90 0.62 4.60 3.40
3987 1996 90 8870.00 -1.00 4.90 0.55 4.80 2.10
3987 1996 91 8020.00 -3.00 2.40 0.52 4.90 1.70
3987 1996 92 17630.00 -4.70 4.60 0.44 2.10 0.10
3987 1996 93 12720.00 -3.70 6.40 0.46 3.30 0.00
3987 1996 94 7940.00 -2.50 5.20 0.54 5.10 0.00
3987 1996 95 8220.00 0.20 9.40 0.63 5.20 0.00
3987 1996 96 4390.00 -0.20 6.50 0.73 3.60 0.00
3987 1996 97 16130.00 3.90 17.40 0.73 4.00 0.00
3987 1996 98 18080.00 2.80 17.10 0.75 3.00 0.00
3987 1996 99 17510.00 3.60 18.70 0.75 2.20 0.00
3987 1996 100 8150.00 4.50 12.20 0.83 3.50 0.00
3987 1996 101 11250.00 5.20 14.00 0.81 1.50 1.80
3987 1996 102 2940.00 -0.20 9.00 0.68 4.00 0.60
3987 1996 103 13510.00 -4.20 4.20 0.45 5.60 0.50
3987 1996 104 5870.00 -1.20 3.60 0.62 4.80 0.40
3987 1996 105 17210.00 0.80 12.10 0.50 4.60 0.00
3987 1996 106 22750.00 -1.50 15.90 0.47 3.80 0.00
3987 1996 107 21790.00 2.90 16.80 0.45 2.30 0.00
3987 1996 108 22800.00 1.80 18.60 0.51 4.10 0.00
3987 1996 109 21690.00 3.20 22.50 0.61 3.00 0.00
3987 1996 110 19460.00 8.50 23.80 0.63 3.00 0.00
3987 1996 111 19590.00 8.30 25.80 0.77 3.70 0.00
3987 1996 112 22110.00 9.00 28.40 0.83 3.40 0.00
3987 1996 113 21560.00 12.60 29.50 0.86 3.80 0.00
3987 1996 114 21630.00 12.20 30.00 1.05 4.10 2.30
3987 1996 115 6260.00 11.00 19.70 1.26 4.30 2.80
3987 1996 116 19330.00 8.30 17.70 0.96 3.90 0.00
3987 1996 117 14770.00 4.00 16.50 1.02 4.70 0.00
3987 1996 118 15720.00 8.10 18.80 0.96 1.80 0.00
3987 1996 119 21480.00 8.00 21.30 1.02 3.30 4.20
3987 1996 120 21670.00 6.60 15.00 0.77 2.60 0.00
3987 1996 121 15072.94 6.10 14.90 0.95 2.40 0.20
3987 1996 122 20840.00 4.50 19.30 1.12 2.20 0.00
3987 1996 123 9830.00 8.90 17.60 1.28 3.00 1.50
3987 1996 124 13870.00 7.00 19.10 1.34 3.30 9.20
3987 1996 125 8080.00 7.40 13.10 0.88 7.30 0.00
3987 1996 126 15670.00 3.70 10.70 0.65 5.50 0.00
3987 1996 127 21060.00 1.40 13.80 0.62 1.80 0.00
3987 1996 128 5110.00 7.70 10.30 0.91 4.10 0.50
3987 1996 129 2630.00 7.30 9.20 0.96 4.10 13.70
3987 1996 130 5896.95 4.70 7.50 0.87 4.70 10.90
3987 1996 131 2960.00 4.10 7.00 0.88 2.00 0.40
3987 1996 132 4880.00 5.70 10.90 1.03 1.10 0.00
3987 1996 133 6000.00 8.70 11.40 1.16 3.20 0.30
3987 1996 134 7942.61 9.20 17.50 1.36 3.70 0.00
3987 1996 135 7320.00 8.60 13.90 1.22 4.60 0.00
3987 1996 136 12940.00 9.20 14.70 1.07 4.20 2.00
3987 1996 137 8970.00 5.70 11.10 0.92 2.40 0.00
3987 1996 138 11760.00 9.00 19.30 1.38 3.30 1.40
3987 1996 139 20630.00 11.60 23.50 1.48 3.30 7.90
3987 1996 140 21570.00 11.40 26.30 1.48 3.00 7.50
3987 1996 141 11830.00 9.20 18.20 1.14 5.90 3.70
3987 1996 142 17028.83 5.50 19.50 1.04 3.50 2.40
3987 1996 143 13430.00 8.90 16.40 1.06 4.10 0.00
3987 1996 144 8510.00 6.40 15.00 1.21 4.00 1.40
3987 1996 145 16410.00 9.80 21.30 1.44 4.50 0.00
3987 1996 146 12230.00 12.00 21.20 1.48 4.10 14.00
3987 1996 147 17390.00 8.80 17.40 1.22 5.10 1.80
3987 1996 148 12750.00 10.10 16.90 1.36 4.60 9.60
3987 1996 149 9220.00 5.80 11.70 0.84 8.00 0.20
3987 1996 150 24810.00 2.30 19.70 1.00 3.70 0.00
3987 1996 151 15020.00 14.00 24.50 1.66 2.70 0.00
3987 1996 152 28710.00 13.50 30.20 1.48 3.90 0.00
3987 1996 153 19490.00 12.70 22.70 1.42 3.40 2.10
3987 1996 154 3330.00 11.00 13.20 1.31 2.80 9.10
3987 1996 155 5660.00 10.90 14.80 1.36 2.50 0.20
3987 1996 156 27300.00 10.60 22.40 1.22 2.10 0.00
3987 1996 157 25770.00 12.30 25.10 1.39 2.60 0.00
3987 1996 158 29570.00 12.70 29.00 1.44 3.60 0.00
3987 1996 159 27650.00 16.00 32.30 1.83 2.10 0.00
3987 1996 160 19590.00 18.80 33.40 2.08 2.90 0.00
3987 1996 161 20930.00 17.80 29.10 2.12 3.10 1.90
3987 1996 162 25500.00 16.10 26.50 1.91 2.40 0.00
3987 1996 163 21930.00 16.70 29.80 1.83 2.70 0.00
3987 1996 164 22460.00 15.20 27.90 1.85 5.30 0.60
3987 1996 165 21640.00 9.10 19.00 0.98 6.40 0.00
3987 1996 166 22050.00 9.60 19.90 1.02 5.90 0.00
3987 1996 167 26210.00 7.60 21.30 1.12 3.90 0.00
3987 1996 168 19740.00 10.20 17.90 1.20 3.10 0.00
3987 1996 169 25270.00 8.10 24.90 1.23 2.70 0.00
3987 1996 170 17960.00 13.40 20.70 1.19 5.00 0.00
3987 1996 171 8730.00 10.00 14.90 1.11 6.40 2.70
3987 1996 172 14190.00 8.70 14.80 0.99 4.80 0.20
3987 1996 173 15620.00 8.90 17.90 1.01 4.10 0.00
3987 1996 174 13190.00 7.40 16.10 1.07 3.00 0.00
3987 1996 175 7280.00 10.40 13.80 1.12 3.20 0.00
3987 1996 176 8980.00 10.00 14.90 1.05 3.40 0.00
3987 1996 177 14920.00 9.10 20.30 1.22 1.70 0.00
3987 1996 178 22970.00 10.10 21.50 1.22 2.60 0.00
3987 1996 179 20570.00 9.20 22.70 1.33 3.50 0.00
3987 1996 180 25480.00 8.50 21.30 1.05 4.30 0.00
3987 1996 181 11450.00 12.00 23.20 1.46 4.50 8.10
3987 1996 182 7840.00 10.30 15.70 1.31 5.90 5.40
3987 1996 183 15100.00 11.30 19.50 1.39 4.70 0.10
3987 1996 184 16240.00 10.00 18.60 1.21 5.70 0.30
3987 1996 185 19420.00 8.40 20.80 1.18 4.20 0.10
3987 1996 186 12210.00 13.90 22.80 1.74 5.50 4.80
3987 1996 187 17350.00 13.00 24.80 1.83 3.40 5.30
3987 1996 188 11050.00 10.90 18.00 1.41 4.70 4.20
3987 1996 189 19900.00 9.30 19.60 1.21 2.80 1.40
3987 1996 190 2890.00 10.90 14.60 1.35 5.30 15.60
3987 1996 191 5500.00 11.00 14.30 1.17 9.20 0.10
3987 1996 192 27760.00 9.40 21.70 1.22 6.40 0.00
3987 1996 193 6550.00 10.60 16.40 1.60 4.90 2.00
3987 1996 194 12640.00 15.00 20.60 1.69 4.30 0.00
3987 1996 195 14070.00 14.60 22.80 1.81 3.30 0.00
3987 1996 196 21610.00 15.60 26.40 1.81 4.70 0.00
3987 1996 197 19300.00 13.80 19.80 1.22 4.40 0.00
3987 1996 198 21590.00 11.00 21.30 1.05 5.40 0.00
3987 1996 199 23760.00 9.50 20.70 1.22 5.10 0.00
3987 1996 200 14260.00 11.10 18.50 1.20 4.70 3.80
3987 1996 201 22220.00 6.90 19.40 1.17 2.80 0.00
3987 1996 202 25530.00 7.60 22.20 1.05 2.50 0.00
3987 1996 203 22810.00 10.50 24.20 1.06 2.70 0.00
3987 1996 204 23710.00 11.20 25.60 1.14 2.80 0.00
3987 1996 205 24400.00 11.50 27.30 1.23 4.30 3.20
3987 1996 206 15940.00 15.00 23.00 1.68 4.90 0.20
3987 1996 207 5610.00 13.90 17.90 1.69 4.30 3.70
3987 1996 208 6090.00 13.20 16.00 1.46 4.00 0.00
3987 1996 209 25640.00 10.70 26.20 1.49 2.90 0.00
3987 1996 210 13010.00 14.00 22.00 1.74 1.70 5.20
3987 1996 211 17330.00 15.10 24.80 1.70 2.00 1.00
3987 1996 212 11160.00 15.70 21.30 1.82 3.30 14.90
3987 1996 213 9410.00 13.60 22.50 1.83 2.60 1.20
3987 1996 214 20700.00 15.30 26.60 1.83 2.40 0.00
3987 1996 215 21530.00 15.40 23.90 1.48 3.30 0.00
3987 1996 216 22270.00 11.90 22.00 1.22 3.00 0.00
3987 1996 217 20270.00 11.90 22.10 1.30 2.30 0.00
3987 1996 218 21440.00 10.60 22.80 1.33 3.90 0.00
3987 1996 219 19220.00 11.40 22.70 1.41 3.90 0.00
3987 1996 220 22560.00 13.20 25.60 1.51 4.20 1.90
3987 1996 221 14500.00 14.50 22.50 1.72 2.20 0.00
3987 1996 222 21170.00 14.80 26.50 1.44 3.80 0.00
3987 1996 223 22240.00 13.10 26.50 1.28 5.30 0.00
3987 1996 224 18060.00 14.70 28.30 1.70 4.00 3.40
3987 1996 225 10580.00 16.70 23.80 1.84 3.90 2.50
3987 1996 226 9470.00 13.80 20.00 1.63 3.00 6.50
3987 1996 227 13020.00 12.20 22.70 1.52 2.40 6.50
3987 1996 228 9740.00 13.40 21.70 1.71 4.50 5.80
3987 1996 229 12220.00 15.70 22.50 1.75 3.50 0.00
3987 1996 230 11960.00 13.60 22.50 1.76 2.30 0.00
3987 1996 231 17730.00 13.70 25.40 1.84 2.80 0.00
3987 1996 232 21780.00 15.40 28.90 1.67 4.10 0.00
3987 1996 233 21600.00 15.60 30.20 1.42 4.40 0.00
3987 1996 234 20800.00 15.40 30.00 1.46 4.40 0.00
3987 1996 235 19950.00 15.70 29.90 1.53 4.10 0.00
3987 1996 236 21020.00 15.20 29.30 1.69 4.20 0.00
3987 1996 237 12570.00 16.20 27.30 1.90 3.00 8.50
3987 1996 238 11060.00 13.90 23.20 1.64 3.00 0.00
3987 1996 239 17490.00 12.30 24.70 1.45 2.00 0.00
3987 1996 240 16960.00 12.30 24.40 1.61 3.10 0.00
3987 1996 241 4540.00 14.80 20.70 1.79 3.70 1.30
3987 1996 242 18810.00 11.20 22.20 1.29 5.20 0.00
3987 1996 243 13270.00 12.90 19.60 1.25 6.00 0.00
3987 1996 244 10950.00 12.00 20.10 1.51 4.90 1.10
3987 1996 245 13450.00 10.20 19.10 1.10 2.80 0.00
3987 1996 246 12850.00 7.10 19.90 1.17 1.90 0.00
3987 1996 247 18930.00 9.80 23.20 1.40 2.80 0.00
3987 1996 248 14110.00 9.70 21.70 1.42 2.50 0.20
3987 1996 249 16040.00 11.20 19.40 1.08 4.10 0.00
3987 1996 250 10740.00 6.70 15.60 0.96 4.10 10.40
3987 1996 251 15630.00 8.50 16.80 1.04 5.10 0.00
3987 1996 252 10580.00 10.00 17.80 1.05 3.30 0.00
3987 1996 253 13750.00 6.90 18.00 1.06 3.10 0.70
3987 1996 254 8270.00 5.30 16.40 1.18 4.50 1.40
3987 1996 255 16910.00 7.20 16.00 0.92 3.80 0.50
3987 1996 256 4970.00 8.70 12.80 1.17 4.70 5.60
3987 1996 257 7119.18 7.30 13.80 1.08 2.20 2.90
3987 1996 258 10190.00 8.80 16.20 1.12 3.80 0.00
3987 1996 259 8940.00 7.40 16.00 1.04 3.70 0.50
3987 1996 260 12000.00 5.90 17.00 0.99 3.70 0.00
3987 1996 261 3760.00 8.20 12.10 1.03 3.20 0.20
3987 1996 262 13180.00 7.90 16.00 0.95 5.30 0.00
3987 1996 263 15190.00 6.40 15.90 0.91 6.30 0.00
3987 1996 264 13930.00 4.40 14.70 0.80 5.90 0.00
3987 1996 265 8460.00 5.20 13.50 0.91 6.10 0.00
3987 1996 266 13770.00 7.10 15.60 0.90 6.00 0.00
3987 1996 267 7427.24 5.30 10.80 0.96 4.10 0.00
3987 1996 268 5300.00 8.40 12.40 1.02 1.90 4.00
3987 1996 269 3120.00 7.40 10.00 1.07 1.20 2.30
3987 1996 270 7470.00 8.10 13.00 1.09 1.40 0.00
3987 1996 271 7820.00 5.90 17.30 1.22 4.20 0.40
3987 1996 272 8880.00 8.90 16.10 1.11 4.60 0.00
3987 1996 273 2850.00 7.50 13.70 1.22 5.90 6.80
3987 1996 274 5240.00 11.70 18.10 1.56 5.50 0.10
3987 1996 275 6460.00 11.60 18.60 1.35 3.60 15.00
3987 1996 276 8060.00 7.50 14.30 1.08 4.50 0.00
3987 1996 277 10020.00 5.50 15.70 1.00 4.20 0.00
3987 1996 278 3380.00 7.30 13.00 1.09 4.40 0.50
3987 1996 279 7720.00 6.00 13.90 1.10 2.40 1.60
3987 1996 280 8730.00 7.40 15.80 1.03 1.80 0.00
3987 1996 281 7510.00 6.00 15.20 1.06 2.40 0.00
3987 1996 282 2860.00 9.20 15.40 1.35 1.90 2.20
3987 1996 283 4640.00 11.00 14.30 1.39 2.10 0.20
3987 1996 284 6960.00 7.00 13.40 1.10 2.30 0.00
3987 1996 285 10300.00 5.20 14.00 0.88 3.30 0.00
3987 1996 286 8750.00 4.00 16.10 1.07 3.80 0.00
3987 1996 287 10260.00 5.10 18.60 1.15 3.40 0.00
3987 1996 288 9550.00 6.60 16.20 1.11 4.00 0.00
3987 1996 289 7800.00 4.60 16.60 1.17 3.70 0.10
3987 1996 290 3260.00 8.40 15.60 1.33 2.30 6.90
3987 1996 291 1880.00 10.50 11.70 1.25 3.20 0.40
3987 1996 292 4880.00 8.20 14.00 1.11 2.10 0.00
3987 1996 293 7000.00 5.80 13.40 1.03 4.00 0.60
3987 1996 294 8390.00 6.60 13.80 1.04 4.60 0.00
3987 1996 295 2020.00 4.90 10.30 1.09 2.90 3.60
3987 1996 296 1710.00 5.70 11.30 1.03 6.10 0.00
3987 1996 297 4060.00 3.60 7.40 0.93 1.50 0.00
3987 1996 298 5040.00 4.00 10.60 0.83 2.80 0.00
3987 1996 299 8580.00 1.80 11.30 0.77 4.80 0.00
3987 1996 300 2850.00 0.10 9.30 0.81 4.10 0.00
3987 1996 301 5610.00 4.10 11.80 1.02 4.20 19.00
3987 1996 302 1980.00 9.60 14.20 1.34 5.70 0.70
3987 1996 303 1780.00 8.10 13.40 1.11 8.90 4.20
3987 1996 304 4460.00 6.50 9.60 0.86 10.40 0.60
3987 1996 305 3460.00 7.10 11.10 0.88 5.70 0.50
3987 1996 306 1470.00 6.40 12.30 1.08 5.40 0.30
3987 1996 307 1380.00 7.50 13.60 1.18 6.70 0.80
3987 1996 308 2300.00 11.60 14.30 1.33 6.30 0.00
3987 1996 309 5110.00 10.30 15.60 1.12 5.90 0.00
3987 1996 310 3950.00 9.50 15.70 0.94 7.60 0.10
3987 1996 311 2380.00 6.40 12.20 0.93 8.50 0.00
3987 1996 312 3310.00 6.50 12.90 0.94 6.70 3.50
3987 1996 313 3680.00 3.40 9.30 0.72 5.20 0.00
3987 1996 314 2460.00 -0.10 9.40 0.79 5.50 1.50
3987 1996 315 2820.00 2.10 6.70 0.81 4.20 2.40
3987 1996 316 4110.00 4.90 10.40 0.92 4.10 0.00
3987 1996 317 1210.00 5.00 10.30 1.04 4.00 0.60
3987 1996 318 770.00 3.60 10.70 0.90 4.50 1.80
3987 1996 319 1920.00 1.00 4.90 0.68 2.10 0.00
3987 1996 320 2110.00 -1.50 4.10 0.65 2.90 1.50
3987 1996 321 650.00 2.60 4.20 0.74 1.50 0.30
3987 1996 322 670.00 3.20 4.70 0.79 1.50 0.30
3987 1996 323 1030.00 2.10 5.80 0.80 3.10 6.50
3987 1996 324 890.00 0.00 5.80 0.66 5.60 1.10
3987 1996 325 2480.00 -0.20 7.20 0.71 5.30 0.00
3987 1996 326 1540.00 2.60 5.50 0.69 7.50 0.30
3987 1996 327 3010.00 1.70 5.90 0.61 6.20 0.30
3987 1996 328 2930.00 -1.90 3.30 0.51 3.90 0.00
3987 1996 329 880.00 -3.00 1.50 0.57 3.70 0.00
3987 1996 330 3870.00 -2.50 2.60 0.48 4.80 0.00
3987 1996 331 590.00 -0.60 0.50 0.55 4.40 0.00
3987 1996 332 740.00 -0.40 0.80 0.57 2.70 0.80
3987 1996 333 1110.00 -1.60 0.70 0.58 4.30 4.10
3987 1996 334 3280.00 -1.40 1.40 0.56 5.30 6.30
3987 1996 335 1870.00 -0.20 2.60 0.65 4.00 4.30
3987 1996 336 450.00 -0.30 1.90 0.63 3.80 2.90
3987 1996 337 1380.00 -0.20 5.50 0.73 6.00 1.00
3987 1996 338 2250.00 2.80 6.70 0.68 5.30 0.40
3987 1996 339 3190.00 3.10 8.80 0.66 5.40 0.00
3987 1996 340 3090.00 -1.10 4.60 0.58 3.70 0.00
3987 1996 341 3350.00 -3.20 2.70 0.54 3.00 0.00
3987 1996 342 1950.00 -2.10 0.40 0.53 3.30 0.00
3987 1996 343 1374.25 -0.70 0.50 0.53 2.80 0.00
3987 1996 344 410.00 -0.90 -0.30 0.55 3.70 0.00
3987 1996 345 1070.00 -0.70 1.60 0.57 3.70 0.00
3987 1996 346 440.00 -1.40 0.40 0.57 2.50 0.00
3987 1996 347 290.00 -1.00 0.60 0.57 3.10 0.00
3987 1996 348 560.00 -0.40 1.40 0.61 2.40 0.00
3987 1996 349 3330.00 -5.10 0.40 0.44 2.80 0.00
3987 1996 350 700.00 -2.90 5.50 0.59 7.70 1.80
3987 1996 351 2680.00 -4.50 0.50 0.52 2.20 0.00
3987 1996 352 830.00 -0.80 1.30 0.59 2.20 0.00
3987 1996 353 630.00 -1.50 2.60 0.68 2.60 3.90
3987 1996 354 1180.00 -1.00 2.70 0.54 5.20 0.00
3987 1996 355 1690.00 -5.20 -1.00 0.36 6.60 0.00
3987 1996 356 3770.00 -8.70 -2.40 0.30 3.40 0.00
3987 1996 357 3700.00 -9.90 -3.10 0.32 2.20 0.00
3987 1996 358 620.00 -6.30 -3.80 0.35 5.20 0.00
3987 1996 359 3320.00 -9.70 -4.40 0.30 1.60 0.00
3987 1996 360 3180.00 -9.80 -1.80 0.38 2.20 0.00
3987 1996 361 2940.00 -9.90 -4.50 0.34 1.80 0.00
3987 1996 362 2070.00 -11.50 -7.00 0.27 3.40 0.00
3987 1996 363 3130.00 -15.50 -10.70 0.18 3.60 0.00
3987 1996 364 1420.00 -17.70 -9.20 0.22 2.80 2.80
3987 1996 365 2920.00 -14.40 -8.80 0.22 3.70 0.00
3987 1996 366 3520.00 -16.10 -9.90 0.18 4.10 0.00
