*---------------------------------------------------------------------------*
* Station name: Potsdam Saekularstation
* Year: 1929
* Author: Pedro Alencar                                   -999.000: NIL VALUE
* Source: DWD
* Comments: Gaps filled with interpolation and storical means
* Longitude: 13.0622, latitude: 52.3812, altitude: 82.0 m.
*
    * Column  Daily value
    * 1       station number
    * 2       year
    * 3       day
    * 4       irradiation                   (kJ m-2 d-1)
    * 5       minimum temperature           (degrees Celsius
    * 6       maximum temperature           (degrees Celsius)
    * 7       early morning vapour pressure (kPa)
    * 8       mean wind speed (height: 2 m) (m s-1)
    * 9       precipitation                 (mm d-1)
    *
** WCCDESCRIPTION=Potsdam, Germany
** WCCFORMAT=2
** WCCYEARNR=1929
*---------------------------------------------------------------------------*
   13.0622 52.3812 82.0 -0.18 -0.55
3987 1929 1 3041.12 -4.30 -0.10 0.43 4.80 7.80
3987 1929 2 1609.05 -6.00 -0.70 0.40 5.70 0.00
3987 1929 3 1583.87 -5.30 -2.90 0.35 6.70 0.00
3987 1929 4 1598.77 -7.10 -4.50 0.35 5.10 0.00
3987 1929 5 1615.55 -7.10 -4.70 0.35 4.50 0.00
3987 1929 6 1628.81 -7.90 -3.80 0.36 6.90 0.00
3987 1929 7 3574.46 -6.20 -2.30 0.39 6.40 0.00
3987 1929 8 4566.94 -9.60 -2.70 0.29 6.10 0.00
3987 1929 9 4674.77 -12.70 -6.50 0.21 5.80 0.00
3987 1929 10 4584.41 -15.10 -4.70 0.21 4.80 0.00
3987 1929 11 4813.48 -13.80 -5.10 0.21 3.00 0.00
3987 1929 12 1750.20 -13.50 -4.40 0.35 4.50 0.70
3987 1929 13 1758.77 -4.40 1.80 0.64 8.10 2.30
3987 1929 14 3471.69 -5.80 1.60 0.41 3.50 0.20
3987 1929 15 1820.33 -10.10 -1.00 0.39 7.00 1.90
3987 1929 16 2464.02 -9.50 -1.70 0.25 8.10 0.80
3987 1929 17 3578.91 -12.70 -6.30 0.20 6.30 0.20
3987 1929 18 3518.67 -13.00 -4.10 0.24 5.30 0.70
3987 1929 19 1920.59 -4.50 2.00 0.65 8.30 0.50
3987 1929 20 1954.44 -0.30 1.50 0.57 2.80 0.00
3987 1929 21 4560.62 -1.90 3.00 0.49 4.00 0.00
3987 1929 22 5666.83 -7.20 1.40 0.36 4.40 0.30
3987 1929 23 2058.94 -3.80 -0.80 0.53 3.90 1.40
3987 1929 24 2097.24 -3.30 -0.60 0.47 3.20 0.00
3987 1929 25 2901.33 -5.50 -2.40 0.39 3.20 4.70
3987 1929 26 2186.56 -9.30 -3.80 0.29 2.80 5.30
3987 1929 27 2218.03 -8.30 -4.60 0.37 3.30 6.30
3987 1929 28 2304.16 -5.00 -1.80 0.44 4.70 0.90
3987 1929 29 6206.99 -9.30 -0.10 0.33 4.30 0.00
3987 1929 30 3690.15 -9.60 -2.60 0.39 5.20 0.00
3987 1929 31 4540.65 -10.90 -3.40 0.31 5.90 0.00
3987 1929 32 7205.88 -16.60 -4.90 0.15 6.90 0.00
3987 1929 33 7343.61 -19.80 -10.30 0.11 6.80 0.00
3987 1929 34 6455.50 -21.40 -8.50 0.12 5.90 0.00
3987 1929 35 7544.56 -15.60 0.00 0.19 3.90 0.00
3987 1929 36 2970.66 -12.60 -3.70 0.32 3.50 0.00
3987 1929 37 2805.90 -14.60 -4.10 0.21 5.00 0.00
3987 1929 38 8011.03 -21.60 -9.70 0.09 4.50 0.00
3987 1929 39 5334.95 -15.00 -2.30 0.16 3.90 0.00
3987 1929 40 5430.46 -15.90 -2.60 0.21 4.40 0.00
3987 1929 41 8372.11 -26.00 -15.90 0.07 7.20 0.00
3987 1929 42 7974.96 -26.80 -14.00 0.08 4.30 0.00
3987 1929 43 6914.79 -23.10 -16.00 0.09 5.00 0.20
3987 1929 44 7077.56 -22.20 -14.40 0.09 4.30 1.00
3987 1929 45 3138.17 -18.90 -9.90 0.16 2.90 3.30
3987 1929 46 3190.38 -20.20 -11.60 0.17 2.70 6.30
3987 1929 47 3223.75 -11.60 -5.60 0.32 4.50 2.50
3987 1929 48 3289.15 -8.30 -6.60 0.29 5.10 0.20
3987 1929 49 3344.01 -9.30 -4.90 0.32 5.00 0.00
3987 1929 50 4470.20 -13.30 -6.30 0.21 4.50 0.00
3987 1929 51 9493.72 -17.20 -5.00 0.17 4.50 0.00
3987 1929 52 7103.46 -16.10 -5.70 0.21 3.90 0.00
3987 1929 53 3798.36 -11.80 1.20 0.29 3.70 0.30
3987 1929 54 3637.05 -2.30 1.50 0.55 4.30 3.80
3987 1929 55 3722.75 -5.90 -1.20 0.32 7.40 0.40
3987 1929 56 4028.30 -9.70 -5.30 0.24 5.20 1.60
3987 1929 57 9588.83 -10.10 -3.90 0.25 2.90 0.00
3987 1929 58 7817.93 -12.10 -4.80 0.23 4.40 0.10
3987 1929 59 11461.79 -13.90 -3.70 0.21 3.20 0.00
3987 1929 60 11436.80 -11.70 -0.70 0.28 2.70 0.00
3987 1929 61 10094.77 -10.60 1.10 0.25 4.20 0.00
3987 1929 62 4278.46 -10.10 -0.10 0.29 5.40 3.30
3987 1929 63 7759.75 -2.80 2.20 0.41 4.00 0.00
3987 1929 64 6751.11 -9.70 1.80 0.37 4.80 0.70
3987 1929 65 4396.17 -0.70 0.80 0.57 6.30 1.20
3987 1929 66 4470.30 -0.80 0.60 0.52 4.40 0.20
3987 1929 67 5355.27 0.60 3.90 0.64 8.40 0.00
3987 1929 68 7943.42 0.60 4.80 0.60 5.90 0.00
3987 1929 69 4780.44 -4.20 1.60 0.55 2.20 0.50
3987 1929 70 4763.92 0.30 1.20 0.64 2.70 0.10
3987 1929 71 4833.15 0.50 4.00 0.67 4.40 0.10
3987 1929 72 5171.17 0.30 2.70 0.67 6.20 0.00
3987 1929 73 7264.54 -1.00 4.20 0.61 6.20 0.10
3987 1929 74 6212.32 0.40 4.90 0.60 5.70 0.00
3987 1929 75 14756.74 -3.50 6.50 0.37 2.20 0.00
3987 1929 76 15056.57 -2.30 10.90 0.43 3.70 0.00
3987 1929 77 13883.44 0.60 14.90 0.47 3.00 0.00
3987 1929 78 12413.46 0.20 16.00 0.61 4.00 0.00
3987 1929 79 9279.05 0.10 12.90 0.65 4.80 0.00
3987 1929 80 7944.32 -0.60 4.70 0.65 3.60 0.00
3987 1929 81 13871.39 -2.50 12.90 0.71 4.80 0.00
3987 1929 82 13855.99 1.10 17.70 0.81 5.50 2.90
3987 1929 83 8570.94 3.80 10.20 0.80 4.40 0.00
3987 1929 84 13516.29 2.50 13.60 0.68 5.10 0.60
3987 1929 85 7225.43 5.10 11.00 0.91 4.80 0.20
3987 1929 86 8655.83 2.80 11.50 0.88 5.20 0.00
3987 1929 87 6028.18 5.60 9.90 0.93 3.20 0.00
3987 1929 88 7376.64 4.10 10.50 0.87 6.50 0.00
3987 1929 89 6192.45 5.10 8.20 0.89 8.10 1.10
3987 1929 90 6973.96 4.20 7.50 0.76 9.50 0.50
3987 1929 91 7979.50 1.60 7.10 0.68 8.20 1.60
3987 1929 92 6468.90 0.10 2.30 0.53 4.70 0.20
3987 1929 93 11075.21 -2.50 1.90 0.39 3.60 2.10
3987 1929 94 16695.47 -6.60 0.60 0.35 3.50 0.00
3987 1929 95 14940.18 -6.10 2.00 0.35 4.20 0.00
3987 1929 96 13665.66 -3.20 4.00 0.44 5.20 1.00
3987 1929 97 8916.41 -0.30 7.60 0.72 7.50 0.00
3987 1929 98 12130.71 2.90 10.00 0.63 4.20 0.00
3987 1929 99 8322.46 1.30 10.60 0.69 4.00 7.40
3987 1929 100 12654.66 3.60 10.70 0.68 4.00 0.00
3987 1929 101 7140.30 1.30 4.60 0.60 6.20 0.00
3987 1929 102 8154.53 2.30 7.90 0.68 7.70 0.00
3987 1929 103 15516.61 3.70 11.80 0.83 7.90 0.00
3987 1929 104 7330.39 4.30 8.00 0.85 2.80 0.00
3987 1929 105 8588.68 4.90 8.80 0.72 3.50 0.00
3987 1929 106 21960.76 -2.00 9.20 0.37 5.90 0.00
3987 1929 107 22445.28 -1.80 11.50 0.41 3.80 0.00
3987 1929 108 15527.22 0.70 18.50 0.61 6.00 0.00
3987 1929 109 13943.07 12.50 20.00 0.95 7.10 0.00
3987 1929 110 11081.46 4.50 13.70 0.59 8.80 0.00
3987 1929 111 15606.99 -0.20 7.50 0.49 6.70 2.20
3987 1929 112 21100.79 -4.00 7.90 0.39 4.00 0.00
3987 1929 113 14626.33 -0.80 9.10 0.48 5.80 0.10
3987 1929 114 15039.21 0.20 9.10 0.56 6.70 2.00
3987 1929 115 15978.37 0.20 6.70 0.57 8.40 1.40
3987 1929 116 18237.71 1.20 8.70 0.56 7.30 1.00
3987 1929 117 10833.65 0.10 13.70 0.72 5.20 0.30
3987 1929 118 11179.15 2.30 8.10 0.55 5.40 0.00
3987 1929 119 14959.33 0.20 14.50 0.69 8.10 0.00
3987 1929 120 18038.44 8.20 21.50 1.00 6.40 2.00
3987 1929 121 11946.28 4.00 11.90 0.59 7.30 0.00
3987 1929 122 21566.29 -0.40 13.00 0.59 3.50 0.00
3987 1929 123 19192.38 4.10 16.30 0.59 4.20 0.00
3987 1929 124 17275.26 3.90 18.70 0.73 3.60 0.00
3987 1929 125 24079.67 5.70 21.40 0.77 5.00 0.00
3987 1929 126 22288.25 12.70 28.20 0.92 5.80 0.00
3987 1929 127 16403.35 12.30 20.30 1.24 4.90 0.00
3987 1929 128 22688.27 8.20 23.40 0.93 3.60 0.00
3987 1929 129 14411.78 11.80 24.50 1.24 5.10 0.90
3987 1929 130 13861.36 8.80 16.30 0.93 4.80 0.00
3987 1929 131 22780.52 6.60 20.20 0.91 2.70 0.00
3987 1929 132 19971.84 9.80 23.10 1.08 3.60 16.60
3987 1929 133 12335.12 12.80 20.00 1.40 4.20 0.30
3987 1929 134 19894.47 9.30 21.10 1.04 2.80 4.20
3987 1929 135 14102.10 11.10 19.20 1.13 2.60 0.00
3987 1929 136 11202.11 10.20 19.00 1.08 3.30 1.70
3987 1929 137 9286.83 9.40 12.70 1.17 4.50 13.40
3987 1929 138 12931.76 6.30 15.30 0.96 5.80 0.10
3987 1929 139 22218.95 4.60 14.40 0.67 4.40 0.00
3987 1929 140 27072.10 3.60 17.90 0.69 3.10 0.00
3987 1929 141 27298.55 6.20 20.30 0.75 3.50 0.00
3987 1929 142 25245.62 9.20 23.20 1.01 4.10 0.00
3987 1929 143 14218.84 12.80 21.80 1.53 5.20 0.00
3987 1929 144 20749.05 13.40 28.20 1.63 5.30 1.40
3987 1929 145 25663.83 14.50 24.50 1.63 3.80 0.00
3987 1929 146 26674.72 13.10 26.60 1.52 2.90 0.00
3987 1929 147 25091.47 13.20 25.10 1.45 3.30 0.00
3987 1929 148 25851.66 11.80 25.30 1.39 3.70 0.00
3987 1929 149 16666.98 11.50 19.10 1.31 4.60 0.10
3987 1929 150 21299.96 8.90 19.10 0.85 3.90 0.00
3987 1929 151 20285.99 7.30 15.40 1.07 5.20 0.00
3987 1929 152 23337.58 5.80 16.70 0.71 3.80 0.00
3987 1929 153 10202.34 8.10 12.50 1.04 5.80 16.00
3987 1929 154 11140.00 12.40 17.30 1.52 7.60 10.00
3987 1929 155 14483.29 10.50 15.70 1.11 6.50 1.70
3987 1929 156 24050.42 4.50 13.80 0.77 4.80 0.70
3987 1929 157 10913.63 7.00 14.10 0.97 3.20 4.80
3987 1929 158 16214.34 7.60 17.40 1.09 7.40 0.00
3987 1929 159 27196.31 10.20 20.80 1.08 4.70 0.00
3987 1929 160 19945.90 12.50 22.10 1.37 6.40 0.00
3987 1929 161 18273.53 9.30 21.20 1.20 2.20 0.00
3987 1929 162 27967.59 9.00 20.50 1.03 3.40 0.00
3987 1929 163 27770.33 9.40 24.40 1.09 4.80 0.00
3987 1929 164 18380.15 11.10 26.70 1.49 4.90 2.40
3987 1929 165 23173.35 13.20 25.00 1.45 3.40 0.00
3987 1929 166 26821.81 15.30 24.80 1.25 4.90 0.00
3987 1929 167 26067.55 11.50 24.40 1.07 3.50 0.70
3987 1929 168 19997.70 15.00 23.20 1.40 3.80 0.00
3987 1929 169 23977.79 12.60 24.40 1.27 2.80 0.00
3987 1929 170 28092.80 12.30 28.20 1.25 4.10 0.00
3987 1929 171 25032.50 13.70 31.40 1.45 3.90 6.60
3987 1929 172 16590.03 11.30 22.30 1.25 4.50 2.00
3987 1929 173 16618.90 7.60 16.40 1.09 4.50 1.10
3987 1929 174 12007.65 10.80 17.90 1.29 6.80 4.30
3987 1929 175 15569.57 8.50 15.40 0.93 8.90 4.10
3987 1929 176 12638.74 6.70 14.40 1.19 5.90 8.10
3987 1929 177 16107.59 7.80 20.50 1.21 4.40 22.10
3987 1929 178 19033.61 9.50 16.10 1.05 3.80 1.20
3987 1929 179 23295.98 9.30 20.30 1.11 3.90 0.00
3987 1929 180 26935.34 9.70 20.00 1.21 3.80 0.00
3987 1929 181 28362.10 7.50 19.40 1.15 2.50 0.00
3987 1929 182 11886.32 10.70 22.10 1.36 2.70 4.80
3987 1929 183 10095.12 12.80 14.90 1.51 3.10 0.10
3987 1929 184 16244.18 11.40 26.20 1.68 4.50 0.00
3987 1929 185 17252.55 14.40 27.60 1.73 4.20 0.00
3987 1929 186 26295.37 14.90 24.70 1.43 5.40 0.50
3987 1929 187 14571.04 13.40 20.70 1.60 2.90 1.20
3987 1929 188 16780.42 11.50 17.30 1.20 6.90 2.40
3987 1929 189 12044.15 10.30 16.00 1.23 7.80 0.20
3987 1929 190 11542.83 10.00 16.20 1.08 5.90 0.00
3987 1929 191 19137.07 7.40 22.20 1.24 3.50 0.00
3987 1929 192 21981.50 14.30 26.90 1.35 3.10 0.00
3987 1929 193 18929.45 17.10 28.00 1.79 3.30 0.00
3987 1929 194 23303.78 16.00 23.30 1.45 4.90 0.00
3987 1929 195 25304.85 10.50 23.60 1.25 4.80 0.00
3987 1929 196 21943.68 10.70 22.90 1.29 4.80 0.00
3987 1929 197 24819.01 11.00 24.70 1.29 2.80 0.00
3987 1929 198 27617.02 13.30 29.80 1.44 2.90 0.00
3987 1929 199 25207.83 13.80 28.90 1.23 3.40 0.00
3987 1929 200 23894.95 15.80 31.10 1.71 3.30 0.30
3987 1929 201 22915.09 16.50 31.30 1.69 3.20 0.20
3987 1929 202 24198.20 17.50 34.70 1.80 4.70 0.00
3987 1929 203 24133.65 18.10 31.80 1.85 3.40 0.00
3987 1929 204 23886.60 19.40 33.60 1.79 5.60 0.00
3987 1929 205 12124.82 14.70 25.30 1.84 3.80 5.90
3987 1929 206 21430.66 11.90 21.80 1.15 3.90 0.00
3987 1929 207 18303.44 9.90 20.60 1.07 2.90 0.00
3987 1929 208 14154.73 11.60 18.90 0.99 4.50 0.00
3987 1929 209 12807.44 9.90 18.70 1.05 4.40 0.00
3987 1929 210 13400.27 11.40 22.90 1.19 2.60 7.70
3987 1929 211 11389.07 14.30 20.20 1.55 5.50 0.30
3987 1929 212 9929.66 13.10 19.70 1.35 4.80 2.20
3987 1929 213 17863.33 14.50 23.60 1.33 7.30 2.90
3987 1929 214 11574.78 14.20 19.70 1.32 6.80 0.00
3987 1929 215 23733.56 8.20 21.30 0.96 3.50 0.00
3987 1929 216 22714.29 9.50 26.40 1.09 4.60 0.00
3987 1929 217 17663.66 14.00 28.90 1.48 5.00 0.00
3987 1929 218 21905.03 12.50 22.70 1.16 3.00 0.00
3987 1929 219 22944.35 11.90 29.00 1.27 4.40 0.00
3987 1929 220 18549.79 14.80 29.90 1.65 4.70 4.80
3987 1929 221 9648.35 14.40 20.70 1.55 2.50 0.00
3987 1929 222 10032.44 14.70 23.20 1.60 2.70 0.00
3987 1929 223 23051.23 12.00 27.00 1.29 3.90 0.00
3987 1929 224 19054.04 14.40 25.00 1.68 3.50 0.00
3987 1929 225 23062.24 12.10 22.60 1.13 3.40 0.00
3987 1929 226 20701.83 12.90 28.30 1.20 4.50 0.00
3987 1929 227 20353.92 12.90 23.20 1.27 3.30 0.00
3987 1929 228 20969.01 13.30 25.60 1.61 5.00 0.00
3987 1929 229 16298.02 14.80 32.10 1.84 4.90 1.40
3987 1929 230 14821.45 14.40 25.30 1.73 2.80 0.00
3987 1929 231 15342.54 12.10 19.80 1.17 3.40 0.00
3987 1929 232 12705.36 9.10 18.90 1.07 2.90 2.60
3987 1929 233 7795.13 11.10 15.40 1.36 1.90 0.30
3987 1929 234 19278.01 10.90 22.70 1.17 3.60 0.00
3987 1929 235 11750.85 13.90 22.40 1.35 3.00 0.00
3987 1929 236 13438.25 13.80 26.90 1.68 4.60 0.00
3987 1929 237 11355.26 16.80 24.00 1.51 3.90 0.00
3987 1929 238 16270.49 9.20 20.90 1.07 3.70 0.00
3987 1929 239 21443.26 9.90 25.40 0.99 3.90 0.00
3987 1929 240 20496.67 10.40 31.90 1.15 4.30 0.00
3987 1929 241 17483.06 17.00 27.00 1.63 3.50 0.00
3987 1929 242 16546.07 15.10 27.00 1.40 3.50 0.00
3987 1929 243 18030.83 16.30 29.90 1.55 3.40 0.00
3987 1929 244 19382.37 18.00 32.80 1.41 3.50 0.00
3987 1929 245 17913.50 15.20 28.30 1.72 2.80 0.00
3987 1929 246 19821.65 12.80 25.60 1.08 3.20 0.00
3987 1929 247 19277.85 11.60 29.80 1.27 5.00 0.00
3987 1929 248 14647.43 16.00 32.50 1.64 4.20 0.00
3987 1929 249 7960.63 12.20 22.60 1.43 6.20 1.10
3987 1929 250 18527.70 8.60 18.60 0.99 7.10 0.00
3987 1929 251 9398.74 7.60 20.30 1.28 5.50 0.00
3987 1929 252 17165.08 14.30 28.00 1.52 6.10 0.00
3987 1929 253 15556.81 12.80 20.30 1.04 5.70 0.00
3987 1929 254 12498.67 7.20 20.20 1.01 2.80 0.00
3987 1929 255 17692.03 8.30 26.30 1.00 4.50 0.00
3987 1929 256 14673.14 9.50 28.40 1.11 3.70 0.00
3987 1929 257 15865.22 13.20 29.20 1.32 2.50 0.00
3987 1929 258 14240.15 12.90 25.70 1.49 2.80 0.10
3987 1929 259 6163.94 13.30 20.20 1.25 3.00 0.90
3987 1929 260 15616.23 7.60 24.30 0.88 4.40 0.00
3987 1929 261 13408.22 7.20 24.30 0.83 5.00 0.00
3987 1929 262 9255.27 12.00 23.70 1.37 4.50 0.00
3987 1929 263 6787.53 10.10 21.00 1.31 6.40 5.40
3987 1929 264 12081.20 8.60 14.70 1.04 8.10 0.90
3987 1929 265 9837.16 9.70 15.20 0.95 10.10 0.40
3987 1929 266 12742.02 7.20 16.10 0.89 5.10 0.00
3987 1929 267 15479.71 3.30 17.60 0.79 3.30 0.00
3987 1929 268 11556.43 6.30 17.20 1.04 1.80 0.00
3987 1929 269 14323.99 5.00 18.90 0.96 2.20 0.00
3987 1929 270 14479.93 7.10 21.00 0.95 2.40 0.00
3987 1929 271 14200.91 7.10 24.90 0.89 4.20 0.00
3987 1929 272 13363.91 9.30 24.00 0.99 4.50 0.00
3987 1929 273 7775.78 13.50 22.90 1.24 3.60 0.00
3987 1929 274 5364.91 10.40 18.10 1.33 5.60 9.40
3987 1929 275 5113.50 5.90 18.20 1.33 5.50 10.00
3987 1929 276 4792.12 11.80 12.80 1.39 3.80 12.80
3987 1929 277 7150.82 11.80 21.90 1.55 3.40 0.70
3987 1929 278 11658.14 10.80 24.20 1.28 4.80 0.00
3987 1929 279 7270.92 8.20 19.10 1.32 4.30 0.00
3987 1929 280 9260.21 11.90 18.10 0.99 4.70 0.00
3987 1929 281 8244.82 9.30 20.20 1.23 4.10 0.20
3987 1929 282 5607.51 8.20 17.30 1.04 7.20 8.50
3987 1929 283 4763.46 7.20 10.90 1.03 9.40 1.20
3987 1929 284 4297.26 8.60 13.40 1.09 7.30 5.70
3987 1929 285 6731.31 7.70 13.20 0.92 8.70 0.20
3987 1929 286 3922.50 8.00 14.30 1.20 5.20 0.00
3987 1929 287 5406.37 9.50 15.40 1.15 3.40 0.00
3987 1929 288 8119.63 7.00 16.50 1.09 4.50 0.00
3987 1929 289 9687.66 3.80 15.70 0.92 2.70 0.00
3987 1929 290 4523.78 6.10 14.90 1.12 5.20 0.00
3987 1929 291 5720.35 8.60 14.80 0.99 3.70 2.40
3987 1929 292 3611.58 6.80 11.90 1.13 3.70 11.40
3987 1929 293 3486.59 6.60 9.00 1.05 3.40 3.90
3987 1929 294 8519.30 2.10 12.70 0.80 1.90 0.10
3987 1929 295 9564.78 2.00 12.10 0.81 3.20 0.00
3987 1929 296 8273.02 1.50 13.30 0.85 2.70 0.00
3987 1929 297 7995.54 4.60 14.80 0.95 4.50 0.00
3987 1929 298 5852.00 5.50 15.50 1.07 4.00 7.90
3987 1929 299 3124.97 6.10 9.80 1.01 4.50 12.10
3987 1929 300 5005.37 3.30 9.60 0.79 4.10 3.50
3987 1929 301 3591.93 1.20 8.40 0.81 4.20 4.20
3987 1929 302 2954.87 3.20 8.90 0.92 5.80 4.70
3987 1929 303 3263.48 7.70 11.10 0.95 5.20 0.20
3987 1929 304 2848.58 6.30 9.20 0.96 3.60 3.40
3987 1929 305 2912.78 6.70 9.20 0.99 3.50 0.00
3987 1929 306 7127.02 0.90 8.40 0.61 3.00 0.00
3987 1929 307 5185.15 -0.60 7.50 0.71 3.40 1.10
3987 1929 308 4686.76 4.30 9.50 0.80 4.00 0.00
3987 1929 309 7040.98 1.60 9.80 0.68 4.30 0.00
3987 1929 310 5239.71 -1.20 5.90 0.64 3.80 0.00
3987 1929 311 6161.70 -0.10 9.70 0.73 3.90 0.00
3987 1929 312 5613.63 4.90 10.70 0.85 3.70 0.70
3987 1929 313 2466.06 4.00 9.30 0.91 4.70 0.40
3987 1929 314 5782.37 0.70 9.90 0.73 4.80 0.00
3987 1929 315 4951.68 3.10 9.30 0.68 5.60 0.00
3987 1929 316 2386.92 2.70 8.90 0.73 8.10 1.40
3987 1929 317 4346.52 1.20 8.40 0.67 4.40 0.00
3987 1929 318 2211.06 0.10 3.50 0.72 3.30 0.50
3987 1929 319 2272.26 2.50 5.30 0.71 4.60 0.00
3987 1929 320 3705.79 0.90 5.20 0.61 4.20 1.10
3987 1929 321 2091.73 1.60 6.90 0.85 4.00 0.20
3987 1929 322 2059.31 3.30 5.50 0.79 4.00 0.30
3987 1929 323 2565.90 2.00 4.20 0.68 4.10 0.00
3987 1929 324 5135.10 1.20 8.50 0.67 5.30 0.00
3987 1929 325 5538.59 0.30 10.80 0.80 5.20 0.00
3987 1929 326 5370.33 2.40 10.60 0.85 4.90 0.10
3987 1929 327 4694.48 2.10 11.50 0.81 5.40 0.00
3987 1929 328 3664.56 2.80 9.40 0.84 5.00 0.00
3987 1929 329 3484.08 4.70 10.20 0.83 4.70 0.40
3987 1929 330 1808.21 4.60 8.10 0.91 5.20 1.00
3987 1929 331 1961.30 5.60 8.50 0.79 5.50 0.00
3987 1929 332 3013.67 0.10 6.10 0.73 4.80 3.60
3987 1929 333 2079.41 4.80 12.50 0.99 6.30 0.00
3987 1929 334 2274.00 7.20 12.20 1.01 5.20 0.00
3987 1929 335 1687.00 5.50 8.80 0.93 4.40 0.10
3987 1929 336 1668.87 5.60 8.70 0.95 5.50 2.80
3987 1929 337 1650.87 4.30 7.40 0.91 4.90 2.90
3987 1929 338 1629.32 4.10 8.70 1.03 4.70 1.40
3987 1929 339 4462.66 6.30 13.10 1.04 4.90 0.10
3987 1929 340 2680.86 4.60 10.50 0.91 5.40 1.40
3987 1929 341 1747.13 4.10 9.60 0.75 7.60 0.20
3987 1929 342 3713.00 4.00 8.30 0.67 7.90 0.00
3987 1929 343 2502.33 4.70 8.30 0.68 8.00 1.40
3987 1929 344 1749.74 3.10 8.10 0.73 7.20 0.90
3987 1929 345 1657.59 1.10 7.10 0.79 7.60 3.90
3987 1929 346 2654.33 4.80 8.80 0.75 10.50 6.50
3987 1929 347 1595.00 4.30 7.20 0.83 9.40 1.00
3987 1929 348 1500.16 5.10 11.00 1.05 7.10 6.00
3987 1929 349 1737.98 5.60 11.10 0.91 7.40 1.60
3987 1929 350 2181.32 2.00 5.80 0.68 7.80 2.50
3987 1929 351 1739.70 -0.80 2.80 0.63 6.00 2.50
3987 1929 352 3909.63 -3.70 1.00 0.53 2.80 0.00
3987 1929 353 1497.98 -3.60 -1.30 0.45 2.60 0.00
3987 1929 354 3030.05 -7.10 -3.00 0.36 4.80 0.00
3987 1929 355 4113.84 -6.10 -1.80 0.36 7.00 0.00
3987 1929 356 4103.23 -5.60 -0.70 0.39 7.60 0.00
3987 1929 357 2746.76 -5.30 -1.00 0.35 6.80 0.00
3987 1929 358 1507.12 -8.30 -4.30 0.28 8.20 1.00
3987 1929 359 1533.64 -6.80 5.50 0.59 6.00 12.90
3987 1929 360 1495.16 2.40 5.50 0.77 5.10 0.20
3987 1929 361 3917.55 0.20 6.20 0.63 5.40 0.00
3987 1929 362 1509.23 0.60 2.80 0.68 5.10 1.60
3987 1929 363 2234.07 0.80 11.10 0.73 8.10 0.40
3987 1929 364 3055.38 3.70 7.80 0.67 7.60 0.30
3987 1929 365 1571.94 3.20 7.00 0.68 7.60 0.00
