*---------------------------------------------------------------------------*
* Station name: Potsdam Saekularstation
* Year: 1947
* Author: Pedro Alencar                                   -999.000: NIL VALUE
* Source: DWD
* Comments: Gaps filled with interpolation and storical means
* Longitude: 13.0622, latitude: 52.3812, altitude: 82.0 m.
*
    * Column  Daily value
    * 1       station number
    * 2       year
    * 3       day
    * 4       irradiation                   (kJ m-2 d-1)
    * 5       minimum temperature           (degrees Celsius
    * 6       maximum temperature           (degrees Celsius)
    * 7       early morning vapour pressure (kPa)
    * 8       mean wind speed (height: 2 m) (m s-1)
    * 9       precipitation                 (mm d-1)
    *
** WCCDESCRIPTION=Potsdam, Germany
** WCCFORMAT=2
** WCCYEARNR=1947
*---------------------------------------------------------------------------*
   13.0622 52.3812 82.0 -0.18 -0.55
3987 1947 1 1555.47 -5.60 -2.00 0.43 4.00 0.00
3987 1947 2 1300.00 -3.80 -2.60 0.40 3.40 0.00
3987 1947 3 840.00 -6.70 -2.90 0.36 4.90 0.00
3987 1947 4 4160.00 -14.00 -6.50 0.17 6.00 0.00
3987 1947 5 4060.00 -17.00 -11.20 0.13 6.50 0.00
3987 1947 6 3710.00 -19.80 -12.80 0.12 6.00 0.00
3987 1947 7 3170.00 -17.10 -11.10 0.16 5.80 0.00
3987 1947 8 2770.00 -18.00 -11.90 0.15 4.30 0.00
3987 1947 9 1710.00 -16.20 -8.20 0.25 5.80 4.30
3987 1947 10 1200.00 -11.40 -8.40 0.25 4.00 1.40
3987 1947 11 3300.00 -19.20 -11.20 0.13 4.40 3.40
3987 1947 12 1420.00 -17.80 2.70 0.48 5.10 0.10
3987 1947 13 1990.00 -1.50 3.90 0.68 5.10 3.50
3987 1947 14 2600.00 1.70 5.50 0.63 6.30 4.60
3987 1947 15 1740.00 2.40 8.20 0.87 6.40 0.00
3987 1947 16 4240.00 1.70 10.40 0.72 5.30 0.00
3987 1947 17 2730.00 2.20 9.80 0.68 6.20 0.20
3987 1947 18 1290.00 2.20 5.30 0.68 7.80 0.70
3987 1947 19 1500.00 -1.70 3.70 0.56 5.60 0.00
3987 1947 20 3820.00 -4.00 1.00 0.45 4.30 0.10
3987 1947 21 1700.00 -5.60 -0.80 0.41 3.70 0.00
3987 1947 22 2390.00 -4.30 -2.40 0.40 4.10 0.90
3987 1947 23 3660.00 -5.20 -2.50 0.36 2.90 0.10
3987 1947 24 1540.00 -8.60 -3.70 0.36 1.60 0.00
3987 1947 25 2560.00 -10.10 -3.70 0.32 2.90 0.70
3987 1947 26 2900.00 -9.50 -5.80 0.28 5.00 0.10
3987 1947 27 1700.00 -13.50 -7.80 0.25 5.00 5.30
3987 1947 28 4320.00 -11.90 -7.50 0.21 5.20 0.00
3987 1947 29 6040.00 -16.20 -3.80 0.23 5.30 0.00
3987 1947 30 3710.00 -12.40 -2.60 0.29 5.60 0.00
3987 1947 31 5870.00 -12.60 -5.00 0.23 5.70 0.00
3987 1947 32 6400.00 -14.70 -5.40 0.19 5.70 0.00
3987 1947 33 5380.00 -15.60 -6.40 0.21 5.20 0.00
3987 1947 34 5540.00 -13.00 -5.40 0.25 6.40 0.00
3987 1947 35 2570.00 -11.10 -4.40 0.33 7.20 2.20
3987 1947 36 3330.00 -6.40 -4.40 0.32 6.70 1.00
3987 1947 37 2540.00 -10.60 -4.70 0.31 2.50 0.00
3987 1947 38 8070.00 -15.00 -6.60 0.19 5.60 0.00
3987 1947 39 7150.00 -18.80 -10.00 0.16 8.10 0.00
3987 1947 40 2280.00 -13.30 -10.40 0.21 6.40 0.00
3987 1947 41 3820.00 -12.70 -9.30 0.21 8.20 0.00
3987 1947 42 3810.00 -13.40 -9.60 0.21 7.70 0.00
3987 1947 43 3710.00 -12.70 -10.00 0.21 6.10 0.00
3987 1947 44 3090.00 -11.00 -6.70 0.28 2.50 0.00
3987 1947 45 1900.00 -8.10 -6.30 0.32 2.70 0.00
3987 1947 46 2530.00 -9.70 -6.30 0.28 5.00 0.70
3987 1947 47 6430.00 -11.10 -5.10 0.24 7.20 0.00
3987 1947 48 9980.00 -13.60 -2.50 0.23 6.20 0.00
3987 1947 49 8680.00 -14.50 -3.40 0.25 7.80 0.00
3987 1947 50 3710.00 -11.50 -6.20 0.25 7.40 0.20
3987 1947 51 3420.00 -10.10 -7.40 0.25 4.10 1.00
3987 1947 52 9370.00 -14.00 -5.40 0.23 2.40 2.80
3987 1947 53 2690.00 -9.00 -5.20 0.31 4.10 4.50
3987 1947 54 3950.00 -8.00 -4.90 0.32 4.60 0.70
3987 1947 55 4650.00 -11.80 -5.60 0.27 1.90 0.00
3987 1947 56 5160.00 -11.80 -4.40 0.25 2.10 0.00
3987 1947 57 7790.00 -14.10 -1.30 0.28 2.50 0.00
3987 1947 58 10490.00 -14.80 0.60 0.27 7.30 0.00
3987 1947 59 3970.00 -6.90 0.10 0.45 6.20 4.70
3987 1947 60 5610.00 -5.20 1.10 0.36 8.50 1.20
3987 1947 61 7670.00 -6.40 -1.70 0.33 7.50 0.10
3987 1947 62 10430.00 -10.20 0.50 0.24 2.70 0.00
3987 1947 63 13580.00 -10.20 4.30 0.29 3.50 0.00
3987 1947 64 1520.00 -7.30 -2.60 0.43 4.90 1.40
3987 1947 65 3950.00 -4.30 0.60 0.51 4.40 0.20
3987 1947 66 3180.00 -3.60 4.00 0.53 6.40 0.10
3987 1947 67 15320.00 -5.80 1.40 0.35 6.90 0.00
3987 1947 68 4680.00 -7.10 1.50 0.39 5.00 0.20
3987 1947 69 12960.00 -9.20 1.00 0.31 4.10 0.80
3987 1947 70 2390.00 -6.50 -4.10 0.39 8.20 9.90
3987 1947 71 8440.00 -9.20 -2.30 0.32 5.50 0.00
3987 1947 72 6280.00 -13.50 2.20 0.45 4.80 12.30
3987 1947 73 4610.00 0.50 8.70 0.77 7.70 1.30
3987 1947 74 14470.00 -4.00 2.20 0.36 6.90 0.00
3987 1947 75 12280.00 -4.80 4.50 0.37 5.90 1.10
3987 1947 76 2220.00 1.80 7.30 0.60 10.60 0.00
3987 1947 77 2990.00 -0.70 3.70 0.63 3.80 0.30
3987 1947 78 3510.00 0.80 7.00 0.84 3.50 3.20
3987 1947 79 9090.00 0.00 10.90 0.77 3.20 1.60
3987 1947 80 8560.00 3.20 11.50 0.83 5.00 2.30
3987 1947 81 3990.00 7.10 10.30 1.11 4.00 6.90
3987 1947 82 12630.00 4.80 15.40 0.89 5.60 0.00
3987 1947 83 9640.00 5.00 13.20 0.80 5.40 0.00
3987 1947 84 3090.00 1.20 6.20 0.64 5.40 0.00
3987 1947 85 16030.00 -0.80 11.60 0.53 4.30 2.30
3987 1947 86 1250.00 2.80 5.50 0.73 3.80 1.10
3987 1947 87 8440.00 2.80 16.00 0.95 3.80 0.00
3987 1947 88 4130.00 7.20 12.00 0.88 4.60 0.00
3987 1947 89 5910.00 7.30 13.00 0.84 3.40 3.40
3987 1947 90 11080.00 5.60 17.70 0.84 4.00 0.70
3987 1947 91 13790.00 6.60 16.40 0.89 4.00 1.10
3987 1947 92 17260.00 2.10 13.40 0.76 2.30 0.00
3987 1947 93 6500.00 1.60 7.80 0.61 2.00 0.00
3987 1947 94 9870.00 2.40 14.00 0.81 5.60 1.30
3987 1947 95 20790.00 1.10 10.30 0.57 5.80 1.10
3987 1947 96 5800.00 1.90 10.40 0.85 8.00 6.10
3987 1947 97 15600.00 5.40 13.50 0.73 10.30 0.30
3987 1947 98 12540.00 7.40 12.10 0.88 7.00 14.50
3987 1947 99 3420.00 0.70 8.90 0.68 7.70 1.70
3987 1947 100 14590.00 0.10 9.00 0.60 5.50 0.00
3987 1947 101 20720.00 -0.30 12.30 0.64 2.20 0.00
3987 1947 102 22840.00 0.30 13.30 0.51 3.20 0.00
3987 1947 103 21640.00 3.00 16.70 0.60 2.10 0.00
3987 1947 104 17260.00 6.00 19.70 0.72 4.10 0.00
3987 1947 105 10080.00 9.20 16.20 0.95 3.90 0.00
3987 1947 106 19020.00 10.80 21.10 1.17 2.60 0.00
3987 1947 107 20680.00 10.70 22.70 1.04 4.00 0.00
3987 1947 108 24550.00 4.60 14.80 0.59 3.20 0.00
3987 1947 109 22300.00 1.90 18.50 0.64 4.40 0.00
3987 1947 110 19900.00 7.60 21.10 1.00 3.20 2.50
3987 1947 111 12020.00 9.40 19.10 1.05 5.30 1.90
3987 1947 112 21000.00 7.50 22.20 0.85 6.00 0.00
3987 1947 113 10810.00 10.90 17.00 0.89 5.10 0.40
3987 1947 114 15780.00 9.00 14.00 0.69 9.40 0.10
3987 1947 115 22820.00 7.30 17.60 0.71 6.20 0.00
3987 1947 116 12280.00 8.80 21.20 0.85 7.50 0.00
3987 1947 117 23370.00 1.20 18.00 0.63 3.80 0.00
3987 1947 118 4940.00 5.00 15.30 0.88 7.60 9.40
3987 1947 119 13680.00 4.70 11.70 0.84 8.70 1.00
3987 1947 120 8870.00 5.20 13.20 0.87 4.70 3.10
3987 1947 121 6310.00 6.20 9.00 0.84 5.30 0.70
3987 1947 122 7420.00 4.40 9.30 0.87 3.90 0.00
3987 1947 123 25530.00 3.60 12.40 0.48 8.10 0.00
3987 1947 124 20540.00 1.20 12.00 0.48 8.10 0.00
3987 1947 125 29180.00 2.80 16.20 0.56 7.20 0.00
3987 1947 126 25590.00 5.80 20.00 0.81 5.00 0.00
3987 1947 127 21670.00 9.30 22.70 0.99 4.00 0.00
3987 1947 128 23790.00 9.60 24.90 1.05 3.80 0.00
3987 1947 129 26720.00 11.00 25.80 1.01 4.60 0.00
3987 1947 130 21290.00 13.00 24.50 1.08 4.90 2.00
3987 1947 131 25610.00 10.90 27.10 0.93 4.40 0.00
3987 1947 132 24540.00 12.10 27.60 0.95 4.30 0.00
3987 1947 133 26340.00 12.60 27.50 0.95 4.20 0.00
3987 1947 134 24790.00 11.40 28.90 0.96 5.20 0.00
3987 1947 135 17840.00 13.50 27.00 1.45 3.90 10.80
3987 1947 136 16380.00 9.60 17.80 1.07 5.40 0.00
3987 1947 137 22100.00 10.90 19.40 1.05 4.40 0.00
3987 1947 138 14760.00 10.40 16.80 1.15 2.80 0.00
3987 1947 139 14930.00 7.40 15.20 1.12 3.10 1.70
3987 1947 140 12480.00 10.30 17.70 1.12 2.90 0.00
3987 1947 141 29180.00 4.10 20.50 0.79 3.50 0.00
3987 1947 142 23850.00 8.10 22.10 0.89 5.00 0.00
3987 1947 143 20340.00 10.40 21.70 0.99 6.30 0.50
3987 1947 144 18280.00 12.20 23.40 1.57 3.80 3.60
3987 1947 145 23790.00 11.00 24.80 1.33 3.60 0.00
3987 1947 146 25420.00 13.50 27.50 1.44 2.10 0.00
3987 1947 147 17660.00 13.40 27.70 1.63 4.00 0.50
3987 1947 148 18870.00 11.50 21.50 1.24 3.40 0.00
3987 1947 149 28210.00 10.20 26.70 1.21 2.50 0.00
3987 1947 150 30450.00 13.20 28.20 1.20 4.10 0.00
3987 1947 151 29390.00 13.50 30.90 1.24 3.40 0.00
3987 1947 152 28720.00 16.80 33.80 1.28 2.70 0.00
3987 1947 153 28530.00 18.30 33.30 1.45 2.80 0.00
3987 1947 154 26220.00 19.10 32.10 1.52 3.60 0.00
3987 1947 155 28730.00 14.50 31.70 1.39 3.30 21.20
3987 1947 156 11890.00 14.90 23.20 1.55 5.00 2.30
3987 1947 157 16610.00 11.20 21.80 1.29 4.80 4.20
3987 1947 158 14360.00 9.00 15.70 1.17 5.20 3.80
3987 1947 159 16560.00 11.10 19.40 1.21 5.20 4.50
3987 1947 160 17840.00 10.10 15.40 1.28 5.80 9.30
3987 1947 161 21830.00 10.00 16.20 0.99 7.00 0.60
3987 1947 162 23260.00 6.20 16.70 0.99 5.30 6.60
3987 1947 163 27220.00 5.60 18.40 0.93 2.30 0.00
3987 1947 164 22190.00 8.20 20.40 0.97 1.70 0.00
3987 1947 165 20700.00 10.90 25.70 1.20 2.30 0.00
3987 1947 166 17260.00 13.00 27.50 1.48 4.60 3.20
3987 1947 167 14440.00 12.00 17.50 1.17 6.40 0.30
3987 1947 168 31530.00 7.30 21.60 0.97 4.00 0.00
3987 1947 169 31070.00 10.40 25.10 1.23 1.90 0.00
3987 1947 170 25920.00 13.60 27.20 1.40 2.60 0.00
3987 1947 171 21930.00 16.40 29.00 1.64 2.30 0.00
3987 1947 172 20320.00 16.20 27.90 1.79 2.50 5.00
3987 1947 173 7520.00 14.10 20.60 1.65 3.10 7.20
3987 1947 174 18990.00 10.70 21.10 1.44 3.10 0.00
3987 1947 175 28670.00 13.50 22.80 1.28 2.40 0.00
3987 1947 176 30140.00 12.40 28.30 1.45 3.10 0.00
3987 1947 177 27270.00 15.40 33.00 1.83 2.30 0.00
3987 1947 178 26780.00 18.90 33.90 1.92 2.50 0.00
3987 1947 179 27620.00 18.60 32.70 1.81 4.10 0.00
3987 1947 180 29250.00 18.70 35.50 1.68 4.00 0.00
3987 1947 181 19360.00 20.40 34.50 1.95 3.40 0.10
3987 1947 182 11740.00 17.80 24.30 1.96 4.20 6.70
3987 1947 183 20140.00 14.00 23.40 1.48 3.60 0.00
3987 1947 184 26850.00 13.40 27.20 1.48 1.90 0.00
3987 1947 185 26090.00 16.50 29.80 1.49 2.70 0.00
3987 1947 186 18670.00 15.00 29.40 1.72 5.50 11.30
3987 1947 187 23640.00 12.00 20.50 1.08 5.40 0.00
3987 1947 188 21810.00 11.10 25.40 1.24 4.50 0.00
3987 1947 189 18300.00 14.60 21.50 1.29 4.10 0.00
3987 1947 190 19240.00 12.60 24.40 1.17 4.00 1.70
3987 1947 191 16800.00 12.10 19.90 1.28 5.40 3.40
3987 1947 192 15030.00 11.80 18.70 1.36 6.60 1.70
3987 1947 193 15520.00 11.60 19.70 1.20 5.50 5.70
3987 1947 194 26700.00 10.60 22.30 1.24 5.00 0.00
3987 1947 195 18380.00 14.10 23.40 1.35 3.60 0.00
3987 1947 196 30330.00 10.40 26.10 1.15 3.50 0.00
3987 1947 197 25410.00 13.50 27.30 1.33 4.00 0.00
3987 1947 198 28290.00 15.90 27.20 1.24 4.40 0.00
3987 1947 199 25070.00 13.30 24.80 1.37 3.50 0.00
3987 1947 200 26850.00 12.60 25.40 1.35 1.90 0.80
3987 1947 201 16780.00 14.80 26.70 1.69 2.80 6.00
3987 1947 202 14550.00 15.70 22.80 1.79 2.60 0.00
3987 1947 203 24650.00 14.50 27.20 1.61 2.70 0.00
3987 1947 204 26590.00 15.60 30.10 1.64 3.10 0.00
3987 1947 205 23140.00 17.40 31.10 1.81 2.20 0.10
3987 1947 206 25600.00 19.60 31.00 2.03 2.60 0.00
3987 1947 207 17360.00 18.30 28.30 2.20 3.70 21.10
3987 1947 208 20850.00 18.30 25.90 1.88 4.10 0.00
3987 1947 209 29240.00 13.10 26.30 1.31 2.30 0.00
3987 1947 210 21860.00 14.70 33.20 1.59 4.60 0.00
3987 1947 211 13910.00 18.00 24.20 1.67 5.60 0.00
3987 1947 212 21860.00 16.00 24.70 1.41 3.20 0.00
3987 1947 213 21050.00 12.30 24.40 1.32 5.00 0.00
3987 1947 214 26450.00 10.40 23.50 1.20 3.00 0.00
3987 1947 215 23940.00 11.90 28.80 1.15 2.90 0.00
3987 1947 216 24910.00 15.70 30.20 1.73 3.80 0.00
3987 1947 217 13440.00 17.00 33.20 1.64 4.00 7.30
3987 1947 218 17730.00 14.90 25.10 1.45 5.40 2.70
3987 1947 219 8470.00 14.60 18.30 1.68 6.90 43.20
3987 1947 220 6850.00 13.60 17.60 1.45 7.60 0.00
3987 1947 221 15980.00 12.90 20.80 1.61 4.10 0.00
3987 1947 222 19070.00 15.80 24.60 1.65 2.50 0.00
3987 1947 223 15700.00 14.20 23.90 1.68 2.70 2.30
3987 1947 224 20110.00 15.90 26.80 1.68 3.10 0.00
3987 1947 225 26210.00 11.40 28.10 1.41 2.80 0.00
3987 1947 226 25200.00 14.20 29.20 1.65 3.60 0.00
3987 1947 227 24680.00 15.70 30.50 1.45 3.70 0.00
3987 1947 228 25430.00 16.50 28.70 1.40 3.80 0.00
3987 1947 229 24290.00 14.10 30.80 1.61 2.50 0.00
3987 1947 230 23200.00 16.60 31.60 1.52 2.50 0.00
3987 1947 231 20520.00 15.80 27.50 1.53 4.00 0.00
3987 1947 232 24090.00 13.80 24.00 1.17 4.00 0.00
3987 1947 233 20140.00 10.60 24.80 1.32 3.20 0.00
3987 1947 234 16750.00 12.30 23.90 1.33 3.10 0.00
3987 1947 235 11370.00 14.80 20.90 1.69 3.60 3.50
3987 1947 236 13830.00 14.30 22.60 1.52 2.90 1.50
3987 1947 237 15590.00 13.40 23.10 1.77 2.60 5.00
3987 1947 238 17700.00 15.50 24.90 1.64 3.50 0.40
3987 1947 239 21080.00 12.20 26.90 1.31 2.50 0.00
3987 1947 240 15720.00 12.70 21.70 1.27 4.10 0.00
3987 1947 241 14920.00 8.90 20.00 1.13 3.30 0.00
3987 1947 242 17060.00 6.40 19.90 1.05 3.10 0.10
3987 1947 243 14870.00 7.50 20.60 1.04 2.90 0.00
3987 1947 244 14180.00 8.80 22.20 1.16 2.70 0.10
3987 1947 245 12030.00 13.40 21.10 1.49 2.40 0.00
3987 1947 246 7620.00 12.40 19.90 1.51 2.10 1.30
3987 1947 247 12560.00 9.80 19.00 1.21 2.30 0.00
3987 1947 248 20150.00 9.70 23.00 1.15 3.20 0.00
3987 1947 249 20360.00 9.20 23.00 1.07 3.60 0.00
3987 1947 250 17530.00 9.90 24.90 1.07 2.70 0.00
3987 1947 251 12970.00 12.70 25.10 1.41 2.50 4.30
3987 1947 252 15690.00 14.60 21.60 1.35 5.00 0.00
3987 1947 253 13830.00 14.80 22.20 1.36 7.70 0.00
3987 1947 254 17580.00 13.00 26.60 1.47 3.50 0.00
3987 1947 255 16080.00 14.90 33.10 1.35 3.60 0.20
3987 1947 256 15930.00 17.80 33.40 1.45 3.30 0.00
3987 1947 257 14750.00 18.60 30.80 1.72 3.10 1.40
3987 1947 258 16510.00 17.10 30.40 1.80 3.70 0.00
3987 1947 259 15880.00 16.80 33.70 1.27 4.50 0.00
3987 1947 260 15480.00 17.90 29.10 1.56 3.80 0.00
3987 1947 261 9790.00 17.00 27.20 1.59 4.10 0.00
3987 1947 262 13910.00 14.40 33.40 1.28 4.10 0.00
3987 1947 263 14670.00 14.80 32.90 1.25 4.40 0.00
3987 1947 264 10600.00 14.80 25.90 1.56 3.80 0.00
3987 1947 265 5750.00 11.80 18.60 1.32 3.90 0.30
3987 1947 266 5720.00 7.80 17.70 1.01 5.10 2.50
3987 1947 267 5750.29 10.50 14.90 1.20 1.70 0.00
3987 1947 268 6510.00 11.70 19.20 1.39 3.40 0.00
3987 1947 269 12720.00 12.70 26.40 1.56 3.80 0.00
3987 1947 270 16320.00 13.80 27.90 1.51 3.70 0.00
3987 1947 271 3500.00 14.50 19.00 1.41 6.00 2.40
3987 1947 272 3000.00 9.90 17.40 1.24 5.40 3.60
3987 1947 273 14070.00 7.80 14.10 0.83 7.50 0.00
3987 1947 274 12180.00 5.80 14.50 0.83 6.60 0.40
3987 1947 275 14670.00 4.80 14.60 0.71 3.90 0.00
3987 1947 276 12770.00 1.90 15.00 0.64 1.50 0.00
3987 1947 277 8880.00 4.00 17.60 0.97 5.30 0.00
3987 1947 278 5050.00 11.00 16.70 1.13 3.20 0.00
3987 1947 279 12900.00 5.80 24.90 0.81 3.60 0.00
3987 1947 280 9140.00 8.00 17.50 1.11 3.30 0.00
3987 1947 281 10650.00 7.30 19.00 1.09 3.60 0.00
3987 1947 282 7660.00 7.90 21.20 1.17 4.10 0.00
3987 1947 283 2270.00 9.90 15.00 1.39 2.10 2.70
3987 1947 284 6720.00 8.40 18.50 1.28 2.30 0.10
3987 1947 285 3270.00 8.40 13.90 1.23 1.50 0.10
3987 1947 286 6530.00 8.80 17.40 1.20 2.70 0.00
3987 1947 287 10280.00 5.80 21.80 0.97 4.20 0.00
3987 1947 288 2780.00 8.50 14.80 1.12 3.90 0.00
3987 1947 289 2520.00 7.00 13.30 1.00 5.60 2.10
3987 1947 290 6270.00 4.00 10.40 0.79 4.60 9.70
3987 1947 291 8210.00 1.60 9.80 0.65 6.40 1.60
3987 1947 292 9390.00 -0.80 11.40 0.51 2.40 0.00
3987 1947 293 10100.00 -1.00 11.40 0.57 3.20 0.00
3987 1947 294 9860.00 -1.80 13.00 0.55 3.60 0.00
3987 1947 295 8100.00 -0.40 12.20 0.64 4.40 0.00
3987 1947 296 6150.00 1.90 10.00 0.79 5.90 0.00
3987 1947 297 3100.00 0.20 5.10 0.60 5.40 0.00
3987 1947 298 7530.00 -2.00 5.80 0.45 5.80 0.00
3987 1947 299 7300.00 -4.80 6.40 0.49 3.80 0.00
3987 1947 300 3780.00 2.60 6.00 0.61 4.70 0.00
3987 1947 301 8480.00 0.80 7.10 0.52 5.30 0.00
3987 1947 302 8610.00 -2.30 9.10 0.53 6.10 0.00
3987 1947 303 7300.00 0.60 10.30 0.57 6.50 0.00
3987 1947 304 1040.00 4.20 5.90 0.69 4.50 0.00
3987 1947 305 1540.00 4.70 9.20 0.84 2.50 0.00
3987 1947 306 1550.00 3.40 7.30 0.79 2.70 0.00
3987 1947 307 4070.00 2.70 13.80 0.93 4.50 0.30
3987 1947 308 5100.00 4.00 11.80 0.88 4.70 1.80
3987 1947 309 1810.00 3.70 8.30 0.92 4.70 1.80
3987 1947 310 1580.00 5.40 8.70 0.88 5.30 0.00
3987 1947 311 4960.00 -0.40 6.10 0.59 3.10 1.30
3987 1947 312 320.00 -0.60 1.70 0.65 2.30 5.30
3987 1947 313 2460.00 1.50 11.10 0.96 4.70 1.60
3987 1947 314 560.00 6.50 9.70 1.04 6.00 13.50
3987 1947 315 3820.00 6.10 10.70 0.92 6.50 11.70
3987 1947 316 360.00 5.70 12.60 1.15 6.40 27.90
3987 1947 317 2810.00 3.90 11.20 0.81 9.80 2.50
3987 1947 318 2170.00 3.40 7.20 0.76 8.00 0.60
3987 1947 319 2170.00 2.60 5.50 0.72 3.40 1.30
3987 1947 320 1330.00 2.10 5.90 0.64 8.90 0.90
3987 1947 321 2730.00 -0.60 3.30 0.51 7.40 0.00
3987 1947 322 2610.00 -2.30 3.10 0.53 3.90 0.00
3987 1947 323 4610.00 -4.70 4.40 0.43 2.90 0.00
3987 1947 324 3620.00 -5.10 2.90 0.51 2.70 7.90
3987 1947 325 400.00 1.20 13.70 1.28 7.60 4.40
3987 1947 326 560.00 12.20 13.80 1.40 7.00 10.80
3987 1947 327 1870.00 10.90 13.70 1.28 8.10 7.50
3987 1947 328 2350.00 3.20 11.20 0.73 9.50 3.40
3987 1947 329 800.00 3.00 4.40 0.68 7.50 1.90
3987 1947 330 1050.00 0.80 3.20 0.64 5.70 3.20
3987 1947 331 880.00 0.40 3.10 0.64 4.70 3.80
3987 1947 332 2410.00 -3.10 1.00 0.49 4.30 0.20
3987 1947 333 0.00 -0.10 2.10 0.65 3.50 2.30
3987 1947 334 1350.00 0.80 4.00 0.64 3.50 0.00
3987 1947 335 2810.00 -1.10 5.10 0.57 4.20 0.00
3987 1947 336 440.00 -0.50 3.20 0.68 3.40 4.00
3987 1947 337 640.00 0.90 3.00 0.68 3.10 0.00
3987 1947 338 2690.00 -1.20 4.30 0.57 3.40 0.00
3987 1947 339 3060.00 -2.00 5.20 0.60 3.90 0.00
3987 1947 340 1090.00 -3.10 0.60 0.60 3.40 0.60
3987 1947 341 0.00 0.40 2.50 0.69 4.00 2.60
3987 1947 342 1310.00 1.00 3.70 0.71 3.00 0.00
3987 1947 343 1199.11 0.80 3.00 0.72 2.80 1.00
3987 1947 344 360.00 1.60 3.00 0.67 3.50 0.10
3987 1947 345 1210.00 -0.50 2.00 0.61 4.30 5.10
3987 1947 346 160.00 1.70 6.60 0.91 5.80 6.60
3987 1947 347 2570.00 0.50 7.20 0.67 6.80 0.10
3987 1947 348 890.00 -0.50 2.10 0.59 4.60 0.00
3987 1947 349 600.00 -1.80 -0.20 0.55 3.20 2.90
3987 1947 350 480.00 -1.80 -0.60 0.56 1.60 2.80
3987 1947 351 360.00 -1.90 0.30 0.53 4.50 1.80
3987 1947 352 2240.00 -8.00 -1.10 0.35 3.50 1.00
3987 1947 353 320.00 -4.60 -2.90 0.47 4.40 10.40
3987 1947 354 1080.00 -4.20 0.50 0.48 4.50 0.70
3987 1947 355 2690.00 0.10 2.60 0.61 7.90 16.50
3987 1947 356 1880.00 -0.40 6.30 0.67 8.60 0.90
3987 1947 357 520.00 -0.20 4.30 0.63 7.10 0.20
3987 1947 358 320.00 1.10 5.60 0.80 4.80 5.30
3987 1947 359 240.00 3.90 6.40 0.85 7.80 5.70
3987 1947 360 560.00 0.90 5.80 0.71 8.60 1.40
3987 1947 361 1260.00 2.00 6.20 0.76 7.40 11.60
3987 1947 362 560.00 5.30 8.40 0.85 7.90 3.50
3987 1947 363 1710.00 1.40 6.00 0.59 7.30 0.00
3987 1947 364 680.00 -2.60 1.90 0.47 7.80 1.00
3987 1947 365 1220.00 -6.90 -1.10 0.45 5.60 2.10
