*---------------------------------------------------------------------------*
* Station name: Potsdam Saekularstation
* Year: 1981
* Author: Pedro Alencar                                   -999.000: NIL VALUE
* Source: DWD
* Comments: Gaps filled with interpolation and storical means
* Longitude: 13.0622, latitude: 52.3812, altitude: 82.0 m.
*
    * Column  Daily value
    * 1       station number
    * 2       year
    * 3       day
    * 4       irradiation                   (kJ m-2 d-1)
    * 5       minimum temperature           (degrees Celsius
    * 6       maximum temperature           (degrees Celsius)
    * 7       early morning vapour pressure (kPa)
    * 8       mean wind speed (height: 2 m) (m s-1)
    * 9       precipitation                 (mm d-1)
    *
** WCCDESCRIPTION=Potsdam, Germany
** WCCFORMAT=2
** WCCYEARNR=1981
*---------------------------------------------------------------------------*
   13.0622 52.3812 82.0 -0.18 -0.55
3987 1981 1 2050.00 0.50 6.00 0.61 14.10 1.50
3987 1981 2 980.00 0.40 3.00 0.64 9.70 11.30
3987 1981 3 210.00 2.70 8.30 0.88 12.30 6.10
3987 1981 4 880.00 0.90 5.10 0.64 8.20 3.60
3987 1981 5 1910.00 -2.40 0.90 0.53 5.40 5.20
3987 1981 6 2520.00 -6.30 -0.50 0.41 2.10 0.40
3987 1981 7 2100.00 -8.70 -3.80 0.35 3.80 0.70
3987 1981 8 3560.00 -11.60 -5.40 0.27 3.40 0.00
3987 1981 9 730.00 -7.10 0.10 0.46 5.90 4.10
3987 1981 10 820.00 -0.40 0.60 0.60 3.00 4.90
3987 1981 11 1480.00 -2.50 0.80 0.50 2.30 0.00
3987 1981 12 3480.00 -7.00 -1.90 0.41 5.30 0.90
3987 1981 13 3620.00 -2.30 1.20 0.50 6.40 0.00
3987 1981 14 1810.00 -4.30 -0.90 0.46 9.50 8.10
3987 1981 15 3440.00 -1.60 2.30 0.56 11.00 1.10
3987 1981 16 2810.00 -2.10 1.10 0.46 10.70 1.90
3987 1981 17 1260.00 -3.40 2.10 0.55 5.00 2.70
3987 1981 18 1230.00 -3.10 1.90 0.53 2.40 0.00
3987 1981 19 770.00 -3.90 1.00 0.52 4.50 9.40
3987 1981 20 680.00 -3.50 1.20 0.54 5.80 1.00
3987 1981 21 1780.00 -3.90 0.50 0.51 3.00 0.20
3987 1981 22 4780.00 -9.20 -1.30 0.36 4.90 0.00
3987 1981 23 2020.00 -9.70 -0.50 0.41 3.30 0.20
3987 1981 24 1770.00 -0.60 1.10 0.60 3.50 0.30
3987 1981 25 2010.00 0.70 3.40 0.62 8.00 0.40
3987 1981 26 5980.00 -2.50 2.40 0.44 7.10 0.00
3987 1981 27 5640.00 -7.10 1.40 0.37 2.90 0.00
3987 1981 28 850.00 -6.20 1.80 0.53 3.60 0.40
3987 1981 29 1710.00 0.90 4.00 0.66 2.90 0.00
3987 1981 30 1240.00 -2.80 2.10 0.56 3.90 0.00
3987 1981 31 2890.00 -2.30 0.60 0.56 6.10 0.00
3987 1981 32 5710.00 -3.20 6.30 0.54 7.20 0.00
3987 1981 33 6060.00 0.70 8.10 0.57 7.10 0.00
3987 1981 34 560.00 3.00 6.60 0.61 10.00 2.50
3987 1981 35 2110.00 1.70 4.30 0.66 6.50 2.00
3987 1981 36 2460.00 0.50 2.60 0.57 8.10 0.30
3987 1981 37 4790.00 -0.50 4.30 0.62 5.80 4.10
3987 1981 38 3070.00 3.00 8.50 0.86 8.90 3.60
3987 1981 39 1850.00 6.10 10.10 0.88 10.20 0.00
3987 1981 40 1400.00 3.80 7.10 0.71 3.40 0.00
3987 1981 41 2160.00 4.10 8.40 0.70 6.50 3.70
3987 1981 42 3880.00 -3.50 4.20 0.50 10.80 1.70
3987 1981 43 5080.00 -4.40 0.30 0.46 6.30 0.00
3987 1981 44 2890.00 -1.70 0.90 0.51 3.70 0.80
3987 1981 45 5530.00 -3.20 0.30 0.40 2.80 0.00
3987 1981 46 1980.00 -2.80 -0.30 0.44 6.10 0.10
3987 1981 47 2880.00 -1.60 1.80 0.54 2.40 0.00
3987 1981 48 5250.00 -2.30 3.20 0.54 1.00 0.30
3987 1981 49 5470.00 -3.50 0.30 0.43 4.90 0.10
3987 1981 50 1710.00 -4.50 -0.70 0.40 3.40 1.50
3987 1981 51 5780.00 -4.80 -1.20 0.38 2.20 0.20
3987 1981 52 7720.00 -7.00 -1.20 0.34 1.10 0.00
3987 1981 53 2730.00 -7.00 -1.10 0.44 3.00 4.20
3987 1981 54 5240.00 -3.80 0.20 0.47 1.60 2.70
3987 1981 55 2180.00 -1.80 1.40 0.57 5.70 0.00
3987 1981 56 2070.00 -3.10 0.30 0.49 3.60 0.00
3987 1981 57 10880.00 -5.50 6.00 0.32 6.70 0.00
3987 1981 58 11380.00 -6.20 4.20 0.29 8.30 0.00
3987 1981 59 10130.00 -8.00 2.20 0.31 8.90 0.00
3987 1981 60 2880.00 -4.20 1.40 0.48 5.20 3.90
3987 1981 61 4000.00 -1.90 3.80 0.65 4.10 5.20
3987 1981 62 2980.00 -0.20 3.60 0.65 3.30 7.20
3987 1981 63 3740.00 -0.80 2.10 0.55 4.20 0.30
3987 1981 64 5180.00 -2.80 1.60 0.50 4.30 0.30
3987 1981 65 8230.00 -2.60 4.90 0.53 4.00 0.30
3987 1981 66 5740.00 2.10 12.70 0.89 7.90 3.30
3987 1981 67 3360.00 8.70 13.60 1.14 7.80 2.70
3987 1981 68 2560.00 8.90 11.90 1.13 7.20 13.30
3987 1981 69 10900.00 3.20 9.50 0.67 2.70 13.90
3987 1981 70 1740.00 4.40 13.50 1.15 8.60 23.20
3987 1981 71 1840.00 2.30 12.50 0.79 4.40 5.60
3987 1981 72 1820.00 2.30 8.10 0.85 3.60 7.20
3987 1981 73 5440.00 3.40 12.00 0.83 5.60 0.50
3987 1981 74 3220.00 4.80 7.60 0.76 4.90 0.80
3987 1981 75 9930.00 1.20 10.60 0.71 2.10 1.20
3987 1981 76 4200.00 0.70 5.50 0.64 2.40 0.40
3987 1981 77 4710.00 -0.20 4.20 0.58 2.50 0.20
3987 1981 78 5210.00 -1.00 8.80 0.64 8.60 0.00
3987 1981 79 10760.00 4.70 13.00 0.66 6.80 0.00
3987 1981 80 12530.00 3.40 17.60 0.75 6.50 0.00
3987 1981 81 15380.00 7.30 20.80 0.76 8.60 0.00
3987 1981 82 11660.00 2.60 15.80 0.59 6.70 9.40
3987 1981 83 4070.00 8.30 12.40 0.99 8.30 0.50
3987 1981 84 4070.00 7.10 14.40 1.20 5.10 4.70
3987 1981 85 3950.00 9.80 14.30 1.23 6.40 13.00
3987 1981 86 14370.00 5.00 13.40 0.78 9.20 0.00
3987 1981 87 5960.00 1.40 9.40 0.73 6.10 0.00
3987 1981 88 15030.00 2.60 15.00 0.74 8.40 0.00
3987 1981 89 13100.00 4.70 18.70 0.91 5.00 0.00
3987 1981 90 8150.00 8.60 17.90 1.18 4.70 0.00
3987 1981 91 6760.00 10.60 15.40 1.15 7.60 0.00
3987 1981 92 12670.00 8.00 16.70 0.83 8.60 0.00
3987 1981 93 14220.00 4.80 15.10 0.68 6.10 0.00
3987 1981 94 6600.00 4.50 11.70 0.82 4.20 2.50
3987 1981 95 2350.00 5.00 8.00 0.88 1.50 0.60
3987 1981 96 13300.00 0.90 12.90 0.80 2.00 0.00
3987 1981 97 17460.00 2.90 17.60 0.87 2.30 0.00
3987 1981 98 9750.00 5.30 17.30 1.05 4.30 2.20
3987 1981 99 17890.00 2.60 15.00 0.79 2.80 0.00
3987 1981 100 17520.00 5.90 18.50 0.87 3.00 0.00
3987 1981 101 19700.00 5.90 20.90 0.85 5.00 0.00
3987 1981 102 19690.00 4.60 23.70 0.80 4.70 0.20
3987 1981 103 12320.00 11.90 18.50 1.06 3.90 0.40
3987 1981 104 21670.00 1.30 16.40 0.58 3.30 0.00
3987 1981 105 21890.00 3.10 18.80 0.67 4.30 0.00
3987 1981 106 15830.00 3.50 14.80 0.55 5.70 0.00
3987 1981 107 15220.00 -2.70 5.70 0.50 4.10 1.20
3987 1981 108 18820.00 -3.50 8.40 0.43 2.90 0.30
3987 1981 109 13670.00 1.20 10.10 0.47 4.80 0.00
3987 1981 110 13730.00 0.40 10.90 0.45 2.70 0.00
3987 1981 111 8440.00 -0.90 9.70 0.57 9.80 0.00
3987 1981 112 14250.00 0.40 7.40 0.56 6.80 1.30
3987 1981 113 16260.00 -2.60 7.00 0.46 2.50 0.00
3987 1981 114 19980.00 -3.10 8.40 0.44 3.50 0.00
3987 1981 115 16280.00 -0.70 13.30 0.49 5.20 0.00
3987 1981 116 18970.00 2.50 17.80 0.59 6.00 0.00
3987 1981 117 8310.00 4.90 13.50 0.72 6.80 10.50
3987 1981 118 17780.00 3.20 10.50 0.54 6.80 0.40
3987 1981 119 5860.00 3.40 8.00 0.81 3.80 7.10
3987 1981 120 6170.00 6.20 13.80 1.02 7.80 2.30
3987 1981 121 17450.00 3.20 10.80 0.64 7.50 1.40
3987 1981 122 15790.00 2.70 9.20 0.71 7.50 2.50
3987 1981 123 17840.00 -0.10 10.80 0.57 5.30 0.10
3987 1981 124 13230.00 0.60 12.20 0.68 4.00 0.00
3987 1981 125 8350.00 5.20 13.10 0.86 2.40 2.00
3987 1981 126 15770.00 3.70 16.10 0.82 4.30 0.00
3987 1981 127 18330.00 6.80 18.60 1.04 2.90 0.00
3987 1981 128 24570.00 7.10 22.00 0.92 6.10 0.00
3987 1981 129 21520.00 9.90 24.90 1.29 6.60 0.00
3987 1981 130 22900.00 12.60 26.90 1.30 7.40 0.00
3987 1981 131 22460.00 13.20 25.80 1.33 7.90 0.00
3987 1981 132 21980.00 13.60 26.90 1.41 5.30 0.00
3987 1981 133 23420.00 14.10 27.80 1.34 5.60 0.00
3987 1981 134 22630.00 13.30 27.40 1.28 5.00 0.00
3987 1981 135 22030.00 11.80 24.70 1.19 4.10 0.00
3987 1981 136 19350.00 11.60 24.50 1.42 2.60 2.10
3987 1981 137 13970.00 11.40 21.70 1.44 3.80 3.00
3987 1981 138 18090.00 9.20 19.60 1.17 2.00 3.00
3987 1981 139 24590.00 8.00 25.20 1.17 3.00 0.00
3987 1981 140 25760.00 11.50 26.00 1.17 4.00 0.00
3987 1981 141 24980.00 12.30 27.20 1.14 5.00 0.00
3987 1981 142 22110.00 11.80 28.20 1.32 5.80 9.90
3987 1981 143 8480.00 11.50 17.50 1.41 3.50 0.20
3987 1981 144 9140.00 9.20 19.10 1.34 4.70 1.90
3987 1981 145 15980.00 7.60 20.30 1.13 4.60 0.00
3987 1981 146 9570.00 11.50 17.30 1.29 1.90 2.70
3987 1981 147 4000.00 11.80 17.40 1.40 6.50 1.30
3987 1981 148 20690.00 8.40 19.40 1.11 4.30 0.00
3987 1981 149 12440.00 9.00 18.80 1.18 2.30 0.00
3987 1981 150 15480.00 10.20 21.30 1.37 1.90 0.10
3987 1981 151 19710.00 13.10 26.60 1.50 2.10 0.00
3987 1981 152 22910.00 14.10 29.40 1.73 3.10 0.00
3987 1981 153 23570.00 16.10 31.10 1.78 2.70 2.00
3987 1981 154 14890.00 18.20 28.20 2.02 4.60 18.40
3987 1981 155 8600.00 15.00 22.20 1.66 5.20 0.00
3987 1981 156 24040.00 12.10 22.50 1.27 4.80 0.00
3987 1981 157 17820.00 12.70 23.50 1.57 4.30 5.70
3987 1981 158 27290.00 12.60 23.90 1.47 4.10 0.10
3987 1981 159 18770.00 14.70 26.50 1.67 4.40 1.10
3987 1981 160 15430.00 16.70 25.40 1.91 4.60 0.80
3987 1981 161 20960.00 13.30 22.20 1.25 6.00 0.00
3987 1981 162 21320.00 9.80 23.60 1.16 3.50 0.90
3987 1981 163 13490.00 15.20 21.80 1.37 6.60 1.40
3987 1981 164 27780.00 6.40 17.80 0.86 6.40 0.00
3987 1981 165 6250.00 11.40 21.00 1.40 7.40 0.00
3987 1981 166 11100.00 13.00 21.10 1.60 4.80 6.10
3987 1981 167 17130.00 11.40 18.50 1.12 8.10 3.30
3987 1981 168 15560.00 8.10 15.80 1.00 6.50 3.10
3987 1981 169 7520.00 9.60 14.40 1.28 4.00 16.30
3987 1981 170 10340.00 8.70 13.80 1.12 6.70 0.00
3987 1981 171 9430.00 9.30 13.90 1.05 3.70 1.80
3987 1981 172 18990.00 8.40 16.40 1.02 2.20 0.20
3987 1981 173 12320.00 7.60 19.50 1.24 2.90 0.00
3987 1981 174 21300.00 10.70 22.30 1.26 3.80 0.00
3987 1981 175 6610.00 12.00 18.70 1.28 1.30 0.10
3987 1981 176 7370.00 11.60 16.30 1.41 2.70 0.00
3987 1981 177 26010.00 10.80 24.40 1.33 2.80 0.00
3987 1981 178 21310.00 14.30 25.30 1.66 2.30 1.50
3987 1981 179 25110.00 14.40 29.70 1.53 4.30 0.00
3987 1981 180 22090.00 15.30 26.10 1.50 8.80 5.40
3987 1981 181 9940.00 8.60 15.80 1.11 10.40 2.50
3987 1981 182 8960.00 12.10 19.10 1.35 5.80 0.00
3987 1981 183 17000.00 13.80 23.40 1.45 3.20 0.50
3987 1981 184 14750.00 14.30 22.80 1.58 5.70 7.80
3987 1981 185 22960.00 11.70 19.70 1.28 5.90 0.50
3987 1981 186 20960.00 10.10 22.90 1.35 2.50 0.00
3987 1981 187 17560.00 14.10 25.30 1.57 2.40 1.00
3987 1981 188 22350.00 15.10 26.20 1.75 1.60 0.00
3987 1981 189 24330.00 15.20 28.20 1.76 2.10 0.00
3987 1981 190 23040.00 16.60 28.80 1.71 3.60 0.00
3987 1981 191 25960.00 16.60 30.00 1.64 3.90 0.00
3987 1981 192 21330.00 17.10 30.60 1.76 3.40 1.30
3987 1981 193 13130.00 18.00 26.10 1.72 3.70 0.00
3987 1981 194 13720.00 14.50 21.70 1.48 2.00 0.00
3987 1981 195 15500.00 14.60 21.90 1.45 3.80 1.10
3987 1981 196 12610.00 13.90 19.00 1.38 5.50 0.80
3987 1981 197 11960.00 10.50 20.40 1.43 4.20 3.80
3987 1981 198 20980.00 14.40 22.00 1.36 5.40 0.00
3987 1981 199 5600.00 11.00 18.40 1.26 2.30 2.30
3987 1981 200 13090.00 11.70 19.90 1.27 4.00 0.00
3987 1981 201 10330.00 11.70 19.70 1.16 6.10 0.00
3987 1981 202 13200.00 12.10 18.60 1.40 4.50 0.70
3987 1981 203 21640.00 14.20 23.40 1.46 4.50 0.00
3987 1981 204 18270.00 13.90 26.20 1.67 4.00 14.70
3987 1981 205 19330.00 15.00 22.20 1.34 4.90 12.30
3987 1981 206 13610.00 12.10 18.90 1.43 4.00 5.90
3987 1981 207 10030.00 12.30 16.70 1.33 6.00 41.90
3987 1981 208 3770.00 11.90 13.90 1.35 8.90 11.00
3987 1981 209 9420.00 12.60 16.60 1.42 4.30 0.00
3987 1981 210 10020.00 13.60 19.70 1.60 3.40 0.20
3987 1981 211 11970.00 12.40 17.90 1.24 6.80 0.00
3987 1981 212 21010.00 12.00 22.00 1.21 3.40 0.00
3987 1981 213 10320.00 12.80 23.70 1.66 4.40 2.20
3987 1981 214 9740.00 13.30 21.20 1.61 2.40 4.70
3987 1981 215 20150.00 13.10 23.40 1.49 2.20 0.00
3987 1981 216 25030.00 13.20 26.30 1.65 1.90 0.00
3987 1981 217 24990.00 14.50 28.50 1.60 3.90 0.00
3987 1981 218 23640.00 15.20 29.90 1.62 3.50 0.00
3987 1981 219 21980.00 16.80 31.80 1.82 4.00 0.00
3987 1981 220 16190.00 17.20 26.50 1.93 3.80 0.00
3987 1981 221 4660.00 17.50 23.60 2.05 2.40 0.00
3987 1981 222 6060.00 16.30 20.70 1.76 4.20 11.50
3987 1981 223 6790.00 15.40 21.70 1.76 2.70 0.20
3987 1981 224 21890.00 11.20 24.40 1.47 2.60 0.00
3987 1981 225 19930.00 13.20 24.70 1.61 2.00 0.00
3987 1981 226 13600.00 15.50 26.40 1.77 2.60 0.00
3987 1981 227 13680.00 16.10 25.00 1.88 2.70 0.00
3987 1981 228 18590.00 15.00 22.60 1.51 7.20 0.30
3987 1981 229 13500.00 10.20 16.10 1.10 7.00 0.30
3987 1981 230 14740.00 10.60 19.50 1.12 5.10 3.50
3987 1981 231 7990.00 12.60 16.70 1.32 4.40 3.10
3987 1981 232 3450.00 12.40 15.10 1.37 6.30 8.10
3987 1981 233 9580.00 11.70 15.60 1.22 9.80 11.50
3987 1981 234 8880.00 10.30 16.10 1.20 5.90 6.00
3987 1981 235 9770.00 10.30 16.60 1.23 6.60 3.20
3987 1981 236 18760.00 12.10 20.10 1.20 5.40 0.00
3987 1981 237 5430.00 10.50 17.10 1.31 6.10 0.90
3987 1981 238 13250.00 12.00 20.10 1.38 7.30 0.00
3987 1981 239 17270.00 12.40 18.10 1.14 7.70 0.00
3987 1981 240 18810.00 8.10 19.20 0.98 5.60 0.00
3987 1981 241 16580.00 8.40 19.80 1.05 4.90 0.00
3987 1981 242 16470.00 8.10 17.60 1.11 2.60 0.00
3987 1981 243 19150.00 8.50 19.80 1.07 2.30 0.00
3987 1981 244 12350.00 10.70 20.40 1.14 2.50 0.00
3987 1981 245 12810.00 6.80 17.40 1.06 1.80 0.00
3987 1981 246 15840.00 7.80 19.60 1.08 3.00 0.00
3987 1981 247 18060.00 8.40 20.60 1.08 1.50 0.00
3987 1981 248 18340.00 10.00 21.90 1.03 0.90 0.00
3987 1981 249 17880.00 10.40 23.00 1.09 1.80 0.00
3987 1981 250 17370.00 10.80 24.40 1.16 3.70 0.00
3987 1981 251 12200.00 11.90 25.50 1.46 3.00 0.20
3987 1981 252 10260.00 15.00 22.30 1.71 2.40 0.00
3987 1981 253 7420.00 13.90 21.40 1.62 1.90 0.10
3987 1981 254 6830.00 13.40 18.90 1.51 2.60 0.00
3987 1981 255 12120.00 13.50 21.70 1.42 3.60 0.50
3987 1981 256 13200.00 12.20 20.40 1.25 4.90 0.00
3987 1981 257 14130.00 8.10 17.10 1.10 3.50 1.40
3987 1981 258 7600.00 8.30 16.50 1.15 1.90 0.00
3987 1981 259 2830.00 7.10 12.30 1.04 4.10 0.70
3987 1981 260 16330.00 6.40 16.90 0.90 4.00 0.00
3987 1981 261 16400.00 4.90 18.30 0.81 5.30 0.50
3987 1981 262 9040.00 8.80 18.60 1.17 5.00 0.80
3987 1981 263 4940.00 9.20 20.10 1.38 5.90 0.00
3987 1981 264 6170.00 16.90 23.40 1.66 5.80 0.00
3987 1981 265 10600.00 14.20 26.90 1.72 4.20 5.00
3987 1981 266 9759.36 11.80 20.80 1.39 4.00 9.90
3987 1981 267 14640.00 6.60 18.50 1.10 4.30 0.00
3987 1981 268 10880.00 8.80 19.20 1.18 4.00 0.00
3987 1981 269 13930.00 9.50 23.30 1.29 5.10 0.00
3987 1981 270 9750.00 13.90 22.10 1.47 4.10 0.00
3987 1981 271 1670.00 11.90 15.90 1.36 3.00 34.30
3987 1981 272 1040.00 10.80 14.60 1.25 5.10 6.60
3987 1981 273 12710.00 8.70 17.80 1.13 1.90 0.00
3987 1981 274 5870.00 9.10 18.30 1.29 4.40 0.00
3987 1981 275 9000.00 11.00 19.20 1.37 4.20 0.00
3987 1981 276 9200.00 10.10 17.60 1.20 5.20 2.60
3987 1981 277 9910.00 7.70 14.80 1.01 8.30 0.00
3987 1981 278 7220.00 9.80 17.20 1.27 6.00 0.20
3987 1981 279 6840.00 8.20 20.70 1.44 5.30 0.20
3987 1981 280 8340.00 13.10 18.90 1.16 9.10 0.50
3987 1981 281 7550.00 8.30 15.40 1.05 7.00 0.00
3987 1981 282 9620.00 9.00 18.90 1.17 5.80 4.40
3987 1981 283 5080.00 9.00 15.70 0.97 7.90 3.10
3987 1981 284 4670.00 6.60 10.70 0.94 9.10 1.10
3987 1981 285 8160.00 6.40 11.20 0.84 7.10 0.50
3987 1981 286 4480.00 4.70 9.40 0.89 8.40 18.50
3987 1981 287 6090.00 3.40 9.50 0.78 7.70 0.10
3987 1981 288 6230.00 1.30 8.40 0.75 1.70 0.00
3987 1981 289 9730.00 1.10 11.60 0.74 4.20 0.00
3987 1981 290 9370.00 0.90 11.40 0.69 2.60 5.60
3987 1981 291 650.00 5.30 7.30 0.90 4.80 6.40
3987 1981 292 1410.00 5.00 7.60 0.90 2.60 5.20
3987 1981 293 2890.00 7.00 12.70 1.12 8.00 4.60
3987 1981 294 3410.00 4.00 12.80 0.89 2.50 0.40
3987 1981 295 4850.00 4.40 9.60 0.88 1.30 8.30
3987 1981 296 4810.00 4.30 8.30 0.83 2.80 0.10
3987 1981 297 5010.00 1.70 8.00 0.78 2.10 0.00
3987 1981 298 7230.00 0.50 8.50 0.70 4.60 0.00
3987 1981 299 6500.00 1.80 10.10 0.77 2.90 0.00
3987 1981 300 3240.00 2.60 8.90 0.85 1.30 15.70
3987 1981 301 2030.00 4.30 8.40 0.87 5.80 2.90
3987 1981 302 2210.00 2.60 10.70 0.95 7.30 6.40
3987 1981 303 3300.00 3.60 9.60 0.87 6.40 3.70
3987 1981 304 3240.00 3.90 13.90 0.92 10.90 4.40
3987 1981 305 4450.00 5.90 11.50 0.91 7.50 1.50
3987 1981 306 1130.00 8.90 14.90 1.15 11.30 0.00
3987 1981 307 5470.00 4.80 12.10 0.91 3.50 0.00
3987 1981 308 2740.00 7.20 12.40 1.07 5.30 0.80
3987 1981 309 4100.00 3.90 10.40 0.80 10.10 1.50
3987 1981 310 7250.00 2.40 8.80 0.67 8.20 0.30
3987 1981 311 5790.00 -0.70 4.30 0.54 4.80 0.00
3987 1981 312 5750.00 -1.10 4.90 0.57 4.50 0.20
3987 1981 313 1450.00 -0.30 3.40 0.57 2.40 0.00
3987 1981 314 1840.00 -2.60 2.20 0.55 1.90 1.10
3987 1981 315 1040.00 -2.30 4.70 0.64 5.50 6.70
3987 1981 316 820.00 1.50 6.00 0.78 4.60 1.40
3987 1981 317 3700.00 3.50 8.00 0.83 5.40 5.60
3987 1981 318 5080.00 1.30 5.60 0.64 6.30 2.20
3987 1981 319 4470.00 0.50 4.90 0.57 2.50 0.00
3987 1981 320 2590.00 -0.90 4.20 0.61 1.80 0.00
3987 1981 321 4860.00 -2.90 4.30 0.51 4.80 0.00
3987 1981 322 2850.00 0.90 7.30 0.74 4.40 1.80
3987 1981 323 2800.00 3.60 10.30 0.92 5.10 0.40
3987 1981 324 1390.00 -1.10 13.60 0.91 7.20 6.10
3987 1981 325 1190.00 6.90 15.30 0.87 8.40 1.70
3987 1981 326 820.00 6.10 12.20 1.09 6.80 1.50
3987 1981 327 3690.00 9.80 12.90 1.05 6.30 0.20
3987 1981 328 2550.00 3.70 12.20 0.61 11.80 0.00
3987 1981 329 2010.00 2.00 5.50 0.55 11.50 0.00
3987 1981 330 2170.00 1.90 4.40 0.62 6.40 6.60
3987 1981 331 950.00 1.60 7.30 0.87 6.60 14.00
3987 1981 332 1600.00 3.10 6.30 0.76 4.50 0.80
3987 1981 333 2180.00 -1.30 3.40 0.58 2.90 2.70
3987 1981 334 1230.00 -0.50 3.30 0.64 4.60 0.20
3987 1981 335 850.00 -1.50 2.50 0.60 4.80 1.50
3987 1981 336 1230.00 0.90 3.50 0.63 3.80 0.50
3987 1981 337 2130.00 -0.80 2.70 0.57 4.70 18.00
3987 1981 338 540.00 1.30 6.50 0.76 8.50 9.60
3987 1981 339 1130.00 -0.10 3.20 0.54 9.00 1.50
3987 1981 340 1280.00 0.40 1.40 0.59 4.70 3.80
3987 1981 341 2640.00 -0.50 1.50 0.58 4.50 3.50
3987 1981 342 1510.00 -2.60 0.80 0.51 4.20 7.00
3987 1981 343 1959.73 -2.90 0.40 0.52 4.10 1.60
3987 1981 344 3190.00 -3.10 -0.20 0.46 5.20 0.00
3987 1981 345 1470.00 -6.50 -1.60 0.43 4.00 4.70
3987 1981 346 1740.00 -3.00 -0.70 0.45 5.40 0.50
3987 1981 347 2200.00 -9.60 -2.10 0.35 4.90 0.40
3987 1981 348 1870.00 -10.40 -3.50 0.30 4.40 3.30
3987 1981 349 3060.00 -9.10 -3.90 0.32 1.50 0.00
3987 1981 350 2360.00 -11.50 -7.60 0.26 0.30 0.30
3987 1981 351 1760.00 -10.50 -7.60 0.28 0.70 0.00
3987 1981 352 1920.00 -10.70 -7.70 0.28 4.80 2.10
3987 1981 353 1720.00 -8.30 -2.80 0.33 5.60 0.40
3987 1981 354 3140.00 -12.30 -6.20 0.26 3.50 0.20
3987 1981 355 3270.00 -13.90 -9.00 0.22 2.20 0.00
3987 1981 356 3140.00 -13.70 -1.70 0.33 4.00 1.60
3987 1981 357 1670.00 -6.00 -2.70 0.40 2.10 1.60
3987 1981 358 620.00 -3.30 -1.80 0.48 1.30 0.30
3987 1981 359 650.00 -3.40 -1.60 0.48 2.60 0.10
3987 1981 360 1210.00 -3.10 -0.20 0.51 3.50 0.30
3987 1981 361 950.00 -3.60 -1.80 0.43 1.90 0.00
3987 1981 362 3370.00 -7.90 -2.80 0.33 4.10 0.00
3987 1981 363 1490.00 -9.00 -0.60 0.41 4.80 0.00
3987 1981 364 3230.00 -0.60 5.50 0.60 5.20 1.20
3987 1981 365 1000.00 -0.30 5.40 0.71 6.50 9.60
