*---------------------------------------------------------------------------*
* Station name: Potsdam Saekularstation
* Year: 1927
* Author: Pedro Alencar                                   -999.000: NIL VALUE
* Source: DWD
* Comments: Gaps filled with interpolation and storical means
* Longitude: 13.0622, latitude: 52.3812, altitude: 82.0 m.
*
    * Column  Daily value
    * 1       station number
    * 2       year
    * 3       day
    * 4       irradiation                   (kJ m-2 d-1)
    * 5       minimum temperature           (degrees Celsius
    * 6       maximum temperature           (degrees Celsius)
    * 7       early morning vapour pressure (kPa)
    * 8       mean wind speed (height: 2 m) (m s-1)
    * 9       precipitation                 (mm d-1)
    *
** WCCDESCRIPTION=Potsdam, Germany
** WCCFORMAT=2
** WCCYEARNR=1927
*---------------------------------------------------------------------------*
   13.0622 52.3812 82.0 -0.18 -0.55
3987 1927 1 1541.51 3.10 5.30 0.71 8.60 0.00
3987 1927 2 1549.77 5.00 6.60 0.83 8.00 0.00
3987 1927 3 1566.41 4.00 6.40 0.68 4.20 0.00
3987 1927 4 1584.63 0.60 4.00 0.61 5.50 0.90
3987 1927 5 1980.30 -0.20 2.40 0.56 6.80 0.00
3987 1927 6 2549.09 -0.40 2.00 0.53 3.10 0.60
3987 1927 7 1632.81 0.00 3.80 0.69 4.20 2.60
3987 1927 8 1652.06 0.20 1.40 0.67 1.80 0.10
3987 1927 9 1666.24 1.30 5.10 0.73 5.50 3.50
3987 1927 10 1678.36 5.10 8.20 1.00 9.00 7.10
3987 1927 11 1702.16 5.80 7.90 0.93 7.30 5.20
3987 1927 12 1726.03 5.10 7.00 0.87 6.10 6.40
3987 1927 13 1796.16 1.80 5.80 0.77 4.00 1.60
3987 1927 14 2717.30 3.10 7.10 0.68 4.60 0.00
3987 1927 15 2895.25 0.70 5.90 0.61 5.10 0.00
3987 1927 16 4404.11 0.00 6.20 0.64 4.10 0.10
3987 1927 17 1860.97 -0.40 3.90 0.69 3.70 1.60
3987 1927 18 1889.53 0.60 3.00 0.68 2.60 7.50
3987 1927 19 1918.25 1.80 4.50 0.73 2.40 0.00
3987 1927 20 1954.73 -0.60 1.90 0.63 4.00 1.70
3987 1927 21 1989.99 -2.00 1.00 0.52 3.70 4.00
3987 1927 22 2071.61 -2.70 0.70 0.53 3.90 0.00
3987 1927 23 4105.83 -5.90 1.40 0.44 2.80 0.00
3987 1927 24 4068.95 -7.10 -3.20 0.40 2.00 0.00
3987 1927 25 2231.54 -3.80 0.00 0.51 3.80 0.00
3987 1927 26 5099.15 -4.30 2.20 0.41 5.20 0.00
3987 1927 27 2360.86 -3.00 2.30 0.51 5.30 0.00
3987 1927 28 6473.35 -0.80 6.80 0.57 6.90 0.00
3987 1927 29 4237.04 0.50 7.00 0.48 7.00 1.20
3987 1927 30 4245.76 0.80 6.70 0.61 6.00 0.40
3987 1927 31 2842.70 1.90 7.20 0.59 6.00 2.10
3987 1927 32 3723.69 1.30 5.70 0.67 5.10 1.00
3987 1927 33 3122.82 0.40 3.30 0.63 4.20 5.80
3987 1927 34 2555.73 0.40 3.40 0.64 4.00 0.00
3987 1927 35 2542.05 0.60 4.00 0.69 5.20 3.70
3987 1927 36 2821.61 2.20 4.20 0.71 7.20 1.30
3987 1927 37 2709.12 -1.00 2.30 0.57 2.40 0.10
3987 1927 38 3057.02 -1.40 1.20 0.49 2.40 0.00
3987 1927 39 5891.21 -3.30 1.00 0.40 3.70 0.00
3987 1927 40 7625.49 -5.80 2.70 0.39 2.70 0.00
3987 1927 41 2865.81 -5.60 -1.40 0.47 1.60 0.00
3987 1927 42 2920.36 -3.10 -1.80 0.48 1.50 0.00
3987 1927 43 2974.76 -3.00 -1.50 0.49 1.60 0.00
3987 1927 44 3032.36 -3.60 -2.20 0.49 2.00 0.00
3987 1927 45 3092.84 -4.80 -2.10 0.44 1.60 0.00
3987 1927 46 3144.64 -3.50 -1.00 0.52 1.20 0.50
3987 1927 47 3188.75 -1.00 3.70 0.69 5.00 0.70
3987 1927 48 8063.16 0.30 5.30 0.56 7.50 0.00
3987 1927 49 6185.61 -4.80 0.80 0.32 4.10 0.20
3987 1927 50 4572.93 -6.50 -1.30 0.39 2.10 1.00
3987 1927 51 9049.98 -9.50 -0.20 0.29 3.20 0.00
3987 1927 52 8879.93 -8.00 2.60 0.27 5.00 0.00
3987 1927 53 9252.81 -5.00 6.40 0.40 5.20 0.00
3987 1927 54 8355.06 -1.00 7.80 0.40 5.30 0.00
3987 1927 55 7017.01 1.00 8.90 0.60 3.90 0.00
3987 1927 56 8400.19 0.30 12.80 0.64 4.80 1.90
3987 1927 57 4318.82 4.90 11.80 0.81 5.20 0.00
3987 1927 58 4692.27 3.60 10.70 0.89 5.30 3.20
3987 1927 59 4611.09 5.50 11.00 0.87 4.80 0.00
3987 1927 60 7395.01 6.40 16.30 0.95 4.00 0.10
3987 1927 61 5064.92 6.80 11.90 0.88 4.30 0.00
3987 1927 62 5156.70 5.70 10.80 0.80 6.60 5.00
3987 1927 63 6260.81 5.10 10.50 0.77 6.30 0.00
3987 1927 64 9107.72 4.90 15.40 0.73 4.40 0.00
3987 1927 65 7968.68 4.10 13.00 0.73 5.10 0.00
3987 1927 66 9146.10 2.50 11.10 0.64 5.00 0.00
3987 1927 67 5987.52 4.70 9.50 0.76 4.90 2.20
3987 1927 68 6179.78 2.50 7.30 0.75 4.80 3.50
3987 1927 69 9871.04 0.50 8.30 0.67 2.40 0.00
3987 1927 70 7544.98 1.70 8.90 0.68 2.40 0.20
3987 1927 71 8842.85 -0.10 10.10 0.67 2.90 0.00
3987 1927 72 4904.34 1.70 3.50 0.59 6.60 0.00
3987 1927 73 12915.37 1.40 8.10 0.51 7.10 0.00
3987 1927 74 14798.82 -2.40 9.80 0.59 2.70 0.00
3987 1927 75 11394.02 2.60 12.30 0.64 2.20 0.00
3987 1927 76 15073.10 -0.60 14.40 0.64 3.00 0.00
3987 1927 77 14842.17 1.70 17.20 0.67 3.10 0.00
3987 1927 78 9933.95 5.60 15.50 0.92 4.80 0.00
3987 1927 79 5479.95 8.20 13.00 1.01 4.70 0.00
3987 1927 80 14094.97 4.60 17.40 0.93 3.70 0.00
3987 1927 81 15027.31 5.70 21.10 0.87 4.90 0.00
3987 1927 82 6920.26 9.00 15.30 1.13 4.10 0.00
3987 1927 83 6190.44 4.90 11.40 0.95 4.40 1.00
3987 1927 84 7805.96 5.10 8.90 0.91 3.80 10.70
3987 1927 85 9433.57 4.80 10.90 0.83 5.50 2.00
3987 1927 86 13660.08 4.50 13.80 0.72 4.20 0.10
3987 1927 87 6226.80 5.70 9.10 0.83 3.20 0.00
3987 1927 88 6823.99 2.90 6.30 0.73 4.20 0.00
3987 1927 89 10917.40 1.40 13.60 0.71 3.40 0.00
3987 1927 90 11739.57 2.40 11.00 0.77 3.60 0.00
3987 1927 91 12461.34 3.60 10.30 0.77 2.90 0.40
3987 1927 92 8357.54 1.10 7.90 0.65 2.20 0.00
3987 1927 93 10694.33 -0.40 8.80 0.73 2.80 2.60
3987 1927 94 12844.35 1.40 9.30 0.60 2.80 0.00
3987 1927 95 10047.23 0.30 9.40 0.80 3.50 1.10
3987 1927 96 6724.37 5.00 8.70 0.96 4.70 18.70
3987 1927 97 11050.22 5.40 12.40 0.80 5.20 6.50
3987 1927 98 12727.22 5.60 11.40 0.75 7.20 0.30
3987 1927 99 15053.36 1.50 12.10 0.80 3.10 2.00
3987 1927 100 15019.08 2.10 15.30 0.83 4.00 7.90
3987 1927 101 9855.11 6.50 11.80 0.93 3.50 8.10
3987 1927 102 10311.04 2.40 7.70 0.68 8.20 6.90
3987 1927 103 15000.44 2.00 10.30 0.71 6.40 2.70
3987 1927 104 7314.59 4.80 8.90 0.97 6.20 10.10
3987 1927 105 7833.80 4.20 8.60 0.89 3.00 2.40
3987 1927 106 14481.18 1.90 8.70 0.60 7.50 1.70
3987 1927 107 17186.48 -0.10 11.70 0.59 4.80 0.50
3987 1927 108 7594.35 5.90 10.50 0.99 4.70 0.00
3987 1927 109 15911.12 2.10 15.00 1.01 3.40 4.80
3987 1927 110 15289.14 7.90 19.40 1.04 6.20 0.50
3987 1927 111 7901.10 8.20 11.00 0.97 9.00 5.50
3987 1927 112 16496.15 5.20 20.40 1.05 5.80 0.00
3987 1927 113 15461.13 6.40 15.10 0.91 8.30 2.00
3987 1927 114 10641.66 2.90 10.00 0.69 6.30 3.00
3987 1927 115 11388.80 1.00 8.60 0.81 5.10 12.60
3987 1927 116 18168.16 3.90 10.90 0.69 10.20 1.40
3987 1927 117 18629.21 2.10 11.10 0.64 5.90 1.30
3987 1927 118 17431.71 0.60 12.50 0.72 4.60 0.30
3987 1927 119 11390.48 2.50 15.60 0.92 4.30 0.50
3987 1927 120 13929.80 5.10 10.10 0.69 2.80 0.00
3987 1927 121 22276.77 0.70 13.80 0.59 3.60 0.00
3987 1927 122 21642.96 2.30 16.00 0.63 4.60 0.00
3987 1927 123 21123.80 5.10 18.40 0.99 5.40 0.00
3987 1927 124 11807.15 7.10 18.90 1.19 5.00 0.00
3987 1927 125 20581.15 10.00 23.70 1.35 3.10 0.00
3987 1927 126 17894.30 10.90 24.80 1.29 3.80 0.00
3987 1927 127 23781.34 9.60 17.70 0.96 5.30 0.00
3987 1927 128 26040.07 4.20 21.00 0.79 4.10 0.00
3987 1927 129 25712.96 7.40 23.30 1.08 2.40 0.00
3987 1927 130 23232.28 6.60 15.30 0.59 5.40 0.00
3987 1927 131 20553.95 1.30 11.20 0.59 4.50 0.00
3987 1927 132 9585.32 3.30 6.20 0.67 6.80 5.80
3987 1927 133 20660.91 1.80 8.30 0.63 5.60 1.50
3987 1927 134 20190.57 -0.50 10.40 0.64 4.20 3.90
3987 1927 135 9209.80 2.70 10.90 1.03 5.30 3.70
3987 1927 136 12146.31 8.20 19.20 1.13 4.00 0.00
3987 1927 137 15384.14 9.60 22.90 1.29 5.30 4.70
3987 1927 138 24478.11 6.50 15.80 0.79 6.60 0.00
3987 1927 139 25138.27 2.80 16.20 0.76 2.40 0.00
3987 1927 140 24138.13 5.70 14.90 0.80 3.80 0.00
3987 1927 141 16462.03 6.20 20.10 1.01 4.50 2.30
3987 1927 142 17068.04 8.40 14.00 1.07 5.10 5.20
3987 1927 143 9917.54 7.10 11.10 0.93 6.50 3.90
3987 1927 144 9833.66 5.40 9.40 0.93 5.90 7.80
3987 1927 145 13598.63 6.30 12.60 0.83 7.40 0.10
3987 1927 146 15690.86 5.70 13.50 0.88 6.30 1.30
3987 1927 147 15536.57 5.50 11.20 0.84 5.10 2.00
3987 1927 148 22449.19 3.50 13.10 0.84 4.60 0.00
3987 1927 149 19529.31 4.40 15.70 0.84 4.40 0.00
3987 1927 150 14794.94 7.30 18.50 1.03 3.20 0.00
3987 1927 151 15547.28 9.80 29.00 1.69 3.90 19.60
3987 1927 152 19567.03 15.10 32.30 2.11 3.60 0.10
3987 1927 153 20402.69 14.90 25.50 1.39 3.20 1.00
3987 1927 154 26413.28 13.30 27.30 1.52 4.00 0.00
3987 1927 155 9875.18 11.60 17.80 1.36 3.10 3.70
3987 1927 156 13538.25 10.00 16.70 1.12 3.40 0.10
3987 1927 157 14918.29 6.30 17.80 1.12 4.40 4.30
3987 1927 158 16782.59 7.40 15.50 1.03 7.00 2.50
3987 1927 159 12652.40 9.30 16.80 1.17 6.30 6.50
3987 1927 160 19725.44 6.10 17.10 1.03 5.10 5.40
3987 1927 161 27753.38 5.70 16.30 0.79 4.30 0.00
3987 1927 162 20399.66 8.10 21.00 1.08 4.00 14.00
3987 1927 163 11137.91 6.80 13.90 1.16 4.10 0.20
3987 1927 164 10974.43 7.50 16.80 1.29 2.80 0.00
3987 1927 165 18908.27 12.70 22.40 1.37 2.20 0.00
3987 1927 166 11032.43 10.30 16.90 1.27 3.90 0.30
3987 1927 167 25779.81 7.00 20.40 1.12 2.60 0.00
3987 1927 168 27733.92 8.60 28.50 1.36 5.20 25.60
3987 1927 169 11603.47 13.90 21.00 1.64 4.80 1.00
3987 1927 170 17195.74 10.90 19.10 1.31 5.50 4.60
3987 1927 171 15042.68 10.60 17.40 1.11 7.60 1.70
3987 1927 172 27520.16 9.70 22.70 1.25 5.50 0.00
3987 1927 173 17349.72 10.90 18.00 1.20 6.30 0.30
3987 1927 174 24740.83 6.00 20.10 1.03 3.80 0.80
3987 1927 175 15746.13 7.80 16.90 1.03 4.90 1.50
3987 1927 176 15669.72 10.20 15.00 1.05 6.30 0.80
3987 1927 177 10015.82 7.80 18.40 1.27 5.00 2.30
3987 1927 178 10075.72 9.70 17.70 1.20 2.60 14.80
3987 1927 179 16105.14 9.00 18.40 1.17 3.30 0.70
3987 1927 180 23532.80 9.00 21.00 1.13 4.00 0.00
3987 1927 181 26719.99 11.70 26.50 1.44 3.70 0.00
3987 1927 182 23224.45 14.00 30.30 1.63 5.70 9.50
3987 1927 183 21890.14 11.00 21.10 1.32 5.50 1.70
3987 1927 184 16209.94 12.30 19.70 1.36 5.30 0.00
3987 1927 185 13282.21 13.60 20.90 1.48 3.60 0.00
3987 1927 186 28414.57 12.60 26.50 1.52 2.10 0.00
3987 1927 187 24699.04 14.30 29.50 1.69 3.40 0.00
3987 1927 188 20152.33 16.80 29.80 1.77 3.70 0.00
3987 1927 189 16995.20 17.40 29.60 1.73 5.00 0.00
3987 1927 190 11947.05 15.90 27.20 1.85 5.30 83.10
3987 1927 191 13137.98 14.50 20.70 1.69 4.00 0.00
3987 1927 192 15069.75 15.20 26.00 2.01 3.90 0.00
3987 1927 193 16355.99 16.90 27.00 1.92 2.80 0.00
3987 1927 194 17147.29 15.60 26.50 2.00 2.80 0.00
3987 1927 195 9652.24 17.50 20.40 1.87 2.10 17.10
3987 1927 196 17446.25 16.80 24.50 2.00 2.30 0.00
3987 1927 197 12669.98 17.00 23.20 2.01 2.40 0.90
3987 1927 198 13719.50 15.40 23.70 1.81 1.70 21.50
3987 1927 199 11688.71 15.90 20.20 1.81 3.40 5.50
3987 1927 200 11190.50 13.70 18.20 1.56 5.50 3.10
3987 1927 201 9725.67 12.30 18.50 1.40 5.10 1.00
3987 1927 202 22805.77 10.50 23.40 1.44 3.30 1.00
3987 1927 203 12201.27 14.60 23.40 1.83 3.70 1.30
3987 1927 204 25168.87 13.50 22.60 1.44 5.10 0.00
3987 1927 205 16661.41 14.00 19.70 1.48 7.10 13.60
3987 1927 206 15784.76 13.10 20.40 1.44 5.70 0.60
3987 1927 207 26192.20 11.20 26.70 1.36 3.00 0.00
3987 1927 208 23835.77 14.50 29.20 1.49 4.00 0.00
3987 1927 209 12149.86 17.10 23.80 1.85 2.60 5.90
3987 1927 210 17353.54 13.90 24.80 1.64 2.40 0.00
3987 1927 211 22034.18 15.70 26.00 1.61 2.30 0.00
3987 1927 212 22256.73 15.00 28.20 1.81 2.70 0.00
3987 1927 213 22180.45 16.40 28.70 1.88 3.40 0.00
3987 1927 214 12212.99 17.90 24.70 1.92 4.40 0.30
3987 1927 215 9886.63 13.50 20.70 1.52 2.50 0.00
3987 1927 216 23081.66 12.10 24.50 1.61 2.50 0.00
3987 1927 217 19879.30 13.00 25.20 1.60 3.00 0.00
3987 1927 218 21014.89 14.30 26.50 1.65 3.90 0.00
3987 1927 219 16652.56 15.00 28.60 1.76 4.70 0.00
3987 1927 220 17444.38 18.20 30.80 2.11 4.10 4.70
3987 1927 221 10296.63 18.60 24.40 2.07 4.00 0.30
3987 1927 222 18091.67 16.10 25.10 1.68 4.00 0.00
3987 1927 223 18134.70 14.40 25.30 1.56 3.20 22.00
3987 1927 224 11428.39 13.00 17.90 1.52 4.40 6.30
3987 1927 225 14282.27 10.80 20.40 1.52 3.80 2.70
3987 1927 226 14281.23 14.40 21.40 1.61 4.50 4.40
3987 1927 227 10172.27 14.20 19.80 1.51 5.20 1.70
3987 1927 228 10015.14 12.20 17.20 1.53 5.50 5.30
3987 1927 229 12737.17 12.90 20.00 1.41 6.40 0.00
3987 1927 230 14070.58 9.70 19.40 1.48 3.30 19.40
3987 1927 231 8568.36 14.90 18.30 1.60 3.70 5.30
3987 1927 232 13708.65 11.60 19.30 1.39 5.60 3.00
3987 1927 233 8648.52 12.10 18.50 1.65 5.30 8.30
3987 1927 234 20368.68 13.00 21.60 1.48 5.50 0.00
3987 1927 235 13299.51 14.10 20.20 1.40 6.00 0.00
3987 1927 236 11149.45 10.50 20.20 1.49 2.60 3.40
3987 1927 237 7527.80 11.70 15.50 1.44 3.50 54.50
3987 1927 238 9498.42 11.30 15.80 1.37 6.60 0.50
3987 1927 239 12944.53 10.40 19.30 1.43 4.90 0.30
3987 1927 240 19184.69 14.00 23.10 1.48 3.50 0.00
3987 1927 241 20622.30 11.30 25.00 1.45 3.70 0.00
3987 1927 242 20802.64 12.50 25.80 1.61 3.30 0.00
3987 1927 243 20135.12 13.00 25.40 1.65 3.60 0.00
3987 1927 244 17005.55 13.70 24.10 1.45 4.90 0.00
3987 1927 245 19976.57 9.40 24.00 1.27 5.00 0.00
3987 1927 246 19605.49 11.40 25.10 1.28 5.70 0.00
3987 1927 247 19250.84 12.00 23.70 1.32 6.30 0.00
3987 1927 248 17856.10 12.70 24.70 1.48 5.60 0.00
3987 1927 249 18421.91 13.20 26.00 1.53 5.10 0.00
3987 1927 250 18167.17 13.10 27.60 1.53 5.20 0.00
3987 1927 251 7885.71 13.00 19.00 1.64 5.10 0.00
3987 1927 252 7603.45 11.40 18.30 1.32 6.90 0.50
3987 1927 253 10397.62 13.40 19.20 1.41 5.40 0.70
3987 1927 254 9546.09 10.20 18.40 1.28 5.90 1.60
3987 1927 255 7792.20 8.20 13.60 1.25 3.60 3.30
3987 1927 256 10343.14 7.20 15.20 1.11 7.10 0.40
3987 1927 257 7133.30 9.50 12.50 1.19 5.70 4.10
3987 1927 258 14160.09 7.40 16.40 1.03 3.80 0.00
3987 1927 259 8247.22 9.40 22.80 1.41 4.70 0.00
3987 1927 260 6760.59 12.60 17.70 1.40 5.30 0.00
3987 1927 261 7367.44 8.30 13.30 1.09 7.10 4.40
3987 1927 262 11003.79 7.80 16.30 1.08 6.80 9.20
3987 1927 263 12088.61 11.00 17.50 1.28 9.20 2.10
3987 1927 264 5682.61 11.30 19.60 1.56 5.70 0.00
3987 1927 265 13151.87 14.90 24.90 1.81 5.40 2.10
3987 1927 266 8612.30 11.30 19.80 1.19 5.70 0.40
3987 1927 267 5565.03 9.30 15.40 1.27 5.50 4.70
3987 1927 268 5405.87 10.60 13.70 1.21 3.20 1.00
3987 1927 269 13695.83 8.70 16.80 1.04 6.60 0.00
3987 1927 270 12180.99 6.40 16.30 1.04 4.10 0.00
3987 1927 271 12479.37 5.20 15.60 0.99 3.50 0.00
3987 1927 272 12917.37 6.20 18.20 1.07 4.10 0.00
3987 1927 273 9106.11 5.90 18.00 1.13 4.20 0.10
3987 1927 274 13569.26 5.70 15.70 0.93 5.20 0.00
3987 1927 275 6857.60 8.90 17.50 1.16 6.40 1.20
3987 1927 276 11460.28 7.00 15.10 0.93 8.30 0.40
3987 1927 277 8196.32 4.90 11.30 0.84 7.80 0.60
3987 1927 278 6305.42 5.60 13.40 0.91 6.10 1.80
3987 1927 279 6447.36 4.40 12.40 0.93 4.50 4.70
3987 1927 280 4508.99 8.20 12.10 1.17 4.90 3.90
3987 1927 281 6818.09 5.50 12.10 0.95 3.20 0.00
3987 1927 282 12282.73 4.00 14.70 0.91 2.30 0.00
3987 1927 283 12251.35 4.00 16.30 0.95 1.80 0.00
3987 1927 284 11729.91 6.30 16.50 1.00 2.70 0.00
3987 1927 285 7268.32 7.00 13.00 0.92 2.60 0.10
3987 1927 286 4917.62 5.60 12.90 0.81 3.20 0.00
3987 1927 287 6032.08 2.50 11.90 0.89 3.10 0.20
3987 1927 288 6903.64 4.30 11.50 0.80 3.30 0.00
3987 1927 289 4767.07 4.30 10.20 0.81 3.20 0.60
3987 1927 290 3676.04 4.40 9.50 0.99 6.40 2.90
3987 1927 291 5597.22 7.90 11.40 0.85 7.30 0.10
3987 1927 292 9095.85 4.00 12.80 0.79 5.10 0.00
3987 1927 293 7235.91 6.00 12.50 0.88 6.20 0.00
3987 1927 294 4191.68 1.60 9.60 0.77 2.70 0.00
3987 1927 295 3372.84 -1.00 7.20 0.84 4.30 2.00
3987 1927 296 3365.56 6.90 10.50 1.01 4.70 1.00
3987 1927 297 3312.24 5.40 9.20 0.91 6.80 2.00
3987 1927 298 3499.42 4.30 12.20 1.04 6.00 3.40
3987 1927 299 4060.38 11.20 17.10 1.35 6.70 0.80
3987 1927 300 4178.15 13.40 18.30 1.32 7.40 0.00
3987 1927 301 2987.55 12.50 14.90 1.36 6.20 0.40
3987 1927 302 6845.88 10.00 15.90 1.01 9.20 0.00
3987 1927 303 7630.71 5.40 15.90 0.93 4.70 0.00
3987 1927 304 7073.50 5.30 17.70 1.07 5.50 0.00
3987 1927 305 7480.59 6.50 13.70 0.99 7.30 0.00
3987 1927 306 2732.20 6.40 12.50 1.15 5.40 7.80
3987 1927 307 2726.84 11.20 14.80 1.55 6.80 1.80
3987 1927 308 3028.94 11.20 14.90 1.20 7.80 0.40
3987 1927 309 3504.63 8.70 11.20 1.07 6.50 3.00
3987 1927 310 2540.03 7.50 9.40 0.87 7.00 2.30
3987 1927 311 2496.37 7.00 8.90 0.84 5.80 0.20
3987 1927 312 2458.23 4.10 7.00 0.80 5.20 2.00
3987 1927 313 2418.12 3.20 4.30 0.77 3.30 4.70
3987 1927 314 2377.92 1.30 4.10 0.67 4.50 0.00
3987 1927 315 3468.00 -1.00 5.50 0.56 4.50 0.00
3987 1927 316 2296.59 -0.70 3.10 0.60 2.90 0.00
3987 1927 317 6216.92 -2.60 3.40 0.41 3.50 0.00
3987 1927 318 2375.67 -3.20 2.00 0.47 4.40 0.50
3987 1927 319 2177.64 -1.10 1.80 0.61 2.40 0.00
3987 1927 320 2144.04 -1.90 1.30 0.53 1.90 0.00
3987 1927 321 2107.48 -3.80 -0.20 0.52 2.50 0.00
3987 1927 322 2072.19 -1.70 -0.20 0.45 2.40 0.00
3987 1927 323 5543.71 -4.40 0.60 0.43 5.10 0.00
3987 1927 324 2011.32 -7.60 -2.80 0.36 7.80 0.00
3987 1927 325 1983.54 -7.20 -3.00 0.31 10.30 0.20
3987 1927 326 3924.86 -9.50 -5.30 0.27 10.10 0.40
3987 1927 327 1915.81 -6.80 -2.90 0.44 5.30 3.00
3987 1927 328 1880.67 -3.90 -0.30 0.52 4.80 2.60
3987 1927 329 1843.20 -1.00 3.90 0.72 6.00 1.20
3987 1927 330 1909.94 -1.50 5.20 0.69 4.00 0.00
3987 1927 331 1799.12 -2.80 -0.50 0.55 4.80 0.00
3987 1927 332 1772.85 -2.10 0.10 0.56 3.10 0.00
3987 1927 333 1747.29 -0.60 0.60 0.61 3.00 0.00
3987 1927 334 1812.43 -0.90 1.80 0.59 2.80 0.00
3987 1927 335 1701.73 -0.50 1.80 0.57 6.50 0.10
3987 1927 336 3212.29 -4.60 0.50 0.43 6.90 0.00
3987 1927 337 3705.64 -6.30 -1.70 0.39 6.10 0.00
3987 1927 338 4102.49 -7.00 -1.10 0.36 6.50 0.00
3987 1927 339 3503.58 -5.70 0.20 0.47 5.40 0.00
3987 1927 340 3256.06 -4.10 2.00 0.55 6.20 0.00
3987 1927 341 1641.32 -2.40 -0.40 0.47 9.60 0.00
3987 1927 342 4138.38 -5.70 0.10 0.40 6.70 0.00
3987 1927 343 1571.21 -4.60 -1.20 0.52 4.20 0.80
3987 1927 344 1558.44 -1.80 -1.10 0.55 2.60 1.50
3987 1927 345 1547.83 -2.10 -1.50 0.52 2.80 0.30
3987 1927 346 1540.13 -3.60 -1.90 0.47 2.10 0.00
3987 1927 347 1568.77 -3.10 -1.10 0.52 5.00 1.30
3987 1927 348 2577.71 -4.10 0.10 0.45 4.10 0.00
3987 1927 349 1519.99 -8.60 -3.90 0.36 2.90 0.00
3987 1927 350 1517.90 -8.50 -4.40 0.33 5.10 2.80
3987 1927 351 2283.79 -11.40 -6.70 0.31 4.00 0.80
3987 1927 352 1547.24 -8.50 -5.10 0.33 3.40 0.30
3987 1927 353 2281.78 -12.10 -4.40 0.28 3.60 0.50
3987 1927 354 4453.53 -16.90 -11.60 0.13 5.10 0.00
3987 1927 355 4326.92 -20.00 -11.10 0.15 6.30 3.10
3987 1927 356 1534.36 -12.90 -0.80 0.47 6.40 5.00
3987 1927 357 1601.28 -1.10 6.80 0.77 8.00 3.40
3987 1927 358 1488.66 1.40 7.70 0.72 7.30 0.10
3987 1927 359 1497.95 -1.00 1.40 0.49 3.90 0.00
3987 1927 360 2020.97 -0.70 3.50 0.65 4.90 1.90
3987 1927 361 3450.51 -3.80 1.20 0.40 5.50 0.00
3987 1927 362 3837.51 -6.10 -0.60 0.36 5.40 0.00
3987 1927 363 4441.31 -8.30 -3.30 0.24 6.20 0.00
3987 1927 364 3921.88 -10.50 -4.20 0.31 5.40 0.00
3987 1927 365 1542.88 -4.40 -1.60 0.45 5.00 0.00
