*---------------------------------------------------------------------------*
* Station name: Potsdam Saekularstation
* Year: 1993
* Author: Pedro Alencar                                   -999.000: NIL VALUE
* Source: DWD
* Comments: Gaps filled with interpolation and storical means
* Longitude: 13.0622, latitude: 52.3812, altitude: 82.0 m.
*
    * Column  Daily value
    * 1       station number
    * 2       year
    * 3       day
    * 4       irradiation                   (kJ m-2 d-1)
    * 5       minimum temperature           (degrees Celsius
    * 6       maximum temperature           (degrees Celsius)
    * 7       early morning vapour pressure (kPa)
    * 8       mean wind speed (height: 2 m) (m s-1)
    * 9       precipitation                 (mm d-1)
    *
** WCCDESCRIPTION=Potsdam, Germany
** WCCFORMAT=2
** WCCYEARNR=1993
*---------------------------------------------------------------------------*
   13.0622 52.3812 82.0 -0.18 -0.55
3987 1993 1 4510.00 -11.00 -2.90 0.32 2.00 0.00
3987 1993 2 4210.00 -12.20 -7.50 0.23 4.20 0.00
3987 1993 3 3730.00 -14.70 -9.70 0.18 4.20 0.00
3987 1993 4 3960.00 -15.80 -8.10 0.20 6.30 0.00
3987 1993 5 3770.00 -12.20 1.10 0.31 5.40 3.30
3987 1993 6 630.00 0.90 5.20 0.80 5.30 6.80
3987 1993 7 1490.00 0.30 6.20 0.74 4.20 0.90
3987 1993 8 1880.00 0.10 7.90 0.70 5.70 0.20
3987 1993 9 2600.00 -1.90 6.30 0.66 5.70 1.30
3987 1993 10 1360.00 6.20 9.90 0.98 6.20 0.90
3987 1993 11 1330.00 8.70 11.30 1.00 7.80 4.90
3987 1993 12 630.00 2.20 9.10 0.72 5.70 9.90
3987 1993 13 3250.00 1.30 6.80 0.69 6.30 1.70
3987 1993 14 2630.00 4.50 12.90 0.65 9.90 0.60
3987 1993 15 3380.00 -1.00 8.70 0.60 5.90 0.00
3987 1993 16 3840.00 8.50 12.10 0.93 7.60 0.00
3987 1993 17 4650.00 6.70 13.00 0.84 5.60 0.00
3987 1993 18 2820.00 1.80 9.40 0.64 5.80 0.00
3987 1993 19 2110.00 -0.60 6.10 0.64 6.30 0.60
3987 1993 20 920.00 4.20 9.50 0.96 6.20 0.60
3987 1993 21 3810.00 6.10 10.70 0.79 7.90 0.00
3987 1993 22 1510.00 4.10 13.80 0.89 10.50 0.90
3987 1993 23 1930.00 2.70 6.40 0.58 9.60 1.80
3987 1993 24 2360.00 3.50 11.50 0.77 12.40 6.60
3987 1993 25 1610.00 -0.80 6.30 0.61 10.10 0.30
3987 1993 26 1050.00 -1.10 2.70 0.57 11.30 5.80
3987 1993 27 6090.00 -3.50 2.60 0.49 4.30 0.00
3987 1993 28 3600.00 -3.00 1.50 0.51 2.80 0.00
3987 1993 29 4730.00 -4.00 0.10 0.42 3.40 0.00
3987 1993 30 6700.00 -7.40 -0.60 0.32 3.50 0.00
3987 1993 31 7050.00 -10.10 1.70 0.28 2.10 0.00
3987 1993 32 4560.00 -7.50 1.00 0.42 1.90 0.00
3987 1993 33 6310.00 -8.70 0.30 0.40 2.10 0.00
3987 1993 34 2900.00 -2.20 1.00 0.54 3.00 0.00
3987 1993 35 6830.00 -4.20 4.80 0.55 3.60 0.00
3987 1993 36 1750.00 -2.00 1.20 0.58 5.90 2.30
3987 1993 37 750.00 1.00 3.50 0.72 5.60 4.80
3987 1993 38 3310.00 -1.00 3.80 0.58 1.90 0.00
3987 1993 39 2540.00 -0.50 3.70 0.68 2.70 0.30
3987 1993 40 1020.00 2.20 3.20 0.71 0.50 0.10
3987 1993 41 1740.00 0.20 2.20 0.62 2.90 0.00
3987 1993 42 1750.00 -1.00 0.60 0.59 2.20 0.00
3987 1993 43 7090.00 -1.00 6.80 0.58 2.10 0.00
3987 1993 44 770.00 -1.80 -0.70 0.54 0.40 0.00
3987 1993 45 2110.00 -1.60 2.40 0.58 1.30 0.00
3987 1993 46 7840.00 -2.00 4.50 0.50 3.30 0.60
3987 1993 47 1780.00 -2.60 0.60 0.57 3.40 8.00
3987 1993 48 1240.00 0.20 6.30 0.76 6.50 1.20
3987 1993 49 2960.00 -1.30 3.90 0.64 4.40 0.50
3987 1993 50 2820.00 2.00 4.80 0.67 8.70 2.70
3987 1993 51 8160.00 -0.20 5.40 0.50 8.00 8.10
3987 1993 52 2200.00 -3.20 1.90 0.49 8.50 1.20
3987 1993 53 10860.00 -6.80 -0.60 0.35 4.20 1.50
3987 1993 54 8590.00 -10.00 -0.50 0.36 3.50 0.00
3987 1993 55 4420.00 -5.30 0.30 0.46 5.50 1.00
3987 1993 56 1660.00 -2.50 -1.60 0.48 4.10 0.50
3987 1993 57 10060.00 -4.60 4.20 0.39 2.70 0.00
3987 1993 58 5030.00 -4.40 5.00 0.53 3.90 0.20
3987 1993 59 5580.00 -3.60 2.20 0.53 3.10 0.00
3987 1993 60 9900.00 -1.50 6.00 0.49 7.70 0.00
3987 1993 61 8870.00 -2.30 3.10 0.43 8.70 0.00
3987 1993 62 7670.00 -5.60 -1.40 0.35 5.20 0.30
3987 1993 63 7410.00 -4.90 0.70 0.40 1.60 0.00
3987 1993 64 4670.00 -5.60 0.80 0.52 4.00 1.00
3987 1993 65 8370.00 -0.40 7.00 0.68 5.00 0.00
3987 1993 66 9450.00 -0.30 6.80 0.52 2.90 0.00
3987 1993 67 8450.00 -3.70 4.30 0.45 3.10 0.00
3987 1993 68 13470.00 -5.10 6.00 0.41 3.50 0.00
3987 1993 69 11600.00 -4.10 10.20 0.58 4.30 0.00
3987 1993 70 9910.00 0.30 6.30 0.59 3.00 0.00
3987 1993 71 6660.00 -1.60 10.10 0.67 2.10 0.00
3987 1993 72 9630.00 2.10 13.90 0.76 2.80 0.00
3987 1993 73 12500.00 1.80 15.50 0.73 2.90 0.00
3987 1993 74 12020.00 5.20 15.90 0.81 3.00 1.40
3987 1993 75 9610.00 6.00 16.40 0.93 7.00 0.80
3987 1993 76 1980.00 6.80 9.90 1.01 8.30 0.80
3987 1993 77 2820.00 9.50 11.80 0.95 8.20 1.90
3987 1993 78 10840.00 1.60 9.80 0.61 8.50 0.00
3987 1993 79 11300.00 3.10 11.50 0.65 6.00 0.00
3987 1993 80 13760.00 0.70 17.30 0.62 3.80 0.00
3987 1993 81 7110.00 7.90 16.80 0.94 3.30 0.60
3987 1993 82 10640.00 4.00 10.60 0.62 6.60 0.80
3987 1993 83 14680.00 1.10 9.80 0.52 5.30 0.00
3987 1993 84 9410.00 0.80 6.60 0.59 5.30 0.20
3987 1993 85 14130.00 -2.00 8.10 0.42 3.70 0.00
3987 1993 86 11340.00 -4.10 5.20 0.51 2.20 0.50
3987 1993 87 10800.00 -2.00 5.90 0.44 3.60 0.00
3987 1993 88 8980.00 -2.70 4.70 0.51 4.40 0.50
3987 1993 89 6580.00 -2.30 3.50 0.51 4.20 0.00
3987 1993 90 13450.00 -2.60 8.90 0.47 2.10 0.00
3987 1993 91 13110.00 3.30 14.00 0.60 5.90 0.00
3987 1993 92 17750.00 0.40 13.20 0.56 6.20 0.00
3987 1993 93 3560.00 2.10 7.60 0.79 2.90 0.00
3987 1993 94 9740.00 4.60 11.60 0.74 2.30 0.10
3987 1993 95 8150.00 4.10 11.60 0.83 3.40 2.10
3987 1993 96 9660.00 4.80 12.80 0.83 4.40 1.10
3987 1993 97 6340.00 5.10 10.50 0.88 3.80 8.10
3987 1993 98 4970.00 4.00 8.90 0.81 4.60 0.10
3987 1993 99 19350.00 -0.40 8.10 0.49 3.50 0.00
3987 1993 100 20970.00 -2.60 8.50 0.41 4.40 0.00
3987 1993 101 21240.00 -2.60 9.90 0.44 5.30 0.00
3987 1993 102 19850.00 -0.60 12.00 0.50 4.90 0.00
3987 1993 103 13370.00 0.80 12.50 0.57 4.10 0.00
3987 1993 104 13940.00 3.80 15.60 0.63 3.70 4.50
3987 1993 105 12490.00 5.20 15.80 0.54 4.20 0.10
3987 1993 106 18180.00 1.40 16.20 0.63 2.50 0.00
3987 1993 107 17130.00 4.40 17.80 0.79 4.80 1.60
3987 1993 108 6970.00 7.80 14.80 1.08 5.50 5.50
3987 1993 109 17420.00 5.10 12.90 0.66 6.40 0.00
3987 1993 110 15530.00 1.50 13.70 0.59 2.70 0.00
3987 1993 111 19010.00 5.10 24.40 0.89 4.90 0.00
3987 1993 112 20280.00 10.70 24.60 1.01 2.70 0.00
3987 1993 113 16280.00 12.30 21.70 1.06 3.00 0.00
3987 1993 114 22760.00 10.70 27.20 0.93 5.00 0.00
3987 1993 115 17610.00 12.50 26.10 0.88 4.60 0.00
3987 1993 116 23810.00 12.40 27.80 0.82 4.80 0.00
3987 1993 117 21760.00 11.70 28.40 0.75 4.30 0.00
3987 1993 118 22900.00 12.90 28.30 0.87 5.20 0.00
3987 1993 119 23200.00 13.60 27.80 0.88 5.10 0.00
3987 1993 120 22960.00 12.40 26.80 0.91 4.40 0.00
3987 1993 121 23140.00 11.50 26.30 0.81 4.10 0.00
3987 1993 122 16730.00 10.90 25.50 1.13 2.60 0.00
3987 1993 123 4030.00 7.00 14.90 1.09 4.50 0.00
3987 1993 124 27080.00 3.40 15.10 0.65 3.10 0.00
3987 1993 125 17970.00 5.30 15.50 0.61 2.90 0.20
3987 1993 126 5620.00 6.50 10.90 1.00 2.60 0.00
3987 1993 127 20040.00 8.50 26.10 1.17 2.40 0.40
3987 1993 128 18760.00 10.10 25.80 1.21 3.50 5.70
3987 1993 129 21220.00 11.10 25.40 1.30 4.40 0.60
3987 1993 130 23480.00 12.50 24.90 0.96 4.60 0.00
3987 1993 131 20580.00 14.30 26.60 0.96 4.60 0.00
3987 1993 132 23980.00 14.30 27.30 0.81 4.00 0.00
3987 1993 133 21030.00 12.70 27.90 0.95 3.80 0.00
3987 1993 134 24730.00 12.00 24.60 1.37 3.30 2.10
3987 1993 135 22630.00 11.50 22.20 1.32 2.60 0.10
3987 1993 136 19610.00 8.70 18.20 0.89 3.40 0.00
3987 1993 137 27720.00 7.80 22.80 0.83 4.00 0.00
3987 1993 138 28450.00 9.20 25.70 0.83 4.90 0.00
3987 1993 139 24310.00 13.80 28.30 1.08 4.80 0.00
3987 1993 140 24490.00 15.30 30.80 1.12 3.60 0.00
3987 1993 141 19640.00 14.80 25.70 1.63 3.30 24.90
3987 1993 142 3130.00 10.60 16.00 1.34 5.70 23.70
3987 1993 143 6050.00 11.30 16.40 1.56 3.00 0.00
3987 1993 144 18920.00 11.60 22.10 1.46 1.60 0.00
3987 1993 145 26780.00 12.30 24.80 1.36 2.80 0.00
3987 1993 146 9290.00 11.70 17.60 1.31 2.90 13.20
3987 1993 147 6210.00 10.30 16.10 1.45 3.00 4.10
3987 1993 148 11880.00 12.10 20.20 1.47 3.90 1.80
3987 1993 149 12790.00 8.90 17.60 1.23 4.20 1.00
3987 1993 150 23500.00 9.90 24.40 1.38 2.80 8.80
3987 1993 151 19770.00 11.60 20.20 1.46 4.80 3.60
3987 1993 152 21670.00 8.80 20.80 1.15 4.60 0.00
3987 1993 153 25790.00 11.70 24.40 1.44 2.50 1.90
3987 1993 154 6230.00 11.70 19.40 1.48 2.80 2.40
3987 1993 155 28110.00 9.50 23.60 1.02 2.90 0.00
3987 1993 156 30570.00 8.90 24.90 0.96 1.90 0.00
3987 1993 157 23030.00 13.50 26.60 1.50 1.90 0.00
3987 1993 158 27640.00 13.90 22.40 1.28 3.70 0.00
3987 1993 159 26600.00 13.70 24.40 1.33 2.50 0.00
3987 1993 160 29520.00 13.10 27.10 1.13 4.00 0.00
3987 1993 161 27690.00 15.30 30.80 1.42 4.10 0.00
3987 1993 162 8480.00 18.60 26.00 1.94 2.90 0.20
3987 1993 163 3860.00 11.90 20.10 1.45 6.10 46.00
3987 1993 164 3570.00 11.20 13.40 1.36 7.00 13.80
3987 1993 165 16770.00 10.90 16.90 1.15 5.00 0.10
3987 1993 166 17060.00 11.30 16.70 0.96 5.10 0.00
3987 1993 167 10940.00 6.70 17.40 1.24 3.50 5.30
3987 1993 168 15630.00 11.80 18.00 1.35 6.40 0.00
3987 1993 169 12650.00 10.10 19.00 1.39 4.20 9.50
3987 1993 170 6270.00 14.10 19.40 1.78 2.90 2.80
3987 1993 171 17360.00 13.30 18.80 1.39 4.60 1.50
3987 1993 172 29200.00 8.40 20.20 1.15 2.90 0.00
3987 1993 173 22830.00 10.00 20.30 1.20 1.90 0.00
3987 1993 174 12350.00 12.50 19.40 1.31 2.00 0.00
3987 1993 175 18800.00 9.40 16.20 1.07 7.00 2.30
3987 1993 176 17090.00 8.70 14.60 0.99 6.60 3.00
3987 1993 177 14790.00 7.60 15.40 1.05 5.80 0.50
3987 1993 178 14000.00 10.30 18.90 1.20 4.30 4.10
3987 1993 179 18340.00 9.60 19.00 1.20 4.20 0.00
3987 1993 180 29160.00 9.70 23.70 1.32 2.00 0.00
3987 1993 181 30700.00 12.10 24.00 1.14 3.50 0.00
3987 1993 182 29210.00 8.30 22.90 1.18 2.00 0.00
3987 1993 183 30880.00 12.70 27.60 1.21 1.70 0.00
3987 1993 184 24850.00 14.20 25.00 1.46 5.00 0.00
3987 1993 185 15900.00 17.50 24.70 1.65 5.00 0.00
3987 1993 186 11820.00 13.30 24.40 1.63 3.00 8.70
3987 1993 187 15820.00 10.20 16.50 1.21 6.60 1.80
3987 1993 188 11420.00 10.80 16.10 1.06 9.10 0.00
3987 1993 189 20850.00 10.50 20.30 1.17 5.50 0.00
3987 1993 190 28380.00 11.80 26.60 1.14 5.70 0.00
3987 1993 191 11720.00 13.80 25.60 1.54 4.00 2.20
3987 1993 192 4440.00 10.50 14.20 1.29 2.60 6.60
3987 1993 193 22320.00 10.30 19.30 1.19 5.20 0.00
3987 1993 194 15020.00 9.90 16.10 1.14 4.60 1.90
3987 1993 195 19820.00 7.90 20.40 1.20 2.70 16.60
3987 1993 196 8070.00 13.40 18.40 1.61 2.20 3.20
3987 1993 197 15350.00 13.80 20.70 1.67 1.50 0.70
3987 1993 198 18690.00 15.10 23.00 1.96 3.80 13.30
3987 1993 199 24760.00 13.20 23.50 1.47 3.60 0.00
3987 1993 200 16970.00 14.80 23.60 1.71 1.30 2.00
3987 1993 201 20170.00 13.00 22.20 1.40 3.30 0.00
3987 1993 202 11140.00 10.90 19.00 1.35 5.90 2.90
3987 1993 203 19270.00 10.80 18.90 1.39 4.10 2.60
3987 1993 204 13580.00 12.20 19.00 1.37 4.80 10.80
3987 1993 205 16990.00 13.50 24.10 1.81 6.20 3.30
3987 1993 206 17920.00 13.90 22.70 1.50 6.40 0.00
3987 1993 207 19310.00 10.90 20.90 1.19 5.90 1.20
3987 1993 208 9070.00 9.90 15.80 1.47 4.60 6.80
3987 1993 209 11010.00 13.50 19.90 1.72 5.40 7.60
3987 1993 210 14340.00 12.40 22.30 1.66 2.90 0.00
3987 1993 211 16690.00 15.50 27.90 2.15 3.30 0.40
3987 1993 212 9270.00 13.80 23.30 1.68 4.20 7.70
3987 1993 213 19860.00 11.50 21.50 1.42 3.20 0.00
3987 1993 214 23510.00 13.20 25.90 1.41 3.90 0.00
3987 1993 215 20420.00 14.30 27.60 1.64 2.70 0.00
3987 1993 216 17780.00 15.50 26.90 1.82 1.90 4.90
3987 1993 217 10840.00 15.50 24.00 1.98 2.20 4.50
3987 1993 218 10100.00 13.40 18.50 1.46 6.90 2.10
3987 1993 219 16300.00 12.40 20.70 1.39 5.70 0.00
3987 1993 220 10590.00 13.50 21.10 1.66 2.10 3.40
3987 1993 221 16640.00 14.20 21.10 1.65 2.60 8.80
3987 1993 222 12260.00 13.60 21.40 1.48 4.90 0.10
3987 1993 223 16660.00 9.50 18.50 1.15 4.20 0.10
3987 1993 224 15800.00 14.00 25.50 1.54 5.20 0.30
3987 1993 225 20740.00 12.80 20.70 1.18 4.40 0.00
3987 1993 226 23510.00 9.90 25.90 1.32 4.40 0.00
3987 1993 227 19450.00 14.70 29.40 1.88 3.10 0.00
3987 1993 228 18840.00 15.70 27.20 1.89 2.70 0.00
3987 1993 229 21280.00 12.90 20.80 1.16 4.00 0.00
3987 1993 230 22490.00 8.70 20.40 1.15 2.70 0.00
3987 1993 231 20760.00 11.30 22.20 1.17 1.80 0.00
3987 1993 232 17160.00 12.30 23.30 1.28 3.30 0.00
3987 1993 233 6250.00 14.40 19.20 1.61 3.90 0.10
3987 1993 234 10920.00 11.80 19.90 1.58 2.60 6.10
3987 1993 235 15970.00 9.90 17.20 1.11 4.30 0.00
3987 1993 236 18380.00 8.50 18.30 1.14 4.60 0.00
3987 1993 237 16700.00 8.80 18.30 1.16 4.10 1.50
3987 1993 238 13760.00 9.30 18.00 1.24 2.90 0.00
3987 1993 239 15090.00 8.60 19.20 1.16 2.40 0.00
3987 1993 240 17130.00 7.00 18.20 1.17 2.50 0.30
3987 1993 241 18500.00 7.20 19.20 1.11 3.10 0.00
3987 1993 242 3290.00 10.70 13.90 1.27 5.60 10.10
3987 1993 243 11200.00 8.80 17.60 1.22 4.90 0.00
3987 1993 244 9830.00 10.90 18.10 1.30 3.30 0.00
3987 1993 245 5170.00 8.60 13.30 1.37 3.80 7.30
3987 1993 246 8830.00 11.20 15.80 1.39 4.70 3.90
3987 1993 247 10330.00 8.50 15.90 1.12 4.00 13.50
3987 1993 248 9700.00 8.30 15.40 1.13 3.10 0.10
3987 1993 249 11130.00 6.00 16.10 1.13 4.20 0.00
3987 1993 250 12390.00 8.30 17.20 1.12 2.40 0.00
3987 1993 251 6810.00 7.90 16.90 1.40 4.20 2.80
3987 1993 252 13930.00 12.80 22.70 1.72 3.00 3.50
3987 1993 253 9330.00 13.00 20.70 1.63 2.10 13.10
3987 1993 254 10770.00 11.80 19.20 1.49 3.20 0.10
3987 1993 255 7720.00 10.20 17.10 1.36 2.20 0.10
3987 1993 256 7250.00 8.80 12.90 1.11 5.90 17.30
3987 1993 257 8360.00 10.40 16.90 1.33 3.60 0.00
3987 1993 258 9080.00 11.80 18.30 1.26 5.60 2.20
3987 1993 259 4830.00 10.80 14.70 1.34 4.80 5.70
3987 1993 260 2050.00 7.10 11.00 1.05 3.10 0.40
3987 1993 261 10420.00 4.50 12.80 0.99 3.10 0.00
3987 1993 262 16920.00 5.90 15.80 0.89 3.40 0.00
3987 1993 263 14930.00 4.30 18.80 1.07 4.70 0.00
3987 1993 264 10890.00 9.30 23.50 1.65 4.40 1.70
3987 1993 265 10470.00 12.40 22.60 1.74 3.70 0.60
3987 1993 266 6997.18 13.10 18.00 1.54 3.60 0.40
3987 1993 267 3730.00 12.30 16.30 1.50 4.00 0.00
3987 1993 268 12310.00 11.00 21.20 1.59 3.10 0.00
3987 1993 269 6830.00 10.70 15.30 1.14 4.20 0.00
3987 1993 270 5020.00 9.80 12.80 1.10 2.80 0.00
3987 1993 271 8370.00 9.10 15.50 1.08 1.70 0.00
3987 1993 272 12830.00 7.40 15.20 0.97 3.80 0.00
3987 1993 273 12430.00 2.40 11.60 0.68 4.70 0.00
3987 1993 274 12170.00 2.90 13.70 0.84 5.80 0.00
3987 1993 275 7790.00 6.70 17.80 1.22 4.90 1.20
3987 1993 276 5090.00 12.20 15.00 1.16 6.40 0.40
3987 1993 277 11970.00 10.10 18.00 1.14 4.70 0.00
3987 1993 278 12830.00 9.20 21.00 1.31 3.70 0.00
3987 1993 279 7970.00 9.80 16.60 1.34 4.00 0.20
3987 1993 280 9260.00 10.40 19.30 1.21 3.50 0.00
3987 1993 281 8410.00 7.80 18.50 1.30 5.20 3.70
3987 1993 282 4170.00 9.00 15.40 1.33 4.10 1.60
3987 1993 283 11490.00 7.20 17.20 1.03 4.00 0.40
3987 1993 284 6370.00 7.90 16.70 1.32 3.90 5.50
3987 1993 285 4520.00 9.50 17.90 1.33 5.10 0.20
3987 1993 286 7890.00 11.10 17.80 1.19 5.80 0.10
3987 1993 287 4860.00 11.30 15.80 1.29 4.20 2.90
3987 1993 288 2940.00 3.20 12.80 0.88 3.20 0.70
3987 1993 289 8790.00 1.00 10.70 0.77 3.80 0.00
3987 1993 290 9770.00 1.40 10.40 0.64 3.10 0.00
3987 1993 291 11160.00 -1.90 9.40 0.52 3.10 0.00
3987 1993 292 10250.00 -2.10 9.30 0.52 4.10 0.00
3987 1993 293 5060.00 2.50 10.80 0.75 2.00 1.50
3987 1993 294 5300.00 4.30 9.30 0.82 2.00 0.00
3987 1993 295 5090.00 4.20 9.40 0.81 3.20 0.00
3987 1993 296 1620.00 4.70 7.10 0.75 5.70 1.90
3987 1993 297 1500.00 4.20 6.10 0.71 3.50 0.00
3987 1993 298 4020.00 0.60 7.60 0.74 2.30 0.00
3987 1993 299 5730.00 1.30 7.20 0.79 2.30 0.00
3987 1993 300 1190.00 5.10 7.90 0.94 0.90 0.10
3987 1993 301 2010.00 5.30 7.60 0.84 1.70 0.00
3987 1993 302 1230.00 4.00 5.40 0.74 3.60 0.00
3987 1993 303 8100.00 0.10 9.80 0.64 4.10 0.00
3987 1993 304 7720.00 -1.40 9.40 0.63 3.80 0.00
3987 1993 305 6360.00 -1.40 8.00 0.64 3.20 0.00
3987 1993 306 4570.00 1.50 7.40 0.68 2.20 0.00
3987 1993 307 3050.00 0.10 3.60 0.67 1.70 0.00
3987 1993 308 1920.00 0.00 3.80 0.73 1.40 0.00
3987 1993 309 2890.00 1.10 6.30 0.77 3.00 0.00
3987 1993 310 1050.00 1.90 4.40 0.73 5.70 2.60
3987 1993 311 890.00 4.30 6.20 0.89 2.50 2.40
3987 1993 312 1010.00 5.30 6.60 0.91 3.40 5.10
3987 1993 313 740.00 4.80 5.80 0.87 3.50 0.60
3987 1993 314 2200.00 4.40 6.90 0.84 2.80 0.00
3987 1993 315 2300.00 3.50 5.50 0.80 4.60 0.90
3987 1993 316 3390.00 1.60 7.30 0.77 3.60 0.10
3987 1993 317 5430.00 -0.80 6.90 0.66 3.70 0.00
3987 1993 318 700.00 -0.60 5.60 0.70 5.30 9.30
3987 1993 319 350.00 0.70 5.90 0.69 4.20 1.40
3987 1993 320 950.00 1.70 2.70 0.65 2.50 0.30
3987 1993 321 1410.00 -0.10 2.00 0.55 1.20 0.00
3987 1993 322 2210.00 -4.20 -0.10 0.46 2.30 0.00
3987 1993 323 920.00 -5.30 -1.10 0.48 1.90 0.60
3987 1993 324 2420.00 -8.10 -1.20 0.39 4.00 0.60
3987 1993 325 1700.00 -8.70 -6.00 0.31 5.90 0.80
3987 1993 326 990.00 -6.00 -2.70 0.43 2.80 8.10
3987 1993 327 3200.00 -6.20 -2.00 0.37 3.80 0.00
3987 1993 328 1580.00 -10.20 -2.80 0.35 3.70 0.00
3987 1993 329 4410.00 -7.60 -1.20 0.39 3.40 0.00
3987 1993 330 3000.00 -7.80 -1.30 0.42 3.50 0.00
3987 1993 331 900.00 -4.80 -2.40 0.41 3.80 0.30
3987 1993 332 990.00 -4.20 -0.50 0.47 3.20 0.40
3987 1993 333 860.00 -6.10 -3.60 0.39 1.40 0.00
3987 1993 334 1100.00 -8.70 -5.40 0.33 3.20 0.00
3987 1993 335 1200.00 -8.80 -3.10 0.41 3.50 0.00
3987 1993 336 830.00 -4.40 3.50 0.61 5.40 3.40
3987 1993 337 720.00 3.30 8.30 0.88 6.70 0.00
3987 1993 338 2470.00 4.30 8.60 0.82 6.00 0.00
3987 1993 339 3420.00 2.70 9.20 0.71 6.50 0.00
3987 1993 340 1190.00 5.00 7.40 0.80 4.90 0.00
3987 1993 341 2510.00 1.00 5.60 0.62 5.20 3.50
3987 1993 342 1060.00 1.40 4.00 0.66 6.10 8.90
3987 1993 343 1575.16 2.80 8.50 0.80 10.90 7.00
3987 1993 344 2130.00 3.30 6.90 0.79 6.70 2.80
3987 1993 345 1860.00 3.10 6.10 0.63 8.30 0.80
3987 1993 346 1070.00 1.80 4.60 0.67 7.10 2.20
3987 1993 347 360.00 0.30 7.00 0.75 5.00 13.80
3987 1993 348 570.00 -0.50 6.50 0.70 3.60 1.20
3987 1993 349 1340.00 -0.80 3.30 0.63 4.50 1.90
3987 1993 350 1900.00 1.80 6.20 0.68 6.90 0.90
3987 1993 351 1900.00 3.60 5.40 0.64 9.20 0.00
3987 1993 352 940.00 0.50 6.70 0.80 5.10 0.10
3987 1993 353 650.00 6.00 12.30 1.05 8.80 8.20
3987 1993 354 850.00 1.90 11.10 0.65 6.70 4.10
3987 1993 355 1240.00 0.40 2.30 0.64 2.30 1.80
3987 1993 356 1490.00 -0.30 2.00 0.63 5.20 6.30
3987 1993 357 2220.00 0.60 4.20 0.66 5.40 2.10
3987 1993 358 730.00 0.40 3.00 0.69 4.10 4.10
3987 1993 359 650.00 0.00 2.40 0.62 3.40 13.10
3987 1993 360 390.00 0.00 0.30 0.61 4.50 2.20
3987 1993 361 800.00 0.00 0.70 0.62 1.90 0.00
3987 1993 362 2980.00 -2.50 1.00 0.52 3.20 0.00
3987 1993 363 3420.00 -4.20 0.80 0.48 4.50 2.90
3987 1993 364 2550.00 -0.70 5.10 0.75 5.80 4.50
3987 1993 365 1300.00 4.00 8.80 0.89 5.70 10.80
