*---------------------------------------------------------------------------*
* Station name: Potsdam Saekularstation
* Year: 1989
* Author: Pedro Alencar                                   -999.000: NIL VALUE
* Source: DWD
* Comments: Gaps filled with interpolation and storical means
* Longitude: 13.0622, latitude: 52.3812, altitude: 82.0 m.
*
    * Column  Daily value
    * 1       station number
    * 2       year
    * 3       day
    * 4       irradiation                   (kJ m-2 d-1)
    * 5       minimum temperature           (degrees Celsius
    * 6       maximum temperature           (degrees Celsius)
    * 7       early morning vapour pressure (kPa)
    * 8       mean wind speed (height: 2 m) (m s-1)
    * 9       precipitation                 (mm d-1)
    *
** WCCDESCRIPTION=Potsdam, Germany
** WCCFORMAT=2
** WCCYEARNR=1989
*---------------------------------------------------------------------------*
   13.0622 52.3812 82.0 -0.18 -0.55
3987 1989 1 570.00 -1.10 7.70 0.84 3.90 2.10
3987 1989 2 1530.00 1.40 7.40 0.77 2.00 0.00
3987 1989 3 1880.00 -1.50 1.80 0.54 3.20 0.00
3987 1989 4 3200.00 -3.60 3.40 0.52 4.60 0.50
3987 1989 5 1410.00 1.00 5.10 0.68 4.30 2.00
3987 1989 6 1740.00 -0.60 2.80 0.59 2.50 0.00
3987 1989 7 550.00 -2.10 3.60 0.60 5.90 4.70
3987 1989 8 510.00 1.30 8.90 0.92 5.90 2.40
3987 1989 9 1590.00 4.90 10.20 0.92 4.60 0.00
3987 1989 10 530.00 4.50 7.80 0.91 4.80 3.60
3987 1989 11 3020.00 0.50 7.20 0.65 5.10 0.00
3987 1989 12 3610.00 -1.40 5.20 0.61 5.40 0.00
3987 1989 13 2130.00 2.80 7.80 0.68 7.10 0.00
3987 1989 14 3310.00 -0.40 9.30 0.66 6.80 0.20
3987 1989 15 2780.00 2.50 7.70 0.70 8.20 0.00
3987 1989 16 780.00 7.20 8.60 0.86 6.30 0.00
3987 1989 17 820.00 5.20 7.80 0.72 6.70 0.00
3987 1989 18 1690.00 1.40 5.60 0.63 6.30 0.00
3987 1989 19 890.00 1.20 4.60 0.60 3.80 0.00
3987 1989 20 1590.00 -2.30 1.60 0.52 1.50 0.00
3987 1989 21 2290.00 -2.60 4.00 0.56 3.70 0.00
3987 1989 22 2750.00 0.90 7.70 0.66 4.60 0.00
3987 1989 23 3460.00 0.10 6.90 0.63 4.30 0.00
3987 1989 24 3700.00 -2.50 4.60 0.54 3.70 0.00
3987 1989 25 4930.00 -4.70 2.20 0.47 3.50 0.00
3987 1989 26 5180.00 -5.70 3.10 0.45 3.50 0.00
3987 1989 27 5520.00 -4.40 7.70 0.45 4.10 0.00
3987 1989 28 5920.00 -4.40 8.00 0.46 4.30 0.30
3987 1989 29 1410.00 -2.50 3.10 0.59 3.80 0.00
3987 1989 30 2380.00 -0.60 4.50 0.64 6.20 0.00
3987 1989 31 850.00 3.70 4.90 0.78 5.70 0.40
3987 1989 32 1340.00 1.70 4.50 0.72 2.00 0.40
3987 1989 33 730.00 -1.00 2.70 0.58 3.00 0.10
3987 1989 34 1100.00 -0.70 2.50 0.54 4.00 0.00
3987 1989 35 5910.00 -2.80 7.50 0.51 4.00 0.00
3987 1989 36 3660.00 -1.80 7.50 0.58 7.00 1.90
3987 1989 37 1270.00 0.90 9.20 0.77 6.70 0.00
3987 1989 38 2590.00 5.60 10.80 0.80 5.30 0.00
3987 1989 39 6740.00 0.00 12.20 0.71 3.60 0.00
3987 1989 40 6670.00 -2.10 9.60 0.65 4.90 0.00
3987 1989 41 5610.00 -0.10 6.70 0.58 4.40 0.00
3987 1989 42 6570.00 -2.20 9.90 0.59 4.00 0.00
3987 1989 43 2210.00 0.10 6.10 0.66 5.30 2.00
3987 1989 44 5960.00 0.50 6.80 0.59 6.40 1.50
3987 1989 45 2300.00 -0.20 6.30 0.59 8.60 1.10
3987 1989 46 1490.00 1.60 5.10 0.65 7.20 1.40
3987 1989 47 4360.00 1.00 6.20 0.61 7.30 0.60
3987 1989 48 8570.00 -2.40 5.00 0.48 4.60 0.20
3987 1989 49 3070.00 -0.80 7.60 0.70 4.70 6.10
3987 1989 50 1200.00 6.90 13.30 1.07 6.10 10.80
3987 1989 51 4710.00 4.20 10.90 0.84 6.80 1.00
3987 1989 52 7800.00 -0.10 8.10 0.57 4.30 0.00
3987 1989 53 8810.00 -2.80 8.30 0.53 3.60 0.00
3987 1989 54 3900.00 3.20 8.80 0.70 4.10 0.00
3987 1989 55 2080.00 0.10 5.50 0.72 3.70 0.20
3987 1989 56 5830.00 3.40 11.60 0.80 3.30 2.20
3987 1989 57 4720.00 2.90 9.40 0.71 5.10 1.00
3987 1989 58 6410.00 0.80 7.30 0.57 5.80 0.80
3987 1989 59 6050.00 -0.30 8.00 0.63 4.60 0.10
3987 1989 60 4870.00 -1.00 6.70 0.63 5.50 4.30
3987 1989 61 2870.00 3.90 6.40 0.73 6.00 3.80
3987 1989 62 3230.00 0.10 6.70 0.70 2.50 1.10
3987 1989 63 2280.00 2.30 6.80 0.80 2.20 0.00
3987 1989 64 8460.00 3.00 13.20 0.83 2.70 0.00
3987 1989 65 10940.00 5.50 16.90 0.89 3.30 0.00
3987 1989 66 11860.00 1.60 16.60 0.70 4.50 0.00
3987 1989 67 6600.00 1.30 9.70 0.68 3.80 0.50
3987 1989 68 7370.00 4.00 10.80 0.72 4.30 1.10
3987 1989 69 6790.00 4.60 12.60 0.71 3.40 0.50
3987 1989 70 6290.00 2.60 13.50 0.85 3.70 1.20
3987 1989 71 11730.00 2.50 12.30 0.74 2.50 0.00
3987 1989 72 3930.00 4.60 13.90 0.79 6.70 0.00
3987 1989 73 6240.00 2.60 9.30 0.62 6.60 0.00
3987 1989 74 3220.00 3.00 8.20 0.71 6.80 2.50
3987 1989 75 8680.00 1.70 8.70 0.68 4.60 1.00
3987 1989 76 5460.00 3.40 11.20 0.83 4.50 3.70
3987 1989 77 15260.00 -1.80 8.50 0.55 3.70 0.00
3987 1989 78 10450.00 -1.60 11.40 0.54 4.80 0.00
3987 1989 79 14690.00 1.20 16.20 0.65 4.30 0.00
3987 1989 80 6940.00 1.80 12.00 0.68 6.10 1.30
3987 1989 81 5500.00 0.10 12.70 0.77 5.60 0.20
3987 1989 82 10910.00 3.00 11.80 0.61 7.80 0.30
3987 1989 83 3020.00 0.60 7.10 0.65 8.40 4.20
3987 1989 84 8930.00 3.70 9.70 0.63 10.10 0.00
3987 1989 85 17040.00 0.70 12.50 0.60 4.40 0.00
3987 1989 86 16450.00 0.30 17.40 0.64 3.80 0.00
3987 1989 87 14950.00 2.50 22.80 0.85 4.80 0.00
3987 1989 88 16960.00 7.10 16.80 0.68 3.60 0.00
3987 1989 89 12010.00 2.40 18.60 0.85 4.30 0.00
3987 1989 90 13480.00 5.50 18.60 1.00 3.60 0.80
3987 1989 91 5770.00 4.00 13.30 0.71 4.60 0.60
3987 1989 92 10440.00 -4.10 5.50 0.40 3.00 0.00
3987 1989 93 17460.00 -3.90 7.10 0.38 5.40 0.00
3987 1989 94 6690.00 0.10 6.40 0.43 10.10 0.00
3987 1989 95 1120.00 1.60 4.00 0.62 9.40 10.10
3987 1989 96 14290.00 2.80 15.20 0.75 4.20 0.00
3987 1989 97 13890.00 3.70 13.70 0.71 4.20 0.00
3987 1989 98 10180.00 2.30 12.40 0.82 3.60 0.00
3987 1989 99 15980.00 4.60 14.50 0.74 3.20 0.00
3987 1989 100 7320.00 2.40 12.20 0.80 4.90 0.00
3987 1989 101 11680.00 5.30 19.40 1.03 4.80 0.00
3987 1989 102 18250.00 8.00 25.50 1.04 4.80 0.00
3987 1989 103 17090.00 10.10 24.00 0.97 5.20 0.00
3987 1989 104 15970.00 11.20 23.00 0.95 4.90 0.00
3987 1989 105 7690.00 9.20 19.30 1.09 5.20 0.00
3987 1989 106 3600.00 8.20 12.40 0.97 3.80 0.00
3987 1989 107 16280.00 4.50 11.90 0.59 4.80 0.00
3987 1989 108 16170.00 -1.50 11.80 0.54 2.30 0.60
3987 1989 109 5230.00 3.50 8.80 0.78 2.80 5.20
3987 1989 110 15850.00 1.00 12.10 0.71 3.80 0.00
3987 1989 111 15540.00 2.20 18.10 0.82 4.70 9.90
3987 1989 112 1970.00 6.30 14.80 0.86 4.80 16.50
3987 1989 113 4810.00 1.60 8.20 0.71 3.90 0.40
3987 1989 114 20430.00 2.60 17.70 0.82 3.90 0.00
3987 1989 115 18370.00 8.20 21.80 0.86 4.50 0.00
3987 1989 116 7610.00 7.30 16.30 1.04 3.30 0.00
3987 1989 117 7140.00 3.20 11.70 0.72 4.60 1.50
3987 1989 118 2910.00 3.20 5.90 0.73 3.60 4.30
3987 1989 119 12560.00 3.00 11.40 0.66 4.00 0.00
3987 1989 120 14040.00 3.30 14.20 0.69 2.90 0.00
3987 1989 121 25120.00 1.50 18.50 0.70 3.10 0.00
3987 1989 122 11410.00 3.90 19.00 0.88 2.20 0.00
3987 1989 123 14160.00 9.50 18.50 1.14 2.70 0.00
3987 1989 124 23560.00 7.00 21.90 1.07 3.50 0.00
3987 1989 125 20710.00 7.50 20.10 1.01 4.70 0.00
3987 1989 126 16500.00 6.60 15.90 0.70 7.50 0.20
3987 1989 127 19900.00 2.90 15.30 0.74 4.60 0.00
3987 1989 128 14650.00 4.70 18.30 0.88 4.50 0.00
3987 1989 129 21750.00 8.50 23.10 0.98 4.20 0.00
3987 1989 130 13130.00 8.20 19.60 1.04 2.70 0.00
3987 1989 131 11880.00 6.10 15.40 1.10 3.60 2.10
3987 1989 132 11190.00 9.80 17.20 1.22 4.80 4.40
3987 1989 133 20800.00 5.80 17.70 0.86 5.00 0.00
3987 1989 134 19520.00 4.90 18.00 0.84 3.00 0.00
3987 1989 135 25850.00 6.30 20.80 0.83 2.30 0.00
3987 1989 136 27090.00 8.00 24.00 0.83 2.70 0.00
3987 1989 137 25460.00 10.60 25.90 1.03 2.90 0.00
3987 1989 138 23890.00 8.90 25.00 1.11 3.00 0.00
3987 1989 139 24210.00 11.70 27.90 1.15 3.20 0.00
3987 1989 140 23330.00 12.70 27.10 1.20 3.50 0.00
3987 1989 141 27340.00 10.70 22.80 0.92 5.50 0.00
3987 1989 142 28690.00 6.20 21.50 0.69 5.50 0.00
3987 1989 143 27810.00 7.80 23.90 0.79 4.80 0.00
3987 1989 144 26870.00 9.60 26.80 0.92 4.60 0.00
3987 1989 145 24410.00 12.10 27.30 1.03 4.00 0.00
3987 1989 146 23390.00 11.80 27.40 1.05 3.30 0.00
3987 1989 147 20300.00 13.30 25.00 1.14 3.30 0.00
3987 1989 148 27190.00 8.90 24.20 0.98 2.30 0.00
3987 1989 149 26690.00 8.00 24.80 0.94 2.90 0.00
3987 1989 150 19320.00 10.10 24.80 1.18 3.00 9.00
3987 1989 151 20250.00 5.70 15.70 0.78 5.00 0.00
3987 1989 152 14000.00 6.80 18.40 0.85 2.60 0.00
3987 1989 153 8000.00 7.60 18.40 1.11 2.80 11.50
3987 1989 154 9610.00 8.50 15.10 1.13 2.30 0.00
3987 1989 155 5700.00 9.50 13.00 1.18 2.10 1.00
3987 1989 156 18730.00 6.00 18.50 0.98 3.30 8.60
3987 1989 157 15990.00 7.20 16.90 1.01 2.50 0.00
3987 1989 158 20750.00 6.90 19.60 0.95 3.80 0.20
3987 1989 159 18320.00 6.10 16.70 0.94 3.90 0.00
3987 1989 160 17890.00 8.20 19.80 1.03 2.80 0.00
3987 1989 161 23550.00 7.40 22.60 1.01 2.60 0.00
3987 1989 162 6180.00 11.00 20.00 1.17 4.10 0.40
3987 1989 163 27900.00 11.50 24.70 1.09 3.60 0.00
3987 1989 164 29010.00 9.70 25.60 1.04 4.40 0.00
3987 1989 165 20970.00 9.60 23.10 0.96 3.50 1.20
3987 1989 166 26650.00 6.40 21.20 0.88 3.40 0.00
3987 1989 167 16200.00 8.60 21.30 1.01 2.60 0.00
3987 1989 168 18760.00 12.50 25.00 1.21 3.40 0.00
3987 1989 169 23570.00 14.20 28.50 1.31 3.80 0.00
3987 1989 170 29090.00 11.30 26.40 1.00 3.70 0.00
3987 1989 171 28670.00 13.40 28.70 1.17 3.10 0.00
3987 1989 172 25850.00 12.20 30.10 1.27 2.60 0.00
3987 1989 173 22660.00 14.00 28.30 1.40 3.50 0.00
3987 1989 174 23470.00 15.50 29.80 1.40 2.80 0.00
3987 1989 175 24070.00 15.10 24.90 1.41 3.30 0.00
3987 1989 176 21870.00 11.20 27.30 1.20 2.20 0.00
3987 1989 177 20330.00 15.20 30.20 1.46 3.70 11.90
3987 1989 178 19200.00 14.60 30.50 1.75 3.30 4.70
3987 1989 179 15520.00 12.70 23.20 1.43 4.40 1.80
3987 1989 180 21810.00 10.00 23.10 1.20 4.30 7.20
3987 1989 181 19470.00 11.00 21.00 1.23 2.90 0.50
3987 1989 182 16850.00 10.00 23.40 1.35 3.70 14.40
3987 1989 183 10280.00 14.50 22.20 1.75 2.30 9.50
3987 1989 184 2470.00 11.30 16.60 1.41 4.10 1.10
3987 1989 185 19770.00 12.00 26.70 1.68 3.40 0.00
3987 1989 186 22850.00 15.10 28.30 1.67 3.40 0.00
3987 1989 187 27640.00 13.70 31.30 1.37 3.00 0.00
3987 1989 188 27350.00 16.60 33.00 1.44 3.80 0.00
3987 1989 189 21110.00 18.50 30.50 1.84 3.90 0.00
3987 1989 190 14180.00 15.90 28.10 1.98 2.60 0.40
3987 1989 191 22760.00 15.30 22.00 1.57 4.80 0.00
3987 1989 192 26850.00 11.10 24.50 1.20 3.30 0.00
3987 1989 193 21880.00 12.40 25.70 1.34 3.30 0.00
3987 1989 194 15830.00 14.30 23.30 1.33 5.40 0.90
3987 1989 195 17180.00 10.70 19.70 1.15 7.10 0.40
3987 1989 196 10440.00 10.70 18.20 1.20 7.00 0.90
3987 1989 197 16050.00 11.20 19.70 1.05 8.80 0.10
3987 1989 198 13840.00 9.50 19.20 1.00 6.20 0.00
3987 1989 199 12960.00 10.30 17.50 1.10 7.20 2.80
3987 1989 200 24340.00 8.20 20.90 0.98 5.10 0.00
3987 1989 201 13820.00 11.30 17.80 1.19 4.70 0.00
3987 1989 202 18890.00 13.30 24.20 1.25 2.30 0.00
3987 1989 203 24330.00 12.30 27.40 1.10 4.00 0.00
3987 1989 204 19940.00 14.80 31.00 1.27 4.30 0.70
3987 1989 205 9900.00 15.90 26.60 1.63 4.70 0.00
3987 1989 206 23900.00 14.50 29.50 1.29 4.60 0.00
3987 1989 207 15890.00 16.80 29.50 1.45 2.90 0.00
3987 1989 208 8600.00 17.40 22.50 1.86 2.60 0.00
3987 1989 209 19700.00 13.80 24.40 1.25 3.20 0.00
3987 1989 210 17560.00 13.30 25.90 1.12 3.00 0.00
3987 1989 211 13650.00 14.30 27.00 1.32 4.30 11.40
3987 1989 212 12520.00 12.50 21.70 1.33 7.90 2.50
3987 1989 213 16650.00 9.40 18.50 1.19 5.50 3.00
3987 1989 214 5650.00 9.30 14.60 1.21 6.80 8.50
3987 1989 215 4260.00 10.20 15.10 1.30 6.00 0.80
3987 1989 216 7670.00 10.30 16.70 1.29 6.80 1.90
3987 1989 217 12270.00 10.70 19.30 1.15 5.00 0.00
3987 1989 218 23860.00 9.60 24.90 1.30 3.40 0.00
3987 1989 219 12830.00 12.10 26.90 1.52 3.60 8.50
3987 1989 220 18590.00 14.70 25.70 1.73 3.90 7.10
3987 1989 221 20170.00 15.10 22.40 1.61 3.80 0.00
3987 1989 222 11710.00 14.20 25.90 1.53 2.80 0.00
3987 1989 223 18010.00 15.60 28.70 1.52 4.10 0.00
3987 1989 224 13440.00 15.00 25.20 1.51 4.10 0.00
3987 1989 225 13610.00 13.80 25.30 1.50 2.50 0.00
3987 1989 226 18450.00 14.40 29.60 1.46 3.30 0.00
3987 1989 227 19960.00 15.70 31.70 1.44 4.50 0.00
3987 1989 228 20770.00 18.70 35.30 1.58 4.20 0.00
3987 1989 229 17350.00 17.90 29.30 1.71 4.10 0.00
3987 1989 230 18020.00 15.10 26.20 1.32 2.80 0.00
3987 1989 231 21560.00 11.90 28.00 1.24 3.10 0.00
3987 1989 232 19640.00 14.90 31.30 1.44 3.30 0.00
3987 1989 233 20330.00 17.10 33.10 1.53 2.90 0.00
3987 1989 234 15800.00 17.40 28.80 1.82 2.30 0.20
3987 1989 235 15390.00 14.70 23.70 1.33 4.30 0.00
3987 1989 236 15250.00 10.40 23.60 1.18 5.30 0.00
3987 1989 237 5010.00 12.20 20.30 1.35 5.30 5.60
3987 1989 238 16420.00 7.00 18.70 1.02 3.00 0.00
3987 1989 239 4760.00 11.10 18.20 1.35 4.60 15.70
3987 1989 240 1640.00 9.70 16.30 1.22 5.00 6.20
3987 1989 241 10470.00 10.30 18.70 1.18 5.70 3.00
3987 1989 242 17010.00 6.70 20.90 1.02 2.20 0.00
3987 1989 243 20350.00 8.00 21.70 1.01 2.80 0.00
3987 1989 244 19000.00 9.40 24.00 1.10 3.00 0.00
3987 1989 245 10240.00 12.20 18.70 1.23 2.80 0.00
3987 1989 246 13900.00 9.80 19.30 1.16 2.90 0.00
3987 1989 247 16000.00 8.10 19.50 1.08 2.90 0.00
3987 1989 248 13480.00 8.50 18.60 1.07 2.90 0.00
3987 1989 249 17600.00 8.70 21.80 1.12 2.80 0.00
3987 1989 250 13060.00 13.90 23.80 1.45 2.00 0.00
3987 1989 251 16760.00 12.40 26.30 1.39 3.50 0.00
3987 1989 252 16300.00 12.60 25.00 1.33 4.50 0.00
3987 1989 253 8210.00 12.20 23.00 1.36 4.20 0.00
3987 1989 254 12020.00 12.20 20.70 1.20 5.10 0.00
3987 1989 255 17910.00 7.20 21.80 0.85 4.40 0.00
3987 1989 256 14890.00 7.00 22.60 1.04 4.40 0.50
3987 1989 257 7290.00 12.00 19.00 1.42 5.00 3.60
3987 1989 258 11160.00 9.00 16.60 1.19 3.30 1.70
3987 1989 259 6180.00 10.80 22.20 1.63 3.60 2.10
3987 1989 260 14120.00 14.10 25.60 1.70 4.10 0.00
3987 1989 261 14070.00 13.70 28.30 1.61 3.60 0.00
3987 1989 262 12250.00 14.40 29.50 1.68 4.30 0.20
3987 1989 263 11610.00 14.90 23.50 1.54 2.50 0.00
3987 1989 264 13560.00 12.60 27.50 1.66 4.30 0.00
3987 1989 265 13030.00 14.20 26.70 1.60 3.90 0.00
3987 1989 266 10083.47 13.60 25.70 1.73 3.00 0.00
3987 1989 267 3010.00 14.60 19.40 1.60 1.80 0.00
3987 1989 268 7120.00 14.10 20.00 1.44 2.00 0.00
3987 1989 269 4250.00 11.00 18.40 1.39 3.30 3.00
3987 1989 270 10540.00 7.90 16.70 1.12 2.00 0.00
3987 1989 271 6310.00 9.50 16.80 1.14 3.50 0.00
3987 1989 272 10540.00 7.50 16.60 0.97 3.50 0.00
3987 1989 273 9340.00 7.20 17.20 1.09 5.20 0.00
3987 1989 274 8490.00 7.00 15.10 1.05 4.20 0.00
3987 1989 275 4930.00 10.40 15.20 0.97 9.10 0.00
3987 1989 276 12830.00 5.40 14.60 0.75 4.70 0.00
3987 1989 277 13060.00 2.00 15.60 0.74 2.70 0.00
3987 1989 278 11930.00 3.90 17.80 0.73 2.30 0.00
3987 1989 279 5690.00 3.20 17.00 0.97 4.20 3.60
3987 1989 280 6680.00 7.50 13.60 1.04 4.40 3.50
3987 1989 281 4720.00 6.80 9.70 1.03 1.90 3.70
3987 1989 282 3370.00 7.00 9.00 1.02 2.30 1.80
3987 1989 283 5590.00 5.60 10.30 0.96 4.70 6.90
3987 1989 284 5130.00 4.20 12.10 0.89 7.50 0.00
3987 1989 285 1720.00 5.50 11.40 1.08 4.90 2.70
3987 1989 286 3230.00 10.80 15.70 1.21 6.30 0.10
3987 1989 287 6420.00 7.70 14.30 1.02 5.40 0.40
3987 1989 288 7990.00 5.40 13.10 0.82 6.00 0.00
3987 1989 289 4910.00 2.60 12.90 0.90 5.10 0.00
3987 1989 290 8620.00 9.80 16.50 1.09 4.70 0.00
3987 1989 291 8820.00 6.30 16.40 1.07 3.00 0.00
3987 1989 292 6510.00 3.80 16.10 1.02 3.30 0.00
3987 1989 293 5990.00 7.60 18.50 1.14 4.80 1.80
3987 1989 294 3900.00 8.20 18.10 1.23 6.20 0.30
3987 1989 295 8980.00 12.60 22.50 1.23 5.40 0.00
3987 1989 296 7370.00 11.60 22.80 1.23 4.00 0.00
3987 1989 297 4320.00 11.30 17.70 1.23 5.20 0.00
3987 1989 298 7670.00 8.20 18.10 1.10 5.00 0.00
3987 1989 299 5400.00 8.80 17.40 1.22 5.10 0.00
3987 1989 300 5160.00 10.00 15.20 1.07 4.00 0.00
3987 1989 301 7750.00 8.10 21.60 1.17 4.60 0.00
3987 1989 302 4370.00 9.20 16.10 1.02 4.90 1.40
3987 1989 303 2280.00 8.50 14.80 1.25 6.40 11.50
3987 1989 304 4140.00 9.30 12.70 1.10 4.80 0.20
3987 1989 305 3300.00 6.40 13.40 1.06 3.20 3.20
3987 1989 306 2980.00 7.30 11.10 1.04 3.00 0.00
3987 1989 307 2460.00 6.30 10.30 0.95 3.90 13.00
3987 1989 308 3410.00 7.60 11.10 1.04 2.30 0.00
3987 1989 309 3810.00 5.70 11.20 0.89 4.40 0.00
3987 1989 310 930.00 2.90 7.70 0.86 2.90 24.60
3987 1989 311 490.00 5.20 8.00 0.93 5.00 7.20
3987 1989 312 3620.00 3.70 7.70 0.77 3.70 2.20
3987 1989 313 3490.00 3.40 9.90 0.81 4.50 0.80
3987 1989 314 5810.00 0.40 9.40 0.67 4.60 0.00
3987 1989 315 4680.00 3.00 11.20 0.70 3.80 0.00
3987 1989 316 2650.00 -0.40 6.30 0.64 4.50 0.00
3987 1989 317 1470.00 -10.60 2.40 0.59 1.50 0.00
3987 1989 318 2770.00 -1.40 5.50 0.64 3.20 0.00
3987 1989 319 2610.00 4.90 8.90 0.77 5.50 0.00
3987 1989 320 5610.00 -2.00 6.50 0.55 2.50 0.00
3987 1989 321 5660.00 -2.40 5.00 0.49 4.40 0.00
3987 1989 322 4810.00 -4.20 4.00 0.39 5.80 0.00
3987 1989 323 4480.00 -4.50 2.80 0.41 5.10 0.00
3987 1989 324 4050.00 -4.90 1.70 0.44 3.50 0.00
3987 1989 325 750.00 -4.60 -1.50 0.43 0.80 3.10
3987 1989 326 960.00 -4.10 1.20 0.53 3.80 1.40
3987 1989 327 4640.00 -2.90 0.90 0.51 5.70 3.30
3987 1989 328 800.00 -1.60 2.80 0.57 4.60 2.90
3987 1989 329 4480.00 -7.10 -1.60 0.36 3.90 6.70
3987 1989 330 420.00 -5.60 2.70 0.60 7.20 2.80
3987 1989 331 910.00 -1.50 6.10 0.68 6.00 0.50
3987 1989 332 3790.00 0.00 5.90 0.54 4.00 0.00
3987 1989 333 4170.00 -3.20 2.60 0.45 2.60 0.00
3987 1989 334 3470.00 -6.20 -1.70 0.42 0.70 0.00
3987 1989 335 3560.00 -4.80 -1.50 0.45 2.40 0.00
3987 1989 336 3170.00 -6.90 0.10 0.42 2.90 0.00
3987 1989 337 3060.00 -6.80 -1.70 0.40 2.50 0.00
3987 1989 338 630.00 -7.80 2.00 0.58 4.30 0.30
3987 1989 339 990.00 0.70 2.10 0.62 1.90 0.10
3987 1989 340 650.00 -0.30 5.00 0.71 6.50 2.70
3987 1989 341 3950.00 -1.10 6.30 0.56 6.00 0.00
3987 1989 342 1560.00 -3.80 2.40 0.56 5.10 2.20
3987 1989 343 2257.14 -2.50 3.20 0.56 3.40 0.20
3987 1989 344 4170.00 -6.80 -1.70 0.35 3.20 0.00
3987 1989 345 540.00 -3.00 1.80 0.54 5.50 0.60
3987 1989 346 1540.00 -1.40 1.50 0.55 3.50 2.70
3987 1989 347 550.00 0.10 2.50 0.70 2.90 11.10
3987 1989 348 380.00 0.10 8.90 0.79 4.60 5.70
3987 1989 349 910.00 6.00 10.70 0.92 6.30 0.00
3987 1989 350 520.00 0.80 6.00 0.73 5.10 1.40
3987 1989 351 1450.00 4.10 12.00 1.08 6.30 0.80
3987 1989 352 1510.00 8.60 11.50 0.92 6.30 0.30
3987 1989 353 1720.00 6.20 12.50 0.87 7.00 0.00
3987 1989 354 730.00 1.80 6.40 0.82 4.50 5.60
3987 1989 355 3070.00 6.30 14.30 1.09 7.80 0.00
3987 1989 356 790.00 8.70 12.90 1.12 4.80 13.10
3987 1989 357 1770.00 3.30 10.00 0.76 8.00 0.00
3987 1989 358 870.00 4.10 6.60 0.80 4.10 0.30
3987 1989 359 3530.00 1.40 8.60 0.68 4.80 0.00
3987 1989 360 4020.00 -2.90 4.50 0.54 4.50 0.00
3987 1989 361 3530.00 -3.90 0.60 0.45 4.10 0.00
3987 1989 362 2290.00 -5.70 -1.90 0.41 2.00 0.00
3987 1989 363 700.00 -2.80 -2.30 0.44 3.00 0.00
3987 1989 364 520.00 -4.20 -0.70 0.46 3.70 0.00
3987 1989 365 170.00 -3.10 -0.90 0.49 2.20 0.00
