*---------------------------------------------------------------------------*
* Station name: Potsdam Saekularstation
* Year: 1979
* Author: Pedro Alencar                                   -999.000: NIL VALUE
* Source: DWD
* Comments: Gaps filled with interpolation and storical means
* Longitude: 13.0622, latitude: 52.3812, altitude: 82.0 m.
*
    * Column  Daily value
    * 1       station number
    * 2       year
    * 3       day
    * 4       irradiation                   (kJ m-2 d-1)
    * 5       minimum temperature           (degrees Celsius
    * 6       maximum temperature           (degrees Celsius)
    * 7       early morning vapour pressure (kPa)
    * 8       mean wind speed (height: 2 m) (m s-1)
    * 9       precipitation                 (mm d-1)
    *
** WCCDESCRIPTION=Potsdam, Germany
** WCCFORMAT=2
** WCCYEARNR=1979
*---------------------------------------------------------------------------*
   13.0622 52.3812 82.0 -0.18 -0.55
3987 1979 1 2440.00 -19.20 -8.20 0.18 5.30 0.10
3987 1979 2 3090.00 -13.10 -7.80 0.23 10.10 0.00
3987 1979 3 2520.00 -11.40 -6.30 0.30 8.40 0.60
3987 1979 4 3470.00 -12.50 -7.50 0.26 5.20 0.40
3987 1979 5 3200.00 -15.90 -9.50 0.21 3.00 0.00
3987 1979 6 3350.00 -14.40 -9.00 0.21 1.30 0.00
3987 1979 7 2450.00 -17.30 -2.40 0.27 5.70 2.30
3987 1979 8 980.00 -2.40 0.60 0.55 5.00 1.30
3987 1979 9 900.00 0.00 0.70 0.61 3.20 4.90
3987 1979 10 3510.00 -2.00 1.70 0.52 6.80 0.00
3987 1979 11 2440.00 -2.30 2.90 0.49 6.30 0.00
3987 1979 12 1500.00 -2.80 0.70 0.52 5.00 3.60
3987 1979 13 2130.00 -2.70 0.30 0.52 6.30 8.10
3987 1979 14 2280.00 -3.70 0.60 0.53 6.30 1.30
3987 1979 15 1570.00 -3.60 -0.10 0.44 6.20 0.40
3987 1979 16 610.00 -3.10 -1.50 0.50 5.30 5.00
3987 1979 17 1750.00 -2.20 -0.10 0.50 2.50 2.40
3987 1979 18 1190.00 -5.00 -2.00 0.41 6.40 0.00
3987 1979 19 1920.00 -4.40 -3.10 0.41 8.10 0.00
3987 1979 20 1030.00 -4.90 -3.20 0.39 7.20 0.00
3987 1979 21 1770.00 -8.60 -4.90 0.32 4.50 0.00
3987 1979 22 820.00 -9.30 -6.80 0.30 2.10 0.00
3987 1979 23 1790.00 -7.20 -1.40 0.42 5.10 5.20
3987 1979 24 1150.00 -2.10 2.20 0.50 6.90 1.50
3987 1979 25 3980.00 -4.90 1.60 0.41 6.40 0.00
3987 1979 26 2840.00 -6.80 -0.40 0.37 6.80 0.00
3987 1979 27 4410.00 -4.20 2.50 0.45 4.10 0.00
3987 1979 28 1930.00 -2.60 0.30 0.47 3.50 0.00
3987 1979 29 1330.00 -4.80 -0.60 0.44 4.10 0.40
3987 1979 30 3680.00 -3.60 2.40 0.49 1.40 0.20
3987 1979 31 4370.00 -2.80 -0.30 0.47 6.20 2.10
3987 1979 32 3250.00 -1.70 3.40 0.54 6.60 1.20
3987 1979 33 1540.00 -0.30 3.00 0.60 6.20 3.20
3987 1979 34 5950.00 -4.00 2.20 0.45 7.80 0.80
3987 1979 35 6340.00 -1.70 3.70 0.50 6.00 0.00
3987 1979 36 5040.00 -4.70 2.90 0.46 3.10 0.00
3987 1979 37 2950.00 -7.20 -1.10 0.42 3.40 0.00
3987 1979 38 5860.00 -4.40 0.20 0.39 5.90 1.20
3987 1979 39 4050.00 -2.50 1.20 0.46 10.20 0.00
3987 1979 40 7510.00 -7.10 1.30 0.40 4.90 0.10
3987 1979 41 4750.00 -5.30 0.00 0.42 0.90 0.00
3987 1979 42 6670.00 -10.10 0.30 0.31 6.70 0.00
3987 1979 43 1830.00 -5.00 -2.20 0.37 6.80 2.60
3987 1979 44 2530.00 -3.50 -2.10 0.42 4.50 9.10
3987 1979 45 1330.00 -9.00 -3.30 0.32 10.40 11.90
3987 1979 46 1980.00 -11.20 -8.30 0.24 9.40 0.60
3987 1979 47 3800.00 -10.40 -6.10 0.28 8.70 0.00
3987 1979 48 1750.00 -10.60 -7.40 0.26 9.60 5.50
3987 1979 49 2020.00 -7.70 -0.60 0.45 7.40 0.00
3987 1979 50 4670.00 -3.50 1.10 0.43 3.80 0.00
3987 1979 51 6100.00 -6.20 1.40 0.36 5.90 0.00
3987 1979 52 8340.00 -9.90 2.50 0.32 6.40 0.00
3987 1979 53 7920.00 -8.00 3.20 0.34 4.80 0.00
3987 1979 54 6310.00 -8.80 0.00 0.37 2.00 0.00
3987 1979 55 2660.00 -3.60 -1.20 0.44 2.60 0.20
3987 1979 56 10700.00 -4.30 1.40 0.40 4.20 0.00
3987 1979 57 4140.00 -7.50 -1.80 0.39 2.90 0.00
3987 1979 58 3420.00 -7.70 2.20 0.40 4.10 0.00
3987 1979 59 11040.00 -4.30 5.80 0.35 5.50 0.00
3987 1979 60 7710.00 -5.30 5.00 0.41 6.30 0.30
3987 1979 61 8140.00 -3.30 5.70 0.50 8.10 0.00
3987 1979 62 3630.00 3.40 8.10 0.71 7.00 0.60
3987 1979 63 2100.00 2.90 5.80 0.78 6.90 8.10
3987 1979 64 6370.00 -0.50 3.80 0.58 3.10 0.00
3987 1979 65 8260.00 -3.10 6.50 0.56 5.40 0.00
3987 1979 66 5330.00 0.50 8.10 0.64 6.20 3.10
3987 1979 67 8600.00 0.40 6.10 0.57 5.30 0.00
3987 1979 68 7700.00 -1.10 8.30 0.59 9.00 3.00
3987 1979 69 6320.00 -0.20 5.70 0.58 8.50 1.30
3987 1979 70 7440.00 -3.00 4.10 0.48 5.50 4.60
3987 1979 71 10130.00 0.60 8.40 0.68 8.90 0.20
3987 1979 72 4290.00 1.40 7.50 0.64 8.20 0.00
3987 1979 73 12250.00 -1.10 5.50 0.49 4.20 0.10
3987 1979 74 2010.00 -0.90 2.20 0.49 9.80 3.60
3987 1979 75 2690.00 0.70 3.80 0.61 5.50 4.50
3987 1979 76 2960.00 0.30 3.00 0.60 6.00 5.00
3987 1979 77 12140.00 -2.60 2.20 0.43 4.30 1.20
3987 1979 78 5400.00 -2.40 -0.10 0.44 3.30 1.30
3987 1979 79 5730.00 -1.80 2.20 0.50 4.60 0.70
3987 1979 80 9720.00 -0.80 11.90 0.69 4.40 2.60
3987 1979 81 14090.00 1.20 10.00 0.52 6.80 1.00
3987 1979 82 8910.00 1.80 7.20 0.55 7.50 1.40
3987 1979 83 17490.00 -1.70 7.20 0.48 4.50 0.00
3987 1979 84 11080.00 -2.00 12.10 0.60 7.80 7.20
3987 1979 85 10970.00 7.50 17.10 1.07 6.50 0.20
3987 1979 86 11940.00 1.80 12.80 0.67 7.40 0.00
3987 1979 87 12780.00 2.80 16.30 0.72 5.30 0.40
3987 1979 88 2030.00 5.80 12.60 0.92 2.80 6.70
3987 1979 89 1850.00 1.00 6.90 0.72 5.60 8.70
3987 1979 90 2150.00 0.50 2.90 0.65 5.40 0.60
3987 1979 91 6270.00 1.80 6.30 0.63 7.30 0.00
3987 1979 92 6770.00 4.10 10.00 0.76 5.60 0.60
3987 1979 93 5900.00 1.90 10.10 0.71 6.00 0.80
3987 1979 94 12410.00 -0.20 11.80 0.64 2.90 0.50
3987 1979 95 5840.00 2.40 6.60 0.77 3.20 1.40
3987 1979 96 10910.00 1.00 9.80 0.72 3.90 0.00
3987 1979 97 4280.00 3.30 7.30 0.67 4.60 4.60
3987 1979 98 13730.00 2.80 10.30 0.64 3.10 0.00
3987 1979 99 10840.00 0.40 7.40 0.59 6.00 0.00
3987 1979 100 19940.00 1.10 17.00 0.62 7.30 0.00
3987 1979 101 21730.00 2.00 17.00 0.59 9.20 0.00
3987 1979 102 18110.00 3.30 19.00 0.77 5.70 0.00
3987 1979 103 16960.00 7.90 20.00 0.90 2.30 0.00
3987 1979 104 19820.00 6.50 20.20 0.86 3.30 0.00
3987 1979 105 21150.00 5.30 17.60 0.71 4.20 0.00
3987 1979 106 17540.00 2.50 14.00 0.63 8.00 0.00
3987 1979 107 2090.00 1.20 9.50 0.55 4.80 3.60
3987 1979 108 17590.00 -1.60 8.00 0.48 3.10 0.00
3987 1979 109 12680.00 2.10 7.60 0.53 2.50 0.00
3987 1979 110 14020.00 1.50 12.90 0.65 3.80 0.50
3987 1979 111 6370.00 6.00 10.90 0.90 3.70 0.10
3987 1979 112 7480.00 3.40 12.00 0.90 4.70 1.60
3987 1979 113 7060.00 5.00 14.20 1.00 5.30 1.90
3987 1979 114 10540.00 7.90 16.40 0.99 6.20 0.00
3987 1979 115 14990.00 3.40 15.90 0.84 3.30 3.20
3987 1979 116 13730.00 4.60 13.70 0.95 3.00 0.00
3987 1979 117 11260.00 5.50 11.20 0.84 3.90 0.00
3987 1979 118 10920.00 2.80 9.70 0.68 3.30 0.00
3987 1979 119 8790.00 1.30 12.80 0.70 5.50 2.30
3987 1979 120 7670.00 5.30 9.80 0.79 9.30 5.40
3987 1979 121 13980.00 1.20 9.90 0.67 6.50 0.90
3987 1979 122 8310.00 1.50 11.90 0.65 9.00 1.60
3987 1979 123 15860.00 -0.30 9.80 0.62 6.40 0.90
3987 1979 124 16690.00 -0.30 9.80 0.70 2.80 0.80
3987 1979 125 13270.00 2.10 10.10 0.73 2.30 1.80
3987 1979 126 14170.00 0.40 10.30 0.72 3.40 4.80
3987 1979 127 14800.00 1.80 11.10 0.64 3.90 0.00
3987 1979 128 24960.00 3.90 18.70 0.55 4.80 0.00
3987 1979 129 24640.00 5.10 21.30 0.66 4.20 0.00
3987 1979 130 12620.00 7.40 17.80 0.72 6.30 0.00
3987 1979 131 18650.00 2.20 14.20 0.72 3.10 4.70
3987 1979 132 9420.00 6.60 14.20 1.01 2.30 0.00
3987 1979 133 19730.00 7.70 15.70 1.04 2.90 0.00
3987 1979 134 25710.00 6.80 24.00 1.13 2.20 0.00
3987 1979 135 26020.00 12.20 27.90 1.16 3.30 0.00
3987 1979 136 25100.00 12.20 27.70 1.09 5.30 0.00
3987 1979 137 22100.00 15.00 28.20 1.24 4.90 0.30
3987 1979 138 14130.00 12.90 21.70 1.34 3.50 12.20
3987 1979 139 11510.00 12.10 19.30 1.36 1.80 0.00
3987 1979 140 14760.00 11.60 21.80 1.46 6.80 0.00
3987 1979 141 24990.00 15.60 23.00 1.31 4.70 7.90
3987 1979 142 22730.00 11.70 23.40 1.35 3.40 0.60
3987 1979 143 21670.00 12.10 27.20 1.41 4.10 0.00
3987 1979 144 16610.00 13.00 25.20 1.55 4.50 3.00
3987 1979 145 14390.00 9.00 17.90 1.11 5.10 1.70
3987 1979 146 23470.00 7.00 25.40 1.06 4.70 0.00
3987 1979 147 20420.00 13.80 26.10 1.44 4.50 4.50
3987 1979 148 22600.00 11.20 20.50 1.25 5.10 0.00
3987 1979 149 26900.00 11.00 27.20 1.23 4.80 0.00
3987 1979 150 25000.00 13.10 28.50 1.32 5.20 0.00
3987 1979 151 26690.00 14.90 31.70 1.54 5.40 0.00
3987 1979 152 25810.00 16.90 32.30 1.56 4.70 0.00
3987 1979 153 25280.00 18.80 33.00 1.45 5.50 0.00
3987 1979 154 15920.00 19.10 31.30 1.80 5.50 4.60
3987 1979 155 27260.00 18.40 30.40 1.74 5.80 0.00
3987 1979 156 24090.00 16.90 31.00 1.50 4.80 0.00
3987 1979 157 17110.00 17.50 26.50 1.91 3.10 3.30
3987 1979 158 3610.00 14.60 19.70 1.64 3.80 4.90
3987 1979 159 13580.00 11.50 16.60 1.25 4.40 7.00
3987 1979 160 12990.00 9.20 17.90 1.23 4.20 2.20
3987 1979 161 22330.00 9.80 18.30 1.08 4.10 0.00
3987 1979 162 18670.00 8.20 23.10 1.30 3.50 0.00
3987 1979 163 21050.00 15.10 27.40 1.70 3.10 4.30
3987 1979 164 16470.00 12.50 21.50 1.59 2.40 14.40
3987 1979 165 16990.00 11.10 19.80 1.35 4.60 0.00
3987 1979 166 12160.00 11.30 18.40 1.27 3.90 15.40
3987 1979 167 1480.00 11.30 15.50 1.35 4.30 22.70
3987 1979 168 23670.00 10.10 18.90 1.25 5.70 0.00
3987 1979 169 21080.00 10.10 21.20 1.29 4.70 0.00
3987 1979 170 22170.00 11.30 22.40 1.48 3.30 0.00
3987 1979 171 24840.00 11.70 25.60 1.48 2.50 0.00
3987 1979 172 26750.00 15.30 27.30 1.45 3.60 0.00
3987 1979 173 26550.00 14.80 27.10 1.51 4.00 0.00
3987 1979 174 14400.00 15.90 23.20 1.78 2.70 0.00
3987 1979 175 23900.00 15.00 28.20 1.77 4.10 0.00
3987 1979 176 21860.00 16.40 26.50 1.37 3.90 0.00
3987 1979 177 22080.00 15.00 24.90 1.35 3.20 0.00
3987 1979 178 21020.00 14.60 24.60 1.50 2.50 0.00
3987 1979 179 18270.00 13.20 22.10 1.30 3.00 0.00
3987 1979 180 16950.00 11.80 23.70 1.48 5.30 0.90
3987 1979 181 18750.00 11.50 19.40 1.17 7.20 1.70
3987 1979 182 15320.00 10.20 16.40 1.06 6.50 2.00
3987 1979 183 17800.00 7.50 16.80 0.94 4.60 0.00
3987 1979 184 15020.00 7.60 18.40 1.20 2.60 0.00
3987 1979 185 17920.00 10.30 19.50 1.16 3.60 0.00
3987 1979 186 18310.00 9.40 20.10 1.19 5.80 0.00
3987 1979 187 14290.00 10.30 19.10 1.34 6.60 0.00
3987 1979 188 9540.00 11.40 20.80 1.38 5.40 3.90
3987 1979 189 10320.00 12.50 17.40 1.28 8.50 1.00
3987 1979 190 5100.00 11.50 18.10 1.41 6.00 6.90
3987 1979 191 14290.00 11.80 18.30 1.16 7.30 0.00
3987 1979 192 13710.00 8.70 19.80 1.19 4.10 0.00
3987 1979 193 28220.00 9.60 23.80 1.25 2.00 0.00
3987 1979 194 25120.00 12.90 26.80 1.35 2.80 0.00
3987 1979 195 19030.00 13.00 24.30 1.44 4.40 0.00
3987 1979 196 12360.00 13.00 22.10 1.29 3.30 0.70
3987 1979 197 14440.00 9.40 16.40 1.08 6.10 3.50
3987 1979 198 18440.00 11.10 19.10 1.12 4.40 0.20
3987 1979 199 10560.00 10.40 22.10 1.60 5.80 9.20
3987 1979 200 11210.00 13.70 21.20 1.34 7.30 0.50
3987 1979 201 12400.00 12.70 18.40 1.14 7.20 0.00
3987 1979 202 9720.00 11.70 19.30 1.17 6.30 2.40
3987 1979 203 15810.00 9.90 17.40 1.14 8.00 1.40
3987 1979 204 9140.00 11.80 16.80 1.17 7.00 1.80
3987 1979 205 10370.00 11.70 17.40 1.25 5.50 8.90
3987 1979 206 13670.00 9.80 17.30 1.24 4.30 0.70
3987 1979 207 12070.00 10.90 21.20 1.35 3.30 0.20
3987 1979 208 18610.00 11.60 19.50 1.27 3.80 0.00
3987 1979 209 20870.00 10.90 23.10 1.26 2.00 0.00
3987 1979 210 15350.00 13.70 26.50 1.63 4.30 21.50
3987 1979 211 16280.00 15.00 21.80 1.64 6.80 1.40
3987 1979 212 18730.00 13.60 25.40 1.56 3.90 1.60
3987 1979 213 12030.00 14.90 22.10 1.66 4.10 2.70
3987 1979 214 12830.00 16.40 23.70 1.61 6.80 0.50
3987 1979 215 19130.00 14.20 23.00 1.37 4.40 0.00
3987 1979 216 16530.00 12.00 20.20 1.37 3.30 0.40
3987 1979 217 24210.00 10.30 20.60 1.10 3.00 0.00
3987 1979 218 23130.00 10.20 22.60 1.14 3.00 0.00
3987 1979 219 21600.00 12.30 25.80 1.32 3.90 0.00
3987 1979 220 18920.00 15.60 28.60 1.61 5.00 0.00
3987 1979 221 18430.00 12.00 21.90 1.33 4.00 11.70
3987 1979 222 7180.00 12.50 19.30 1.49 7.00 4.90
3987 1979 223 16340.00 10.40 19.20 1.30 4.80 0.10
3987 1979 224 17370.00 9.60 21.00 1.23 2.20 0.00
3987 1979 225 20160.00 10.40 23.70 1.35 2.20 0.00
3987 1979 226 20770.00 11.30 25.60 1.33 5.10 0.00
3987 1979 227 20270.00 14.50 28.30 1.65 3.90 0.00
3987 1979 228 20890.00 14.40 30.30 1.61 4.10 0.00
3987 1979 229 14350.00 14.10 24.10 1.78 2.20 0.00
3987 1979 230 21990.00 13.40 27.70 1.43 5.30 0.00
3987 1979 231 21030.00 14.70 26.30 1.36 3.50 0.00
3987 1979 232 18700.00 13.40 25.00 1.58 3.70 4.20
3987 1979 233 12290.00 14.70 22.30 1.59 4.50 1.70
3987 1979 234 15700.00 14.40 20.70 1.53 3.00 0.00
3987 1979 235 13530.00 11.90 21.40 1.32 2.10 0.00
3987 1979 236 14940.00 11.40 21.70 1.29 2.30 0.00
3987 1979 237 14350.00 10.50 18.10 1.16 4.20 0.00
3987 1979 238 15840.00 7.60 17.60 1.11 4.80 4.10
3987 1979 239 12480.00 10.40 16.90 1.21 8.70 1.60
3987 1979 240 7300.00 10.40 15.00 1.13 8.70 1.00
3987 1979 241 5340.00 10.90 16.00 1.40 4.90 0.10
3987 1979 242 18620.00 12.30 23.90 1.53 2.70 0.00
3987 1979 243 17190.00 12.40 25.60 1.36 3.70 0.00
3987 1979 244 16740.00 12.90 27.70 1.56 2.80 0.00
3987 1979 245 17150.00 15.60 29.90 1.45 4.60 0.00
3987 1979 246 8120.00 15.40 23.60 1.60 3.80 1.90
3987 1979 247 6120.00 11.40 16.90 1.43 4.80 2.80
3987 1979 248 15840.00 9.10 18.20 1.15 2.60 0.00
3987 1979 249 19070.00 9.20 22.10 1.20 3.90 0.00
3987 1979 250 16660.00 10.30 24.70 1.35 4.40 0.50
3987 1979 251 5240.00 13.20 19.50 1.70 1.80 3.40
3987 1979 252 9580.00 13.50 23.50 1.82 2.10 7.60
3987 1979 253 9230.00 13.90 18.80 1.53 4.00 0.00
3987 1979 254 13700.00 11.50 22.20 1.45 6.80 0.00
3987 1979 255 14620.00 12.80 20.30 1.32 4.50 0.00
3987 1979 256 10140.00 11.10 20.70 1.34 6.90 0.00
3987 1979 257 15390.00 7.40 18.20 0.99 4.70 0.00
3987 1979 258 13330.00 7.10 14.00 0.83 9.80 3.20
3987 1979 259 12830.00 4.60 13.90 0.84 5.20 0.40
3987 1979 260 12290.00 7.30 19.30 0.90 5.90 0.20
3987 1979 261 7080.00 12.00 19.50 1.22 8.90 0.00
3987 1979 262 7270.00 15.20 22.00 1.63 6.30 0.00
3987 1979 263 11000.00 13.00 23.90 1.64 5.60 1.40
3987 1979 264 10930.00 10.80 17.30 1.09 3.80 0.00
3987 1979 265 1870.00 8.30 11.10 0.99 3.20 11.80
3987 1979 266 4260.00 6.80 12.90 1.07 2.30 2.50
3987 1979 267 6335.10 8.20 14.10 1.03 3.00 0.00
3987 1979 268 7570.00 6.60 15.60 0.94 3.70 0.00
3987 1979 269 11680.00 5.20 18.20 1.09 4.60 0.00
3987 1979 270 7410.00 9.60 19.70 1.33 4.50 0.30
3987 1979 271 11720.00 7.80 15.70 0.99 1.90 0.00
3987 1979 272 12880.00 3.90 15.90 0.90 1.80 0.00
3987 1979 273 11110.00 4.60 15.40 0.95 2.30 0.00
3987 1979 274 14130.00 4.50 14.60 0.69 5.10 0.00
3987 1979 275 14490.00 1.60 13.00 0.64 5.60 0.00
3987 1979 276 13280.00 0.00 12.10 0.53 6.50 0.00
3987 1979 277 7620.00 2.30 14.30 0.80 4.20 1.00
3987 1979 278 3430.00 7.30 11.00 0.86 7.20 0.00
3987 1979 279 12530.00 1.60 12.40 0.60 8.20 0.00
3987 1979 280 11420.00 0.80 16.20 0.63 6.00 0.00
3987 1979 281 8520.00 6.60 19.10 1.11 3.00 0.00
3987 1979 282 9620.00 5.90 18.70 1.03 4.40 0.00
3987 1979 283 10740.00 5.50 21.40 1.04 5.20 0.00
3987 1979 284 10460.00 5.60 20.10 1.06 5.00 0.00
3987 1979 285 9220.00 6.70 22.30 1.17 4.90 0.00
3987 1979 286 8300.00 8.20 19.70 1.27 4.30 0.00
3987 1979 287 7800.00 9.60 21.50 1.15 3.80 0.00
3987 1979 288 4880.00 9.90 18.40 1.32 4.80 1.10
3987 1979 289 6750.00 8.20 16.60 1.19 4.40 1.20
3987 1979 290 3510.00 8.90 12.40 1.10 3.50 0.00
3987 1979 291 2290.00 7.90 12.10 1.02 8.00 1.90
3987 1979 292 8390.00 7.10 13.50 0.87 7.30 0.00
3987 1979 293 3000.00 6.40 13.50 1.01 5.10 0.00
3987 1979 294 6920.00 5.90 12.10 0.90 2.70 0.00
3987 1979 295 7930.00 1.60 11.50 0.70 3.90 0.00
3987 1979 296 8430.00 0.50 9.90 0.62 3.80 0.00
3987 1979 297 8550.00 -1.60 9.80 0.58 5.90 0.00
3987 1979 298 8400.00 -1.40 7.40 0.49 7.80 0.00
3987 1979 299 8500.00 -2.40 9.50 0.41 8.50 0.00
3987 1979 300 7800.00 -2.60 7.30 0.42 8.20 0.00
3987 1979 301 6970.00 -2.70 7.10 0.43 8.20 0.00
3987 1979 302 2640.00 -1.40 2.50 0.48 6.90 0.00
3987 1979 303 340.00 0.60 1.60 0.59 4.40 0.30
3987 1979 304 1320.00 0.50 2.70 0.58 5.20 1.90
3987 1979 305 690.00 0.60 3.80 0.68 4.30 0.80
3987 1979 306 2060.00 3.10 7.60 0.81 3.70 0.00
3987 1979 307 1460.00 1.90 5.90 0.74 2.10 0.00
3987 1979 308 2800.00 2.10 8.20 0.67 8.30 14.50
3987 1979 309 2440.00 4.80 9.10 0.90 5.50 4.20
3987 1979 310 2360.00 3.00 7.30 0.77 7.60 7.50
3987 1979 311 3290.00 3.40 7.70 0.73 7.50 5.40
3987 1979 312 2660.00 1.70 7.40 0.75 6.70 7.60
3987 1979 313 2000.00 3.20 7.30 0.77 5.40 0.30
3987 1979 314 3730.00 -0.30 7.20 0.65 5.10 0.00
3987 1979 315 4870.00 -1.50 6.90 0.60 5.30 0.00
3987 1979 316 5520.00 -2.00 5.60 0.50 7.30 0.50
3987 1979 317 3380.00 0.10 5.30 0.64 3.60 0.00
3987 1979 318 1380.00 -3.60 1.80 0.57 5.20 0.50
3987 1979 319 2060.00 0.40 4.60 0.71 3.70 9.80
3987 1979 320 870.00 2.30 5.00 0.73 5.00 0.00
3987 1979 321 3340.00 -1.40 4.10 0.59 3.50 0.40
3987 1979 322 2230.00 0.80 5.40 0.69 2.40 3.60
3987 1979 323 1450.00 1.30 4.10 0.70 2.60 0.10
3987 1979 324 780.00 2.40 4.40 0.71 5.00 0.10
3987 1979 325 520.00 2.40 4.20 0.69 3.80 0.00
3987 1979 326 1060.00 2.40 3.90 0.66 2.80 0.00
3987 1979 327 3260.00 -1.30 4.30 0.56 3.70 0.00
3987 1979 328 740.00 -1.80 2.30 0.59 4.50 0.40
3987 1979 329 2820.00 1.30 6.00 0.63 4.90 0.00
3987 1979 330 1570.00 -0.80 7.00 0.66 9.50 0.40
3987 1979 331 3460.00 3.90 9.20 0.71 8.30 1.40
3987 1979 332 530.00 2.60 8.40 0.86 5.30 2.30
3987 1979 333 2280.00 8.00 12.20 0.89 7.40 0.00
3987 1979 334 1620.00 5.40 11.20 0.77 6.60 8.20
3987 1979 335 570.00 7.20 10.50 1.03 9.80 2.10
3987 1979 336 1460.00 7.00 10.40 0.91 6.60 0.00
3987 1979 337 2090.00 4.90 12.70 0.90 6.00 2.00
3987 1979 338 3050.00 5.40 11.10 0.90 7.70 0.00
3987 1979 339 1800.00 4.40 13.90 0.85 10.70 1.50
3987 1979 340 3120.00 3.40 13.60 0.76 6.50 0.00
3987 1979 341 650.00 2.70 11.20 0.94 5.90 11.50
3987 1979 342 730.00 5.80 10.60 1.03 5.20 5.10
3987 1979 343 1226.95 6.80 9.70 0.98 4.70 4.90
3987 1979 344 990.00 6.30 9.80 0.94 8.10 3.00
3987 1979 345 470.00 4.00 7.90 0.85 6.70 11.60
3987 1979 346 1890.00 -2.10 6.70 0.48 4.20 0.10
3987 1979 347 1580.00 -5.70 -1.20 0.43 6.00 3.90
3987 1979 348 300.00 -2.10 -1.30 0.49 7.10 7.10
3987 1979 349 590.00 -2.30 4.60 0.66 7.50 7.60
3987 1979 350 390.00 3.10 5.30 0.75 9.20 5.40
3987 1979 351 840.00 2.00 7.70 0.72 8.60 1.50
3987 1979 352 430.00 3.50 6.30 0.65 10.50 1.50
3987 1979 353 900.00 1.50 3.90 0.67 3.00 0.10
3987 1979 354 730.00 -3.20 1.50 0.52 2.40 0.00
3987 1979 355 610.00 -2.50 -0.10 0.47 3.70 0.00
3987 1979 356 350.00 -1.50 1.80 0.59 8.40 0.00
3987 1979 357 520.00 1.80 4.20 0.69 5.10 0.00
3987 1979 358 2680.00 -0.50 4.00 0.55 4.80 0.00
3987 1979 359 650.00 -0.40 2.20 0.60 4.20 0.10
3987 1979 360 730.00 -0.50 2.90 0.62 2.70 0.00
3987 1979 361 2520.00 -2.10 1.40 0.55 5.70 0.00
3987 1979 362 2150.00 -0.70 2.90 0.52 7.30 0.00
3987 1979 363 3080.00 1.20 4.90 0.59 7.60 4.30
3987 1979 364 1670.00 0.10 2.30 0.60 4.30 2.00
3987 1979 365 1630.00 -0.20 1.30 0.59 5.50 0.30
