*---------------------------------------------------------------------------*
* Station name: Potsdam Saekularstation
* Year: 1936
* Author: Pedro Alencar                                   -999.000: NIL VALUE
* Source: DWD
* Comments: Gaps filled with interpolation and storical means
* Longitude: 13.0622, latitude: 52.3812, altitude: 82.0 m.
*
    * Column  Daily value
    * 1       station number
    * 2       year
    * 3       day
    * 4       irradiation                   (kJ m-2 d-1)
    * 5       minimum temperature           (degrees Celsius
    * 6       maximum temperature           (degrees Celsius)
    * 7       early morning vapour pressure (kPa)
    * 8       mean wind speed (height: 2 m) (m s-1)
    * 9       precipitation                 (mm d-1)
    *
** WCCDESCRIPTION=Potsdam, Germany
** WCCFORMAT=2
** WCCYEARNR=1936
*---------------------------------------------------------------------------*
   13.0622 52.3812 82.0 -0.18 -0.55
3987 1936 1 2362.27 1.80 6.40 0.67 4.70 0.10
3987 1936 2 3646.74 0.30 9.20 0.71 5.60 0.60
3987 1936 3 1977.60 1.80 8.20 0.77 5.10 0.00
3987 1936 4 1580.02 2.20 5.30 0.75 5.20 0.00
3987 1936 5 3989.25 0.50 5.70 0.64 4.90 0.00
3987 1936 6 1618.15 -2.10 2.10 0.56 5.20 0.90
3987 1936 7 3579.66 0.80 6.90 0.67 5.10 0.00
3987 1936 8 2198.58 1.60 6.70 0.71 5.20 0.60
3987 1936 9 1663.59 2.50 6.80 0.79 5.70 8.30
3987 1936 10 1718.34 5.00 10.50 1.03 7.10 6.20
3987 1936 11 2707.52 3.10 9.50 0.71 10.10 2.20
3987 1936 12 3104.30 1.20 4.40 0.57 8.50 0.00
3987 1936 13 3765.33 -0.10 4.20 0.55 7.20 0.60
3987 1936 14 2412.93 -0.50 3.10 0.55 8.80 0.60
3987 1936 15 2859.77 -1.50 2.70 0.53 7.60 0.00
3987 1936 16 4834.19 -3.90 2.00 0.45 4.30 0.00
3987 1936 17 1861.75 -2.40 2.60 0.51 6.20 0.10
3987 1936 18 4475.10 -0.90 4.40 0.52 6.70 1.40
3987 1936 19 1923.40 -0.50 2.30 0.57 5.10 0.80
3987 1936 20 2378.41 -3.80 4.70 0.67 5.30 0.90
3987 1936 21 4811.69 3.80 9.20 0.68 6.90 0.00
3987 1936 22 4456.56 1.00 5.90 0.51 6.60 0.00
3987 1936 23 2647.62 -3.30 2.90 0.59 6.10 0.00
3987 1936 24 3691.89 -1.40 4.60 0.56 6.20 0.00
3987 1936 25 2126.53 -3.10 1.60 0.57 4.30 0.20
3987 1936 26 2509.87 -0.50 7.30 0.71 4.30 2.60
3987 1936 27 2191.18 3.30 6.20 0.84 2.40 3.80
3987 1936 28 2594.82 2.60 7.40 0.81 4.30 0.80
3987 1936 29 3058.68 3.30 9.40 0.84 4.50 0.00
3987 1936 30 2315.86 1.20 5.40 0.73 3.30 0.20
3987 1936 31 2573.95 0.50 6.40 0.69 5.10 0.60
3987 1936 32 2559.91 3.90 7.40 0.87 5.30 0.40
3987 1936 33 2553.51 2.10 7.10 0.79 5.30 2.20
3987 1936 34 2663.53 2.30 5.80 0.71 7.90 1.70
3987 1936 35 3462.34 -0.10 3.90 0.57 5.40 0.00
3987 1936 36 4046.37 -1.50 2.70 0.53 6.60 0.00
3987 1936 37 2711.74 -2.10 0.10 0.47 5.80 0.40
3987 1936 38 2705.80 -4.70 0.10 0.45 4.50 0.10
3987 1936 39 7588.71 -7.30 1.10 0.41 2.80 0.00
3987 1936 40 2813.32 -5.40 0.70 0.47 5.30 5.10
3987 1936 41 7993.47 -11.40 -2.60 0.27 3.50 0.00
3987 1936 42 2997.19 -13.70 -4.20 0.25 5.80 0.10
3987 1936 43 2970.29 -6.20 1.10 0.49 7.00 0.70
3987 1936 44 3718.70 0.20 3.30 0.63 7.20 0.90
3987 1936 45 6191.80 -3.20 2.60 0.43 3.80 0.00
3987 1936 46 5977.29 -7.20 -1.10 0.28 6.60 2.60
3987 1936 47 3193.92 -4.40 3.00 0.63 5.50 7.60
3987 1936 48 3247.40 1.50 4.00 0.73 3.40 0.00
3987 1936 49 3312.65 0.30 3.60 0.67 6.30 0.00
3987 1936 50 3374.72 0.10 2.40 0.65 6.50 8.90
3987 1936 51 3456.58 -4.60 1.10 0.47 6.00 6.90
3987 1936 52 3533.84 -7.60 -3.60 0.33 5.60 0.00
3987 1936 53 5598.44 -8.60 -2.50 0.33 7.80 0.00
3987 1936 54 3637.49 -5.50 1.00 0.53 4.70 0.30
3987 1936 55 3696.97 -0.30 2.40 0.63 2.60 2.20
3987 1936 56 3766.84 -0.50 1.40 0.61 3.00 0.10
3987 1936 57 3838.04 -1.10 0.70 0.57 3.70 0.40
3987 1936 58 4575.13 -1.90 4.40 0.57 3.70 0.10
3987 1936 59 3959.64 -1.10 4.80 0.67 7.10 16.40
3987 1936 60 6472.68 0.90 6.90 0.63 5.70 0.00
3987 1936 61 8291.18 -2.20 7.50 0.60 3.70 0.00
3987 1936 62 4179.37 -0.60 2.60 0.64 2.60 0.20
3987 1936 63 5031.36 -0.90 5.30 0.71 4.20 0.20
3987 1936 64 4310.17 0.50 5.20 0.73 3.80 0.00
3987 1936 65 4382.46 1.50 3.60 0.75 2.20 0.40
3987 1936 66 4463.11 0.40 3.60 0.68 2.90 2.20
3987 1936 67 4537.11 0.40 3.00 0.65 2.90 0.10
3987 1936 68 4607.01 -0.30 3.50 0.68 2.10 0.50
3987 1936 69 8514.52 -0.60 10.10 0.75 3.80 0.00
3987 1936 70 6920.73 3.70 12.60 0.84 2.40 4.60
3987 1936 71 4913.39 1.40 6.30 0.73 4.20 2.50
3987 1936 72 4914.24 -0.30 3.20 0.55 5.00 0.00
3987 1936 73 4992.18 -1.00 1.90 0.56 5.70 0.00
3987 1936 74 5069.89 0.00 1.40 0.59 6.70 0.80
3987 1936 75 7814.40 -1.00 3.50 0.53 8.40 1.40
3987 1936 76 5309.56 0.00 3.70 0.60 4.60 0.70
3987 1936 77 15059.95 -4.20 9.00 0.44 3.60 0.00
3987 1936 78 12789.43 -1.30 12.40 0.49 3.40 0.00
3987 1936 79 15485.08 -0.50 13.80 0.55 3.20 0.00
3987 1936 80 15724.37 0.00 15.50 0.64 5.30 0.00
3987 1936 81 13443.48 2.40 15.80 0.76 5.20 0.00
3987 1936 82 15338.30 0.40 18.90 0.68 3.60 0.00
3987 1936 83 15574.39 4.60 18.30 0.73 4.70 0.00
3987 1936 84 8139.33 4.20 16.30 0.87 5.10 0.50
3987 1936 85 5885.77 4.60 11.50 0.84 5.10 3.20
3987 1936 86 5957.40 3.30 8.90 0.81 5.40 0.00
3987 1936 87 6044.19 3.70 7.00 0.76 5.10 0.00
3987 1936 88 6123.37 3.40 7.20 0.69 4.60 0.00
3987 1936 89 13961.16 0.00 14.90 0.84 3.40 0.00
3987 1936 90 6242.84 5.10 11.70 1.09 4.00 6.60
3987 1936 91 12488.04 6.50 16.30 1.09 3.90 1.80
3987 1936 92 12382.61 9.30 16.90 1.01 5.50 0.00
3987 1936 93 6560.85 7.50 14.60 1.27 4.00 6.70
3987 1936 94 6796.74 2.70 11.00 0.69 4.70 0.10
3987 1936 95 12944.95 1.30 9.70 0.60 3.00 0.00
3987 1936 96 15262.40 -2.00 9.90 0.43 3.20 0.00
3987 1936 97 12228.38 -0.80 10.60 0.44 3.20 0.00
3987 1936 98 9740.76 1.20 7.00 0.61 3.10 0.00
3987 1936 99 20242.47 -1.90 11.40 0.56 2.70 0.00
3987 1936 100 15061.31 0.40 13.10 0.65 4.50 0.00
3987 1936 101 15622.33 -0.60 11.40 0.55 4.50 0.30
3987 1936 102 7536.31 0.90 6.70 0.61 5.40 0.20
3987 1936 103 14942.10 -3.00 8.70 0.48 2.60 0.00
3987 1936 104 12664.14 2.10 8.30 0.57 4.40 0.00
3987 1936 105 15936.49 -1.90 14.40 0.49 3.40 0.00
3987 1936 106 11115.63 5.70 15.60 0.97 3.90 3.90
3987 1936 107 15379.55 8.40 20.50 0.96 4.60 2.50
3987 1936 108 9107.01 5.50 19.50 1.04 6.00 2.00
3987 1936 109 7721.10 0.60 5.90 0.68 6.90 9.60
3987 1936 110 18458.69 0.70 10.40 0.57 9.70 0.10
3987 1936 111 17315.92 0.30 11.00 0.55 6.50 0.40
3987 1936 112 12749.17 1.20 7.50 0.71 5.40 3.40
3987 1936 113 8080.59 -1.80 8.10 0.67 4.70 0.30
3987 1936 114 8059.68 2.00 7.00 0.69 5.10 0.60
3987 1936 115 13566.20 -0.50 7.60 0.68 4.80 7.30
3987 1936 116 10521.98 0.00 14.40 0.84 6.80 2.10
3987 1936 117 13079.80 5.10 14.20 0.92 3.50 0.00
3987 1936 118 23572.22 3.20 18.30 0.80 5.30 0.00
3987 1936 119 22480.80 6.10 20.60 0.85 4.40 0.00
3987 1936 120 17039.47 7.70 20.30 1.01 3.90 0.00
3987 1936 121 12118.77 6.90 13.90 0.95 4.30 0.00
3987 1936 122 11018.95 4.40 15.20 0.97 2.80 0.00
3987 1936 123 8986.91 6.70 17.30 0.92 3.90 0.00
3987 1936 124 14291.19 6.30 16.40 0.97 4.50 0.00
3987 1936 125 11760.44 7.20 18.90 1.17 3.60 0.00
3987 1936 126 17771.75 8.90 24.60 1.19 4.80 0.20
3987 1936 127 18667.67 11.50 22.80 1.31 6.00 4.40
3987 1936 128 22079.32 11.60 23.00 1.28 5.70 0.00
3987 1936 129 13476.23 11.70 22.60 1.24 5.20 0.30
3987 1936 130 16695.27 11.10 22.40 1.52 3.30 0.70
3987 1936 131 9187.12 10.30 16.40 1.43 2.90 0.10
3987 1936 132 10883.61 10.90 17.30 1.33 3.00 0.00
3987 1936 133 11428.74 9.80 17.40 1.12 2.80 0.80
3987 1936 134 9136.29 9.80 12.10 1.25 2.80 4.20
3987 1936 135 11421.08 9.30 16.60 1.23 2.30 0.00
3987 1936 136 21859.19 8.30 21.20 1.04 3.40 0.80
3987 1936 137 19846.46 5.90 17.60 0.96 5.10 0.00
3987 1936 138 16647.91 8.50 18.90 1.04 5.80 0.00
3987 1936 139 26750.60 8.30 22.00 0.72 6.00 0.00
3987 1936 140 26960.45 6.60 21.30 0.71 5.60 0.00
3987 1936 141 22145.97 6.90 21.10 0.76 3.10 0.00
3987 1936 142 10708.65 7.60 13.90 1.05 3.80 10.80
3987 1936 143 16596.29 2.90 15.90 0.95 3.60 4.20
3987 1936 144 9552.07 8.50 13.60 1.28 3.20 3.40
3987 1936 145 9560.10 9.80 15.40 1.48 2.50 0.20
3987 1936 146 13756.96 10.60 20.50 1.40 2.20 0.00
3987 1936 147 16533.09 10.30 23.10 1.44 2.70 0.00
3987 1936 148 22318.89 12.70 23.10 1.41 3.40 0.00
3987 1936 149 18777.33 8.20 15.80 0.91 5.90 1.50
3987 1936 150 19897.12 8.10 16.40 0.89 3.20 0.00
3987 1936 151 23017.35 7.20 18.60 0.83 3.00 0.20
3987 1936 152 16702.16 9.70 18.90 1.16 4.10 2.30
3987 1936 153 10708.70 5.60 13.00 0.81 2.70 0.00
3987 1936 154 25244.44 5.20 17.80 0.79 2.80 0.00
3987 1936 155 23368.03 5.40 20.00 0.85 4.80 0.00
3987 1936 156 21042.14 8.70 21.10 1.00 7.30 0.00
3987 1936 157 13745.18 12.30 20.20 1.32 5.00 1.20
3987 1936 158 17070.68 9.80 17.90 1.27 3.10 0.60
3987 1936 159 16243.70 9.80 19.30 1.20 5.50 2.80
3987 1936 160 12417.58 9.00 14.80 1.01 6.10 0.20
3987 1936 161 21398.10 5.70 16.50 0.91 5.30 0.00
3987 1936 162 10371.26 8.80 15.70 1.13 3.60 1.20
3987 1936 163 10224.83 10.40 18.30 1.39 2.60 4.70
3987 1936 164 17248.72 10.90 20.20 1.33 2.50 0.00
3987 1936 165 26369.91 10.10 24.70 1.39 2.50 0.00
3987 1936 166 25413.96 12.10 28.40 1.32 3.90 0.10
3987 1936 167 13617.07 14.50 21.60 1.55 3.50 0.00
3987 1936 168 26029.21 13.30 23.70 1.20 3.90 0.00
3987 1936 169 28096.33 11.80 28.60 1.17 3.60 0.00
3987 1936 170 28521.20 14.00 30.10 1.31 4.00 0.00
3987 1936 171 28766.66 12.10 29.90 1.43 2.70 0.00
3987 1936 172 28365.91 15.00 30.40 1.40 3.40 0.00
3987 1936 173 27089.27 14.90 30.00 1.53 4.10 0.00
3987 1936 174 23945.84 15.80 29.40 1.65 3.30 0.00
3987 1936 175 16572.13 18.00 29.00 1.83 3.00 0.50
3987 1936 176 12182.40 15.60 20.60 1.73 4.10 0.00
3987 1936 177 23318.57 12.90 25.80 1.57 3.70 1.50
3987 1936 178 20536.13 13.00 24.90 1.69 2.40 0.00
3987 1936 179 27204.14 14.20 27.30 1.60 3.70 0.00
3987 1936 180 28331.02 11.70 26.70 1.24 3.70 0.00
3987 1936 181 26359.17 14.30 30.50 1.44 4.10 0.00
3987 1936 182 21260.00 17.10 30.80 1.84 3.50 25.80
3987 1936 183 12900.38 17.00 25.90 2.12 2.70 4.10
3987 1936 184 14114.95 16.20 22.40 1.65 4.30 4.20
3987 1936 185 12445.40 14.50 21.90 1.67 3.30 23.90
3987 1936 186 23208.82 11.50 23.90 1.61 3.70 0.10
3987 1936 187 16812.79 15.40 23.20 1.73 4.50 0.40
3987 1936 188 27889.49 13.40 25.80 1.39 3.40 0.00
3987 1936 189 25456.14 14.60 29.30 1.43 4.40 0.20
3987 1936 190 14890.37 17.60 27.10 1.92 5.00 5.20
3987 1936 191 13470.05 14.10 24.90 1.81 3.20 5.50
3987 1936 192 19920.39 13.60 23.00 1.29 4.40 0.00
3987 1936 193 11641.07 14.20 22.30 1.49 3.30 11.30
3987 1936 194 14113.68 12.50 21.60 1.51 2.90 0.00
3987 1936 195 18180.33 11.10 22.10 1.45 4.80 0.80
3987 1936 196 16569.43 14.40 21.60 1.35 5.50 0.10
3987 1936 197 11740.71 12.40 22.60 1.56 6.30 2.20
3987 1936 198 20422.93 13.30 21.60 1.32 8.10 0.10
3987 1936 199 26923.67 13.20 26.00 1.37 4.60 0.00
3987 1936 200 26267.98 14.90 34.70 1.55 4.80 1.80
3987 1936 201 15598.69 16.20 27.80 1.47 5.90 0.00
3987 1936 202 16777.61 12.30 23.40 1.39 4.70 2.10
3987 1936 203 23355.88 11.10 24.10 1.35 3.10 0.00
3987 1936 204 25270.52 12.40 23.90 1.29 3.30 0.00
3987 1936 205 17657.82 13.70 24.40 1.45 2.90 0.00
3987 1936 206 17266.01 13.50 28.00 1.40 4.20 0.00
3987 1936 207 10151.50 15.60 23.80 1.81 3.30 14.10
3987 1936 208 17884.20 13.90 21.10 1.45 4.20 0.30
3987 1936 209 12657.22 12.50 21.90 1.51 3.80 7.50
3987 1936 210 10156.13 13.90 18.50 1.71 2.60 3.60
3987 1936 211 14431.25 14.10 22.20 1.52 4.20 9.30
3987 1936 212 18377.65 10.10 21.40 1.33 3.60 0.10
3987 1936 213 25012.48 9.60 23.10 1.19 2.40 0.00
3987 1936 214 10657.58 11.40 19.20 1.33 3.20 0.00
3987 1936 215 15601.47 11.70 21.40 1.45 4.30 1.30
3987 1936 216 13203.24 13.10 21.00 1.55 6.00 2.00
3987 1936 217 15226.49 12.40 20.40 1.25 7.20 1.10
3987 1936 218 14139.37 10.90 19.50 1.23 5.40 1.00
3987 1936 219 16017.45 10.20 20.20 1.08 4.70 0.00
3987 1936 220 11877.34 11.20 22.60 1.27 2.70 7.20
3987 1936 221 12396.68 14.00 21.70 1.61 2.50 2.30
3987 1936 222 21435.33 11.70 23.00 1.44 2.90 0.00
3987 1936 223 23668.96 11.90 26.00 1.35 4.80 0.00
3987 1936 224 23206.53 12.10 26.90 1.31 5.40 0.00
3987 1936 225 20165.95 12.90 25.90 1.43 4.60 0.00
3987 1936 226 12157.52 15.00 22.00 1.61 4.10 0.00
3987 1936 227 8962.77 12.50 16.70 1.55 5.30 32.70
3987 1936 228 19254.61 11.90 22.30 1.60 3.20 0.00
3987 1936 229 21210.00 13.90 26.40 1.65 1.80 0.00
3987 1936 230 22033.91 14.90 28.50 1.64 2.90 0.00
3987 1936 231 20616.33 15.10 29.30 1.65 3.50 0.00
3987 1936 232 11655.56 15.10 21.90 1.79 2.80 2.00
3987 1936 233 7895.33 13.10 18.30 1.51 4.40 0.60
3987 1936 234 18249.42 10.30 24.50 1.60 3.30 5.70
3987 1936 235 13508.81 15.10 21.60 1.53 4.70 0.10
3987 1936 236 17344.18 10.50 20.70 1.21 6.10 0.00
3987 1936 237 7600.10 12.80 19.50 1.56 7.20 0.00
3987 1936 238 16207.69 12.80 22.70 1.47 7.30 0.10
3987 1936 239 21408.52 11.10 21.90 1.17 5.20 0.00
3987 1936 240 21161.95 8.30 23.60 1.08 3.30 0.00
3987 1936 241 20678.24 9.00 24.00 1.04 2.10 0.00
3987 1936 242 19436.96 11.40 26.30 1.20 3.50 0.00
3987 1936 243 14545.33 11.30 27.30 1.21 6.20 0.00
3987 1936 244 13571.65 13.80 21.30 1.32 9.50 0.70
3987 1936 245 11109.79 11.80 18.40 1.01 9.70 0.00
3987 1936 246 16412.73 8.80 20.10 1.03 5.60 0.00
3987 1936 247 9256.84 10.10 18.80 1.25 2.20 0.00
3987 1936 248 8733.84 12.00 20.70 1.64 4.90 7.70
3987 1936 249 14001.03 14.90 24.10 1.52 4.00 1.00
3987 1936 250 11314.25 13.40 20.20 1.33 5.30 0.30
3987 1936 251 8712.75 11.80 18.50 1.35 5.80 6.20
3987 1936 252 6838.28 10.90 14.60 1.31 8.90 8.00
3987 1936 253 7747.69 11.20 16.40 1.41 6.50 6.10
3987 1936 254 14907.06 8.50 18.60 1.04 3.80 0.00
3987 1936 255 17456.10 6.40 17.40 0.88 3.90 0.00
3987 1936 256 18172.63 5.40 18.10 0.89 4.40 0.00
3987 1936 257 17615.76 4.60 18.70 0.83 5.20 0.00
3987 1936 258 17518.35 5.50 19.90 0.85 5.20 0.00
3987 1936 259 17057.58 6.10 22.00 0.99 4.80 0.00
3987 1936 260 16750.99 8.00 23.30 1.08 5.80 0.00
3987 1936 261 16657.03 10.60 24.20 1.20 6.60 0.00
3987 1936 262 11388.45 10.70 24.30 1.23 5.10 0.00
3987 1936 263 8071.27 12.20 21.40 1.59 2.60 1.40
3987 1936 264 6688.50 11.30 21.20 1.51 3.00 0.70
3987 1936 265 12357.26 14.00 25.80 1.63 5.10 0.10
3987 1936 266 6881.02 13.50 20.10 1.43 5.40 0.90
3987 1936 267 11472.16 10.40 19.10 1.29 3.80 0.00
3987 1936 268 9571.54 10.60 18.90 1.28 2.90 0.00
3987 1936 269 9946.80 8.30 22.70 1.40 4.40 7.30
3987 1936 270 6407.43 6.90 16.90 1.01 5.30 1.40
3987 1936 271 8790.45 1.50 11.50 0.69 2.60 0.00
3987 1936 272 6437.61 2.60 11.00 0.76 3.70 3.00
3987 1936 273 11927.72 1.90 12.70 0.65 3.70 0.00
3987 1936 274 12761.89 1.80 14.10 0.88 4.10 0.10
3987 1936 275 6913.76 6.10 12.90 0.79 3.70 0.00
3987 1936 276 10010.16 1.10 11.30 0.68 4.60 0.00
3987 1936 277 6160.82 0.30 10.50 0.75 4.50 1.20
3987 1936 278 4514.64 4.00 9.80 0.99 6.60 8.70
3987 1936 279 5595.42 -0.40 6.90 0.71 4.30 1.50
3987 1936 280 10094.53 1.80 9.50 0.67 3.40 0.00
3987 1936 281 8785.56 -2.50 9.60 0.55 3.20 0.00
3987 1936 282 8804.36 -0.70 11.00 0.68 4.10 0.00
3987 1936 283 8695.56 0.20 9.80 0.63 3.70 0.00
3987 1936 284 8513.10 -0.60 7.80 0.63 3.20 0.00
3987 1936 285 10005.49 -1.30 10.10 0.55 3.20 0.00
3987 1936 286 3954.32 -0.20 7.80 0.84 6.30 6.90
3987 1936 287 4170.43 7.20 11.10 0.97 6.90 0.90
3987 1936 288 5437.23 1.80 10.50 0.81 4.10 0.10
3987 1936 289 3729.28 5.70 12.40 1.07 7.10 1.40
3987 1936 290 5100.81 8.30 13.10 1.01 8.60 2.50
3987 1936 291 3807.53 9.00 13.10 1.03 9.10 0.10
3987 1936 292 6552.50 7.90 14.20 0.89 11.50 2.10
3987 1936 293 4190.31 4.80 9.60 0.83 7.00 2.00
3987 1936 294 3430.43 4.70 8.30 0.84 3.50 0.00
3987 1936 295 4533.30 0.20 7.40 0.77 4.20 6.00
3987 1936 296 3626.17 5.60 12.50 1.11 6.20 0.00
3987 1936 297 3365.96 8.00 11.90 1.03 2.40 0.10
3987 1936 298 3178.83 4.10 12.20 0.91 4.10 0.00
3987 1936 299 3502.00 7.00 12.30 1.00 6.10 1.70
3987 1936 300 6402.35 5.30 10.60 0.79 6.40 7.00
3987 1936 301 6237.15 5.20 11.70 0.85 9.40 4.90
3987 1936 302 4215.24 3.70 8.10 0.80 5.60 1.80
3987 1936 303 3841.51 3.00 9.20 0.81 4.00 0.00
3987 1936 304 3971.13 -0.50 7.20 0.72 2.60 0.10
3987 1936 305 2798.85 1.10 7.70 0.87 3.60 2.40
3987 1936 306 2740.09 6.40 8.60 1.05 1.90 0.50
3987 1936 307 2703.06 1.50 8.70 0.84 4.70 2.40
3987 1936 308 2645.91 1.50 7.90 0.79 4.40 0.20
3987 1936 309 2592.44 5.40 8.90 0.92 3.60 0.90
3987 1936 310 2602.29 5.60 9.60 0.91 4.10 0.00
3987 1936 311 4517.88 4.60 10.90 0.80 5.30 0.00
3987 1936 312 3948.43 4.00 10.40 0.79 5.10 0.00
3987 1936 313 4973.54 5.60 11.50 0.75 6.80 0.90
3987 1936 314 5712.87 3.90 11.40 0.69 7.00 0.00
3987 1936 315 3919.86 6.10 11.60 0.77 6.90 2.50
3987 1936 316 4929.90 3.80 8.60 0.73 5.70 0.40
3987 1936 317 2238.05 2.90 9.40 0.87 6.50 2.70
3987 1936 318 3578.64 7.70 12.70 0.93 6.30 1.10
3987 1936 319 3441.61 4.10 9.90 0.81 6.20 0.40
3987 1936 320 3795.26 1.20 9.20 0.72 5.50 0.10
3987 1936 321 2389.33 1.70 7.00 0.77 8.10 6.90
3987 1936 322 3931.96 4.20 8.30 0.83 5.00 2.50
3987 1936 323 2024.12 3.50 5.30 0.81 5.70 11.10
3987 1936 324 1998.83 0.60 3.90 0.60 5.60 0.70
3987 1936 325 1970.25 -1.50 1.40 0.51 3.60 0.00
3987 1936 326 1940.79 -2.10 -0.50 0.53 3.00 0.00
3987 1936 327 1905.51 -1.70 1.40 0.61 2.70 0.00
3987 1936 328 5271.27 -0.50 5.80 0.61 3.40 0.00
3987 1936 329 1852.05 -2.00 0.50 0.56 4.30 0.10
3987 1936 330 1828.51 -3.50 -0.70 0.49 1.70 0.10
3987 1936 331 1803.30 -3.40 -2.20 0.47 1.90 0.00
3987 1936 332 1778.48 -3.90 -2.60 0.45 2.00 0.10
3987 1936 333 1751.98 -3.10 -0.10 0.51 2.30 0.50
3987 1936 334 1858.53 -2.50 0.10 0.53 3.50 0.40
3987 1936 335 1694.71 -0.20 6.40 0.79 7.90 3.40
3987 1936 336 1762.33 2.30 6.60 0.64 11.30 2.30
3987 1936 337 1832.66 0.00 4.00 0.63 7.90 3.10
3987 1936 338 2152.52 -0.60 3.40 0.64 7.10 0.00
3987 1936 339 1620.46 -1.50 6.10 0.68 6.50 0.10
3987 1936 340 3118.61 0.10 5.10 0.56 6.30 1.10
3987 1936 341 3138.66 -0.50 5.40 0.57 5.90 2.00
3987 1936 342 1579.27 -0.80 1.70 0.61 4.30 0.60
3987 1936 343 1651.56 -1.20 1.70 0.59 2.20 0.00
3987 1936 344 4366.48 -4.70 1.10 0.52 3.50 0.00
3987 1936 345 1544.08 -3.30 1.60 0.61 4.20 0.20
3987 1936 346 3942.73 -2.10 2.00 0.56 5.00 0.00
3987 1936 347 1526.04 -1.40 0.80 0.59 2.90 0.00
3987 1936 348 2772.24 -2.50 3.10 0.57 4.10 0.00
3987 1936 349 4291.61 -1.40 5.10 0.59 5.40 0.00
3987 1936 350 1822.90 -1.10 2.70 0.64 6.30 2.50
3987 1936 351 3374.43 -0.20 5.40 0.69 6.10 2.40
3987 1936 352 3438.22 2.80 7.60 0.73 6.60 1.60
3987 1936 353 1475.21 5.10 11.40 1.09 6.60 1.50
3987 1936 354 1481.19 3.70 9.90 0.85 6.90 2.20
3987 1936 355 1963.85 1.10 6.30 0.64 5.90 0.00
3987 1936 356 4366.23 -1.70 6.90 0.55 5.00 0.00
3987 1936 357 2296.72 -5.40 0.50 0.53 4.10 0.80
3987 1936 358 2408.80 0.20 4.80 0.69 7.10 0.70
3987 1936 359 1692.41 -0.30 4.30 0.65 8.40 2.70
3987 1936 360 1974.23 2.50 7.20 0.75 9.20 2.20
3987 1936 361 2400.04 -2.20 2.90 0.55 3.50 0.00
3987 1936 362 3339.11 -3.40 3.80 0.56 2.50 0.00
3987 1936 363 3684.33 -5.00 4.30 0.49 2.20 0.00
3987 1936 364 3979.25 -5.70 2.20 0.52 2.70 0.30
3987 1936 365 1535.85 -4.30 3.70 0.71 3.80 0.30
3987 1936 366 3799.92 -0.30 6.60 0.71 4.70 0.40
