*---------------------------------------------------------------------------*
* Station name: Potsdam Saekularstation
* Year: 1928
* Author: Pedro Alencar                                   -999.000: NIL VALUE
* Source: DWD
* Comments: Gaps filled with interpolation and storical means
* Longitude: 13.0622, latitude: 52.3812, altitude: 82.0 m.
*
    * Column  Daily value
    * 1       station number
    * 2       year
    * 3       day
    * 4       irradiation                   (kJ m-2 d-1)
    * 5       minimum temperature           (degrees Celsius
    * 6       maximum temperature           (degrees Celsius)
    * 7       early morning vapour pressure (kPa)
    * 8       mean wind speed (height: 2 m) (m s-1)
    * 9       precipitation                 (mm d-1)
    *
** WCCDESCRIPTION=Potsdam, Germany
** WCCFORMAT=2
** WCCYEARNR=1928
*---------------------------------------------------------------------------*
   13.0622 52.3812 82.0 -0.18 -0.55
3987 1928 1 1552.78 -1.80 -0.60 0.43 4.00 0.00
3987 1928 2 4438.64 -7.10 -1.70 0.32 5.60 0.00
3987 1928 3 4554.67 -8.00 -1.40 0.28 5.30 0.00
3987 1928 4 1593.18 -9.90 1.20 0.48 6.40 5.80
3987 1928 5 1890.96 0.40 3.50 0.69 9.60 2.40
3987 1928 6 1612.64 1.00 4.70 0.69 9.40 9.40
3987 1928 7 3036.26 1.00 5.40 0.60 8.80 11.50
3987 1928 8 1645.01 0.60 7.80 0.85 8.20 1.90
3987 1928 9 2227.96 1.40 5.20 0.65 6.70 0.10
3987 1928 10 3638.91 2.20 6.00 0.71 6.50 1.10
3987 1928 11 3060.67 2.40 7.60 0.71 6.70 0.00
3987 1928 12 3862.19 -0.50 4.10 0.59 5.80 1.70
3987 1928 13 1751.40 -0.60 5.40 0.72 7.80 2.70
3987 1928 14 1864.46 3.40 6.30 0.73 8.20 0.90
3987 1928 15 1799.96 3.20 5.90 0.80 5.50 3.30
3987 1928 16 3252.16 1.20 7.00 0.73 4.10 0.00
3987 1928 17 1907.12 -0.10 4.10 0.68 4.50 9.70
3987 1928 18 1893.71 -0.20 2.10 0.60 3.90 0.20
3987 1928 19 1973.72 -2.00 0.20 0.48 3.80 0.00
3987 1928 20 2056.90 -4.30 -0.60 0.45 3.10 0.00
3987 1928 21 1989.75 -2.10 0.00 0.53 3.40 3.10
3987 1928 22 2026.79 -2.90 -0.60 0.51 6.20 1.20
3987 1928 23 2064.47 -3.90 -2.90 0.41 3.60 0.10
3987 1928 24 2083.31 -3.90 4.00 0.64 6.70 4.50
3987 1928 25 3635.42 1.50 5.90 0.59 8.40 0.00
3987 1928 26 3128.49 0.40 6.80 0.60 6.80 0.00
3987 1928 27 6082.80 -1.70 7.70 0.51 5.50 0.50
3987 1928 28 5388.61 -0.80 5.50 0.59 4.50 0.00
3987 1928 29 6586.43 -1.80 5.60 0.55 5.90 0.10
3987 1928 30 5872.82 -3.80 6.10 0.55 4.90 0.00
3987 1928 31 2364.78 -2.00 2.90 0.59 4.90 0.00
3987 1928 32 3063.92 -0.70 4.70 0.67 6.30 5.50
3987 1928 33 4181.55 -1.20 5.20 0.64 5.20 0.00
3987 1928 34 7078.95 -2.30 5.60 0.49 4.80 0.00
3987 1928 35 2555.94 -3.50 -0.20 0.49 2.90 0.00
3987 1928 36 2941.29 -2.00 3.80 0.52 6.50 3.80
3987 1928 37 4571.57 0.30 5.30 0.65 5.70 0.40
3987 1928 38 3511.35 0.70 5.50 0.67 7.20 0.40
3987 1928 39 2725.62 4.70 7.60 0.93 9.40 0.20
3987 1928 40 2780.92 5.00 8.10 0.80 9.20 0.00
3987 1928 41 5651.87 3.40 7.90 0.67 6.90 4.30
3987 1928 42 4507.70 1.60 7.70 0.57 10.40 9.30
3987 1928 43 3152.44 0.20 4.00 0.61 4.10 2.60
3987 1928 44 4035.48 0.30 4.50 0.63 4.80 2.10
3987 1928 45 3068.69 0.20 5.40 0.69 5.30 1.70
3987 1928 46 5983.47 0.40 7.30 0.71 5.40 7.30
3987 1928 47 3353.50 5.20 11.70 1.05 9.50 2.60
3987 1928 48 4639.08 2.70 10.60 0.71 11.70 4.00
3987 1928 49 3844.76 1.20 5.20 0.69 9.20 4.20
3987 1928 50 3357.88 1.40 6.60 0.83 8.10 3.30
3987 1928 51 3441.44 -1.20 5.50 0.48 4.40 0.00
3987 1928 52 4717.50 -4.40 -0.20 0.36 2.10 0.00
3987 1928 53 4004.10 -5.70 0.70 0.41 2.30 0.00
3987 1928 54 5727.12 -2.00 1.90 0.37 3.10 0.00
3987 1928 55 10843.35 -4.60 3.40 0.37 6.20 0.00
3987 1928 56 11116.07 -4.30 6.60 0.37 4.80 0.00
3987 1928 57 11365.77 -4.80 10.70 0.37 2.70 0.00
3987 1928 58 11098.56 0.00 8.20 0.52 4.40 0.00
3987 1928 59 11124.60 -3.60 4.30 0.43 6.80 0.00
3987 1928 60 11819.68 -4.10 3.40 0.36 7.10 0.00
3987 1928 61 12021.35 -5.00 6.50 0.32 6.20 0.00
3987 1928 62 12247.57 -3.80 8.80 0.36 6.00 0.00
3987 1928 63 12475.71 -4.10 9.30 0.40 5.50 0.00
3987 1928 64 12611.38 -2.90 11.50 0.51 4.70 0.00
3987 1928 65 12659.83 -1.80 12.20 0.55 4.60 0.00
3987 1928 66 12729.39 -0.70 13.70 0.60 4.80 0.00
3987 1928 67 10673.59 -0.70 11.20 0.71 3.20 0.80
3987 1928 68 4620.91 -1.00 5.30 0.59 3.70 3.70
3987 1928 69 6069.12 -4.90 0.50 0.36 3.80 0.20
3987 1928 70 6162.13 -5.10 -1.60 0.29 9.80 0.90
3987 1928 71 4871.86 -6.90 -2.60 0.27 9.90 0.70
3987 1928 72 5030.35 -7.00 -1.20 0.29 5.60 0.00
3987 1928 73 11413.93 -6.50 3.00 0.32 6.80 0.00
3987 1928 74 9873.60 -6.30 3.60 0.35 5.10 0.00
3987 1928 75 15103.91 -6.30 2.90 0.29 4.60 0.00
3987 1928 76 14990.90 -7.80 3.80 0.29 3.80 0.00
3987 1928 77 15486.42 -7.00 5.90 0.28 5.20 0.00
3987 1928 78 15703.40 -5.10 9.00 0.36 6.10 0.00
3987 1928 79 15966.57 -4.30 7.20 0.33 6.30 0.00
3987 1928 80 16222.68 -4.50 8.00 0.31 6.90 0.00
3987 1928 81 15821.46 -5.70 5.60 0.29 8.60 0.00
3987 1928 82 11642.74 1.30 15.30 0.61 5.90 0.00
3987 1928 83 15622.43 0.40 16.30 0.76 5.20 0.00
3987 1928 84 14148.87 2.40 15.70 0.80 4.90 0.00
3987 1928 85 11232.56 5.30 14.80 0.75 5.30 0.00
3987 1928 86 14038.91 1.40 16.30 0.79 3.50 0.00
3987 1928 87 8856.14 3.30 11.10 0.84 3.70 0.40
3987 1928 88 6405.51 4.70 8.70 0.88 2.10 14.30
3987 1928 89 7105.06 3.00 7.30 0.76 5.70 1.10
3987 1928 90 7637.70 1.70 13.70 0.88 5.90 2.30
3987 1928 91 7489.66 7.70 17.20 0.93 4.40 0.00
3987 1928 92 11699.73 7.90 17.20 1.08 3.80 0.00
3987 1928 93 7300.67 4.50 11.50 0.89 3.70 0.00
3987 1928 94 6573.51 4.50 8.40 0.83 3.80 0.00
3987 1928 95 6743.28 4.50 10.50 0.91 4.40 12.30
3987 1928 96 9130.13 2.70 9.70 0.72 8.10 4.10
3987 1928 97 7141.96 1.70 6.60 0.75 4.10 6.90
3987 1928 98 15674.70 -0.50 12.00 0.57 2.10 0.00
3987 1928 99 19954.95 0.40 15.40 0.60 5.40 0.00
3987 1928 100 20445.22 1.40 18.60 0.79 4.80 0.00
3987 1928 101 18398.91 7.40 22.00 0.88 3.30 0.00
3987 1928 102 15155.29 9.00 22.20 1.25 4.50 9.90
3987 1928 103 7253.66 3.90 12.90 0.95 5.00 2.40
3987 1928 104 7364.71 1.40 3.90 0.56 4.90 0.00
3987 1928 105 9082.67 -0.80 4.40 0.51 4.60 1.00
3987 1928 106 7529.15 -0.80 1.00 0.59 6.60 4.50
3987 1928 107 7579.06 0.10 5.10 0.56 4.70 0.00
3987 1928 108 8190.23 -0.30 6.40 0.51 5.50 0.00
3987 1928 109 14282.73 0.70 7.50 0.57 8.10 1.40
3987 1928 110 13040.80 -2.30 8.00 0.59 4.60 2.90
3987 1928 111 12883.20 0.80 8.90 0.60 4.80 1.50
3987 1928 112 10942.49 0.10 8.60 0.67 3.60 0.00
3987 1928 113 18182.29 0.70 11.50 0.61 3.40 0.00
3987 1928 114 17503.08 1.90 11.50 0.73 3.50 0.00
3987 1928 115 19535.44 2.60 16.60 0.76 2.40 0.00
3987 1928 116 23422.38 5.40 19.50 0.76 4.80 0.00
3987 1928 117 22825.79 6.20 19.60 0.81 5.80 0.00
3987 1928 118 15043.12 7.00 15.80 1.00 6.20 0.00
3987 1928 119 12031.24 8.90 18.70 1.11 4.00 0.00
3987 1928 120 18243.58 9.30 25.50 1.24 7.00 0.00
3987 1928 121 21045.98 12.00 26.90 1.35 4.40 0.70
3987 1928 122 16966.00 14.00 24.10 1.07 6.40 0.00
3987 1928 123 21848.98 12.60 25.50 1.01 6.70 0.00
3987 1928 124 23873.80 7.20 17.60 0.57 7.80 0.00
3987 1928 125 25271.47 4.20 17.70 0.47 6.30 0.00
3987 1928 126 24995.63 4.20 18.30 0.51 4.80 0.00
3987 1928 127 25498.95 4.10 20.30 0.57 4.40 0.00
3987 1928 128 22857.41 7.20 21.70 0.71 4.50 0.00
3987 1928 129 21035.07 5.90 14.90 0.71 6.50 0.00
3987 1928 130 19414.59 2.80 10.40 0.71 7.60 8.50
3987 1928 131 12878.78 0.50 8.50 0.65 3.70 2.20
3987 1928 132 18136.82 -0.20 10.00 0.69 3.60 3.30
3987 1928 133 11910.03 1.90 8.80 0.72 5.60 3.40
3987 1928 134 13237.19 4.10 10.80 0.73 3.60 0.00
3987 1928 135 16220.90 2.40 13.30 0.73 2.30 0.00
3987 1928 136 15076.27 6.00 16.30 0.81 2.20 2.40
3987 1928 137 15636.65 3.60 13.10 0.95 3.60 0.60
3987 1928 138 17842.94 6.60 13.10 0.80 5.30 0.40
3987 1928 139 18689.90 3.90 15.90 0.89 4.80 2.20
3987 1928 140 21949.06 6.10 16.20 0.92 5.10 0.00
3987 1928 141 10539.02 6.50 12.00 1.09 3.50 18.30
3987 1928 142 9502.69 8.90 9.90 1.15 3.10 4.50
3987 1928 143 19946.31 5.80 18.40 0.95 4.00 0.00
3987 1928 144 18782.86 7.20 20.10 1.04 3.30 10.80
3987 1928 145 11061.13 7.40 13.20 1.01 5.40 0.70
3987 1928 146 10724.65 8.00 12.10 1.08 4.20 0.10
3987 1928 147 24776.71 9.10 19.30 0.97 7.50 0.00
3987 1928 148 21849.34 6.70 18.60 1.05 5.40 0.00
3987 1928 149 25137.36 9.30 18.50 0.88 5.90 0.00
3987 1928 150 28148.74 5.10 20.60 0.88 2.80 0.00
3987 1928 151 21953.33 8.90 21.00 1.21 3.10 0.00
3987 1928 152 16451.83 9.40 19.50 1.35 4.10 2.60
3987 1928 153 23988.75 5.40 14.50 0.57 5.90 0.00
3987 1928 154 22249.99 1.90 15.80 0.67 3.70 0.10
3987 1928 155 12526.79 9.30 18.70 1.05 4.20 0.00
3987 1928 156 20364.12 8.80 22.40 1.00 4.90 0.00
3987 1928 157 16021.61 4.50 14.70 0.73 5.30 0.00
3987 1928 158 25231.17 7.00 16.90 0.81 4.50 0.00
3987 1928 159 21390.36 5.20 23.00 1.12 5.00 12.60
3987 1928 160 18169.71 12.70 19.50 1.37 5.50 2.90
3987 1928 161 25613.04 11.80 24.10 1.53 5.50 4.70
3987 1928 162 18657.38 15.90 28.20 2.15 4.80 6.90
3987 1928 163 14713.79 12.70 19.00 1.44 5.10 4.70
3987 1928 164 23167.54 8.80 18.40 1.03 4.50 0.00
3987 1928 165 22432.62 7.40 21.00 1.01 3.20 0.00
3987 1928 166 18916.10 12.90 26.40 1.43 7.20 5.50
3987 1928 167 18453.64 10.00 15.20 0.85 8.50 0.00
3987 1928 168 17424.06 6.80 13.40 0.93 6.90 0.50
3987 1928 169 21590.14 5.80 14.90 0.91 7.00 0.20
3987 1928 170 20341.43 4.30 15.50 0.99 3.90 4.80
3987 1928 171 25615.46 4.80 18.30 0.89 3.30 0.00
3987 1928 172 20942.73 9.60 19.90 1.20 3.20 7.20
3987 1928 173 17603.89 10.70 17.20 1.12 7.10 0.00
3987 1928 174 11855.56 7.20 17.10 1.23 3.70 0.00
3987 1928 175 20503.68 15.30 22.10 1.29 6.10 0.60
3987 1928 176 19847.48 10.20 20.60 1.27 4.70 0.40
3987 1928 177 27455.70 8.50 20.70 0.99 4.00 0.00
3987 1928 178 19142.62 9.40 25.70 1.57 5.30 4.90
3987 1928 179 17271.87 12.60 18.60 1.23 7.80 0.10
3987 1928 180 21606.83 8.90 19.00 1.08 6.10 0.00
3987 1928 181 20258.73 11.00 25.30 1.12 5.30 0.00
3987 1928 182 22416.30 14.60 28.30 1.39 5.00 5.30
3987 1928 183 24182.39 11.10 21.40 1.15 4.70 0.00
3987 1928 184 26685.40 11.70 26.70 1.13 3.70 0.00
3987 1928 185 24857.97 14.70 30.60 1.29 4.00 5.30
3987 1928 186 13909.49 11.10 21.90 1.47 6.20 2.10
3987 1928 187 21735.24 10.20 23.30 1.23 5.30 0.00
3987 1928 188 16076.46 13.40 24.50 1.49 5.60 5.80
3987 1928 189 15872.14 12.20 18.50 1.19 7.70 3.50
3987 1928 190 15296.16 8.60 16.70 0.99 4.90 0.00
3987 1928 191 27274.84 7.90 23.40 1.15 3.30 0.50
3987 1928 192 15854.92 14.90 22.90 1.35 3.50 0.60
3987 1928 193 15161.52 13.70 26.40 1.36 4.80 0.00
3987 1928 194 27979.72 15.20 30.70 1.57 2.80 0.00
3987 1928 195 25006.44 17.60 35.10 1.99 3.40 0.00
3987 1928 196 25898.57 18.40 30.20 1.52 3.40 0.00
3987 1928 197 26949.16 16.10 33.00 1.64 4.10 0.00
3987 1928 198 25686.37 18.60 34.70 1.84 3.00 0.00
3987 1928 199 25785.04 15.90 25.50 1.44 4.60 0.00
3987 1928 200 25256.25 10.60 26.00 1.27 3.20 0.00
3987 1928 201 17928.13 14.00 19.90 1.13 6.60 0.00
3987 1928 202 16088.70 8.70 19.00 1.09 4.60 0.00
3987 1928 203 12593.01 14.30 21.00 1.25 6.20 0.00
3987 1928 204 10782.68 12.00 18.90 1.28 5.70 1.40
3987 1928 205 16409.80 13.20 21.90 1.41 4.80 0.10
3987 1928 206 13628.85 11.10 21.60 1.47 5.60 3.30
3987 1928 207 12066.27 13.10 19.80 1.53 5.10 0.90
3987 1928 208 24420.26 11.90 25.00 1.33 5.80 0.00
3987 1928 209 23803.78 13.10 31.60 1.40 3.90 2.00
3987 1928 210 19646.62 17.30 28.30 1.69 5.80 5.40
3987 1928 211 14550.17 13.80 20.80 1.47 3.40 1.10
3987 1928 212 21983.31 10.10 21.80 1.20 4.60 0.00
3987 1928 213 12863.81 12.40 27.10 1.35 6.00 0.00
3987 1928 214 10553.28 9.70 17.70 1.28 2.10 5.10
3987 1928 215 10515.39 10.10 15.30 1.11 4.50 0.00
3987 1928 216 24500.07 7.00 20.00 1.01 2.90 0.00
3987 1928 217 9667.51 12.40 19.90 1.35 4.40 2.80
3987 1928 218 9269.64 13.00 18.70 1.64 5.50 11.80
3987 1928 219 13947.63 10.10 20.00 1.35 6.20 1.80
3987 1928 220 13382.94 10.50 21.20 1.32 4.80 0.00
3987 1928 221 10206.29 15.00 26.00 1.41 6.00 1.20
3987 1928 222 17121.55 12.50 21.80 1.24 7.30 0.00
3987 1928 223 20567.58 11.40 22.40 1.32 5.80 0.00
3987 1928 224 22407.67 9.20 21.80 1.24 3.60 0.00
3987 1928 225 18774.13 13.30 28.20 1.28 4.40 0.00
3987 1928 226 12127.73 17.50 23.60 1.75 4.20 2.30
3987 1928 227 14958.81 12.10 23.70 1.33 3.10 0.00
3987 1928 228 15404.86 13.80 26.10 1.49 3.00 0.00
3987 1928 229 9479.16 14.60 19.20 1.41 6.10 1.30
3987 1928 230 10681.53 11.10 16.90 1.25 4.90 0.80
3987 1928 231 11022.74 10.30 18.00 1.23 5.70 0.00
3987 1928 232 14478.64 10.80 20.00 1.23 5.30 0.00
3987 1928 233 18575.44 9.90 25.60 1.15 4.30 0.00
3987 1928 234 10211.90 14.30 21.40 1.57 3.50 0.30
3987 1928 235 13666.93 11.30 19.60 1.29 6.10 3.00
3987 1928 236 15719.25 12.30 20.40 1.39 7.00 0.00
3987 1928 237 15400.31 11.40 27.50 1.51 3.60 0.00
3987 1928 238 14490.86 16.40 27.30 1.75 5.10 1.20
3987 1928 239 17254.30 12.80 26.00 1.47 3.90 1.00
3987 1928 240 11412.62 15.10 23.00 1.52 6.00 0.90
3987 1928 241 9332.30 12.60 23.20 1.56 4.70 2.20
3987 1928 242 14276.55 11.10 25.10 1.39 3.90 0.00
3987 1928 243 7088.58 12.70 17.60 1.55 4.60 8.10
3987 1928 244 13947.56 10.30 17.50 1.11 6.70 0.00
3987 1928 245 18039.67 7.20 17.70 1.00 4.70 0.00
3987 1928 246 18509.87 6.60 19.70 1.03 2.30 0.00
3987 1928 247 16481.02 7.30 20.30 0.92 2.20 0.00
3987 1928 248 12398.24 9.70 23.80 0.96 4.10 0.00
3987 1928 249 18998.16 12.60 28.80 0.99 4.60 0.00
3987 1928 250 17056.15 13.30 30.50 1.49 6.00 0.00
3987 1928 251 18542.73 10.50 22.30 1.12 4.00 0.00
3987 1928 252 17863.10 11.50 29.30 1.35 5.40 0.00
3987 1928 253 17575.28 15.20 31.00 1.23 3.20 0.00
3987 1928 254 9675.11 15.70 25.10 1.65 4.90 0.00
3987 1928 255 12039.28 12.80 23.10 1.40 3.10 0.00
3987 1928 256 16092.60 9.40 19.00 1.00 4.30 0.00
3987 1928 257 11678.20 5.90 19.40 1.13 3.60 0.00
3987 1928 258 11655.66 6.20 19.30 1.17 3.00 0.00
3987 1928 259 7898.66 9.00 20.00 1.21 2.80 0.00
3987 1928 260 15950.87 7.90 19.40 1.04 2.20 0.00
3987 1928 261 13822.30 8.70 22.20 1.05 2.60 0.00
3987 1928 262 14735.05 8.40 24.20 1.15 4.00 0.00
3987 1928 263 7781.13 14.90 22.40 1.25 2.90 0.00
3987 1928 264 14157.19 10.90 18.80 0.96 3.50 0.00
3987 1928 265 12409.75 5.60 16.70 0.92 3.80 0.00
3987 1928 266 11112.46 6.70 15.20 0.84 3.10 0.00
3987 1928 267 11197.86 2.90 15.00 0.80 2.70 0.00
3987 1928 268 6422.29 2.80 12.00 0.85 3.00 0.40
3987 1928 269 7749.85 5.50 11.40 0.92 3.10 0.00
3987 1928 270 12555.49 4.40 15.70 0.80 3.20 0.00
3987 1928 271 14137.12 3.20 17.20 0.75 2.40 0.00
3987 1928 272 10174.81 4.60 17.90 0.91 3.20 0.00
3987 1928 273 5034.51 5.20 14.30 1.03 3.00 0.00
3987 1928 274 6759.75 5.70 11.60 0.71 3.60 0.00
3987 1928 275 7185.15 3.40 8.10 0.81 6.20 4.50
3987 1928 276 5155.02 5.20 9.50 0.97 6.60 14.60
3987 1928 277 11424.59 5.30 13.30 0.87 3.80 0.00
3987 1928 278 12998.28 3.10 15.10 0.77 2.60 0.00
3987 1928 279 13081.62 2.30 15.30 0.80 4.70 0.00
3987 1928 280 9841.74 3.00 17.70 1.00 4.30 2.10
3987 1928 281 6485.20 9.60 14.80 1.21 4.90 0.30
3987 1928 282 4197.84 7.70 15.60 1.21 4.30 0.00
3987 1928 283 9347.05 9.80 20.50 1.20 5.00 0.90
3987 1928 284 5050.89 11.30 15.70 1.25 5.50 0.80
3987 1928 285 8430.76 4.30 11.50 0.77 4.40 10.50
3987 1928 286 4121.61 0.80 6.10 0.73 4.40 1.70
3987 1928 287 4045.70 -1.30 6.40 0.69 3.80 2.80
3987 1928 288 7087.57 -0.40 6.80 0.65 3.40 0.00
3987 1928 289 7781.99 0.40 9.20 0.57 2.20 0.00
3987 1928 290 10624.32 -0.30 10.20 0.55 4.20 0.00
3987 1928 291 3620.31 0.80 8.60 0.84 5.60 3.00
3987 1928 292 5701.93 8.60 14.10 1.09 6.60 4.20
3987 1928 293 4091.61 9.40 14.70 1.17 6.60 1.20
3987 1928 294 9453.13 8.30 20.40 1.28 6.20 0.00
3987 1928 295 3346.26 10.90 15.50 1.27 3.80 2.20
3987 1928 296 3356.72 7.20 12.10 1.23 3.40 3.90
3987 1928 297 5011.70 9.70 13.90 1.15 4.10 0.20
3987 1928 298 7860.45 6.30 17.40 1.09 5.20 0.00
3987 1928 299 3421.85 9.00 17.40 1.32 3.70 0.00
3987 1928 300 7892.58 7.80 17.60 1.21 4.20 0.00
3987 1928 301 6904.30 6.60 16.80 1.13 4.70 0.00
3987 1928 302 4553.22 7.20 17.00 1.21 5.00 0.10
3987 1928 303 4685.56 6.70 12.20 0.96 5.60 1.00
3987 1928 304 7216.76 5.70 13.70 0.84 5.30 0.00
3987 1928 305 7474.78 5.50 16.00 0.89 4.30 0.00
3987 1928 306 6050.57 6.40 15.40 1.16 5.10 0.00
3987 1928 307 5555.23 7.90 14.10 1.04 3.10 0.00
3987 1928 308 6463.89 6.50 15.30 0.96 3.40 2.80
3987 1928 309 2589.90 7.20 8.80 1.05 4.50 19.40
3987 1928 310 3392.46 6.90 11.20 0.92 6.50 0.00
3987 1928 311 2669.51 3.60 8.20 0.80 4.80 1.00
3987 1928 312 4623.91 3.80 9.90 0.81 2.80 0.00
3987 1928 313 4662.70 0.80 7.80 0.80 3.60 1.30
3987 1928 314 2366.45 5.40 7.90 0.87 4.70 2.00
3987 1928 315 5354.99 -0.60 5.70 0.56 3.60 0.00
3987 1928 316 3034.18 -2.90 5.60 0.67 4.60 0.00
3987 1928 317 2342.18 4.20 8.50 0.97 5.40 4.20
3987 1928 318 2187.36 8.50 12.70 1.28 4.60 0.20
3987 1928 319 2152.98 9.10 11.00 1.11 4.00 0.10
3987 1928 320 2877.60 5.30 10.70 0.97 4.20 2.20
3987 1928 321 2528.08 6.90 10.90 1.05 5.90 8.90
3987 1928 322 3030.87 7.00 10.60 0.89 7.90 3.50
3987 1928 323 2064.24 6.30 8.50 0.84 10.30 1.80
3987 1928 324 1984.37 5.20 7.90 0.93 5.60 6.20
3987 1928 325 2855.23 5.90 10.70 0.95 5.80 0.40
3987 1928 326 3335.25 5.60 10.50 0.95 4.30 0.00
3987 1928 327 2215.70 4.30 9.00 0.85 5.80 5.30
3987 1928 328 2088.05 7.90 9.70 1.07 6.60 5.30
3987 1928 329 3619.12 5.60 11.30 0.73 8.50 0.00
3987 1928 330 2128.51 4.50 7.20 0.77 7.60 13.90
3987 1928 331 1784.82 3.90 6.40 0.81 9.00 7.70
3987 1928 332 1760.70 4.50 6.30 0.77 8.40 1.00
3987 1928 333 2449.83 1.60 5.30 0.73 4.70 2.50
3987 1928 334 2072.77 0.70 4.30 0.67 5.40 0.10
3987 1928 335 1694.69 0.10 5.70 0.76 6.80 3.60
3987 1928 336 1979.32 1.70 5.90 0.71 5.00 3.10
3987 1928 337 1656.92 2.20 3.60 0.72 2.70 0.80
3987 1928 338 1638.67 1.00 3.80 0.71 3.20 0.00
3987 1928 339 1622.05 -0.20 3.70 0.65 3.40 0.00
3987 1928 340 1605.10 -0.30 4.30 0.65 3.70 0.20
3987 1928 341 1587.92 1.90 6.30 0.76 5.40 0.30
3987 1928 342 2195.67 1.60 6.40 0.69 7.00 0.10
3987 1928 343 2601.97 -1.00 3.10 0.56 4.70 0.20
3987 1928 344 3619.83 -3.10 2.40 0.51 5.00 0.00
3987 1928 345 4259.23 -4.20 0.30 0.48 4.20 0.00
3987 1928 346 1537.67 -2.30 -1.60 0.48 8.40 1.80
3987 1928 347 1526.55 -1.70 -0.50 0.52 6.60 6.80
3987 1928 348 1517.10 -0.60 0.20 0.61 4.90 2.80
3987 1928 349 1512.50 -1.80 0.10 0.55 3.30 0.00
3987 1928 350 1545.90 -2.40 0.10 0.52 3.30 0.70
3987 1928 351 1621.96 -3.40 0.80 0.55 4.00 0.00
3987 1928 352 3149.14 -3.90 0.50 0.47 3.50 0.00
3987 1928 353 1499.77 -4.90 -2.20 0.39 3.40 0.00
3987 1928 354 1504.35 -8.90 -4.90 0.31 3.10 0.00
3987 1928 355 1507.61 -10.40 -7.90 0.28 3.40 0.00
3987 1928 356 2797.32 -11.20 -3.50 0.28 4.40 0.00
3987 1928 357 3606.81 -10.00 -5.60 0.29 4.30 0.00
3987 1928 358 2990.80 -6.70 -0.50 0.40 4.50 0.00
3987 1928 359 2916.17 -7.30 -1.80 0.40 5.50 0.00
3987 1928 360 1502.24 -4.80 1.60 0.56 6.40 1.40
3987 1928 361 1500.37 -0.80 5.80 0.72 7.90 9.30
3987 1928 362 2436.32 1.90 5.80 0.65 9.20 2.10
3987 1928 363 2577.23 -1.70 2.50 0.56 5.60 0.00
3987 1928 364 1533.83 -4.90 -1.00 0.48 3.10 1.60
3987 1928 365 1906.40 -1.00 1.90 0.65 4.20 2.30
3987 1928 366 1550.60 -0.50 0.30 0.56 4.70 0.50
