*---------------------------------------------------------------------------*
* Station name: Potsdam Saekularstation
* Year: 1964
* Author: Pedro Alencar                                   -999.000: NIL VALUE
* Source: DWD
* Comments: Gaps filled with interpolation and storical means
* Longitude: 13.0622, latitude: 52.3812, altitude: 82.0 m.
*
    * Column  Daily value
    * 1       station number
    * 2       year
    * 3       day
    * 4       irradiation                   (kJ m-2 d-1)
    * 5       minimum temperature           (degrees Celsius
    * 6       maximum temperature           (degrees Celsius)
    * 7       early morning vapour pressure (kPa)
    * 8       mean wind speed (height: 2 m) (m s-1)
    * 9       precipitation                 (mm d-1)
    *
** WCCDESCRIPTION=Potsdam, Germany
** WCCFORMAT=2
** WCCYEARNR=1964
*---------------------------------------------------------------------------*
   13.0622 52.3812 82.0 -0.18 -0.55
3987 1964 1 1340.00 -3.50 3.90 0.63 5.10 0.20
3987 1964 2 1000.00 2.10 4.40 0.71 2.60 0.00
3987 1964 3 2780.00 -2.40 3.30 0.59 2.80 0.00
3987 1964 4 3770.00 -4.60 3.20 0.44 4.50 0.00
3987 1964 5 3320.00 -7.00 1.20 0.39 3.70 0.00
3987 1964 6 2300.00 -5.20 3.20 0.57 3.30 0.00
3987 1964 7 740.00 -0.20 2.10 0.60 4.20 1.70
3987 1964 8 670.00 -1.60 2.50 0.61 4.00 6.30
3987 1964 9 280.00 -2.10 0.30 0.55 2.60 8.10
3987 1964 10 600.00 -8.10 -1.50 0.41 3.50 0.00
3987 1964 11 3280.00 -11.50 -7.40 0.27 4.60 0.00
3987 1964 12 3120.00 -15.90 -10.60 0.20 2.00 0.00
3987 1964 13 3780.00 -16.10 -6.20 0.25 1.80 0.00
3987 1964 14 2880.00 -9.40 -1.40 0.39 1.80 0.00
3987 1964 15 4580.00 -13.00 -5.40 0.28 3.20 0.00
3987 1964 16 4910.00 -12.20 -2.00 0.33 2.60 0.00
3987 1964 17 2460.00 -9.60 -2.30 0.43 2.50 0.00
3987 1964 18 3950.00 -8.20 -1.00 0.37 2.00 0.00
3987 1964 19 3990.00 -16.80 -7.40 0.21 2.00 0.00
3987 1964 20 2250.00 -10.70 -2.80 0.39 2.70 0.00
3987 1964 21 1280.00 -11.20 -0.20 0.48 2.90 0.00
3987 1964 22 640.00 -0.90 1.50 0.63 5.60 0.00
3987 1964 23 1080.00 0.40 1.80 0.63 3.90 0.00
3987 1964 24 950.00 -0.30 1.70 0.59 6.90 0.00
3987 1964 25 1250.00 1.10 2.90 0.68 9.70 1.80
3987 1964 26 1000.00 1.30 4.10 0.71 8.40 3.30
3987 1964 27 5020.00 -3.30 4.40 0.47 4.50 0.00
3987 1964 28 1080.00 -4.70 0.20 0.44 4.40 0.00
3987 1964 29 4240.00 -2.10 4.20 0.55 4.20 0.00
3987 1964 30 3030.00 -2.20 3.70 0.61 6.40 2.40
3987 1964 31 1780.00 1.30 3.80 0.65 5.80 1.00
3987 1964 32 520.00 2.00 8.70 0.80 9.80 1.00
3987 1964 33 2830.00 4.20 6.90 0.72 9.60 2.10
3987 1964 34 1280.00 4.20 7.40 0.87 5.30 4.40
3987 1964 35 3650.00 3.00 6.40 0.69 8.80 4.30
3987 1964 36 4740.00 -1.10 3.90 0.47 11.00 0.20
3987 1964 37 4280.00 -4.60 -0.10 0.35 7.60 0.10
3987 1964 38 5360.00 -7.70 0.90 0.40 5.40 1.60
3987 1964 39 960.00 -0.60 4.70 0.76 7.40 0.30
3987 1964 40 6100.00 0.30 7.10 0.65 6.10 0.00
3987 1964 41 1530.00 -3.20 5.50 0.65 6.30 1.10
3987 1964 42 4340.00 -1.30 5.60 0.57 7.50 1.20
3987 1964 43 5780.00 -6.40 2.40 0.43 5.50 3.40
3987 1964 44 8080.00 -10.50 -2.70 0.29 3.40 0.00
3987 1964 45 6570.00 -11.20 0.70 0.28 2.50 0.00
3987 1964 46 8480.00 -8.50 3.30 0.32 4.80 0.00
3987 1964 47 4390.00 -7.40 -0.40 0.33 4.80 0.00
3987 1964 48 2230.00 -4.90 -0.60 0.45 5.20 3.70
3987 1964 49 560.00 -4.40 -2.50 0.43 4.00 0.80
3987 1964 50 4380.00 -8.40 -2.90 0.35 3.30 0.00
3987 1964 51 7730.00 -12.30 -0.90 0.32 2.20 0.00
3987 1964 52 9390.00 -9.50 0.90 0.32 3.10 0.00
3987 1964 53 9940.00 -11.50 2.00 0.29 5.20 0.00
3987 1964 54 9070.00 -10.70 2.50 0.33 5.20 0.00
3987 1964 55 5830.00 -1.30 5.50 0.49 4.40 0.00
3987 1964 56 10310.00 -3.00 8.20 0.51 5.00 0.00
3987 1964 57 10030.00 -2.20 9.30 0.60 4.80 0.00
3987 1964 58 9530.00 -1.90 9.20 0.61 4.30 0.00
3987 1964 59 3990.00 -1.00 5.30 0.65 3.10 0.00
3987 1964 60 2060.00 -0.50 1.60 0.53 5.50 0.00
3987 1964 61 2030.00 -2.80 -0.40 0.45 3.10 0.00
3987 1964 62 7820.00 -5.30 0.20 0.36 2.00 0.00
3987 1964 63 2910.00 -6.40 -2.30 0.37 1.40 0.00
3987 1964 64 3070.00 -4.40 0.70 0.47 2.10 0.80
3987 1964 65 4400.00 -6.00 -1.70 0.35 4.90 0.00
3987 1964 66 10800.00 -8.40 -0.70 0.29 6.10 0.00
3987 1964 67 11530.00 -10.30 -0.30 0.27 5.60 0.00
3987 1964 68 11520.00 -11.80 0.90 0.28 3.00 0.00
3987 1964 69 12210.00 -9.40 4.80 0.35 2.40 0.00
3987 1964 70 10940.00 -4.60 7.90 0.41 2.10 0.00
3987 1964 71 9570.00 -2.20 8.10 0.51 2.30 0.00
3987 1964 72 2910.00 -2.80 2.30 0.53 6.40 0.00
3987 1964 73 13310.00 -2.20 6.50 0.43 8.10 0.00
3987 1964 74 14600.00 -3.60 4.30 0.36 8.20 0.00
3987 1964 75 14360.00 -3.90 1.80 0.31 9.00 0.00
3987 1964 76 15110.00 -7.60 3.00 0.28 4.90 0.40
3987 1964 77 14200.00 -4.30 1.20 0.36 3.20 0.50
3987 1964 78 7340.00 -7.00 0.30 0.43 1.90 0.20
3987 1964 79 10740.00 -3.30 3.30 0.40 3.90 0.20
3987 1964 80 1960.00 -2.50 1.10 0.57 5.10 5.40
3987 1964 81 5820.00 0.30 8.40 0.80 3.50 0.20
3987 1964 82 5670.00 2.40 8.70 0.76 3.40 0.00
3987 1964 83 8430.00 1.30 7.70 0.67 3.30 0.00
3987 1964 84 7520.00 -0.60 6.20 0.56 2.40 0.00
3987 1964 85 12440.00 -2.00 10.90 0.60 5.40 3.00
3987 1964 86 2720.00 2.00 5.70 0.71 2.60 0.00
3987 1964 87 2730.00 0.70 5.90 0.63 3.10 0.50
3987 1964 88 1320.00 0.30 4.10 0.65 5.50 7.70
3987 1964 89 1370.00 0.70 2.10 0.67 6.10 10.50
3987 1964 90 4030.00 0.40 5.30 0.73 2.20 0.20
3987 1964 91 5240.00 2.30 6.40 0.75 2.80 1.00
3987 1964 92 2150.00 1.10 3.80 0.67 3.80 3.80
3987 1964 93 3580.00 0.90 4.80 0.71 4.60 0.10
3987 1964 94 2170.00 1.80 4.30 0.75 5.60 0.30
3987 1964 95 1860.00 2.40 4.00 0.76 3.10 1.10
3987 1964 96 3360.00 1.90 5.60 0.73 3.10 0.30
3987 1964 97 7860.00 0.20 6.80 0.57 4.10 0.00
3987 1964 98 7320.00 -2.20 6.80 0.63 4.80 0.30
3987 1964 99 13060.00 0.50 9.90 0.57 6.20 4.10
3987 1964 100 3620.00 2.30 12.00 0.99 5.10 2.00
3987 1964 101 19060.00 2.90 18.10 0.71 3.00 0.00
3987 1964 102 6200.00 7.00 13.20 0.85 2.80 0.10
3987 1964 103 11020.00 3.10 15.10 0.80 4.00 0.30
3987 1964 104 3010.00 7.10 10.30 1.04 4.90 7.10
3987 1964 105 11790.00 2.60 11.70 0.84 4.20 2.00
3987 1964 106 12470.00 3.50 14.10 0.91 4.20 0.40
3987 1964 107 21420.00 4.30 19.80 0.77 4.40 0.00
3987 1964 108 21940.00 5.40 24.20 0.87 5.40 0.00
3987 1964 109 20010.00 7.90 24.60 0.92 5.70 0.00
3987 1964 110 21650.00 10.00 24.40 0.87 6.80 0.00
3987 1964 111 15850.00 10.00 21.40 1.21 2.60 9.10
3987 1964 112 10840.00 11.30 20.00 1.20 2.90 0.90
3987 1964 113 14890.00 10.20 18.10 0.97 4.20 0.00
3987 1964 114 14010.00 5.40 16.20 0.96 2.70 0.00
3987 1964 115 4520.00 5.90 10.90 1.00 3.50 5.10
3987 1964 116 8820.00 2.30 12.40 0.85 2.80 0.70
3987 1964 117 24460.00 1.90 15.40 0.67 2.80 0.00
3987 1964 118 24000.00 1.50 20.20 0.57 3.60 0.00
3987 1964 119 18180.00 6.30 22.40 0.97 5.80 2.10
3987 1964 120 15310.00 10.00 17.90 1.03 7.10 1.20
3987 1964 121 16890.00 7.20 14.90 0.99 5.80 1.60
3987 1964 122 15190.00 5.60 14.20 0.95 5.20 0.90
3987 1964 123 16890.00 3.80 14.80 0.87 5.10 0.60
3987 1964 124 7630.00 5.00 12.70 1.20 3.60 6.20
3987 1964 125 15440.00 7.70 15.40 1.01 6.00 3.00
3987 1964 126 12320.00 6.00 13.90 1.05 6.00 2.40
3987 1964 127 22020.00 5.20 18.00 0.85 4.60 0.00
3987 1964 128 18870.00 7.30 20.30 0.93 4.50 0.00
3987 1964 129 9210.00 10.60 17.30 1.13 4.40 0.50
3987 1964 130 21930.00 6.70 19.70 0.96 2.30 0.00
3987 1964 131 18250.00 9.70 21.80 1.08 3.70 1.70
3987 1964 132 18550.00 6.50 18.70 1.03 2.30 0.10
3987 1964 133 19920.00 12.10 24.80 1.36 3.50 0.00
3987 1964 134 20730.00 13.00 30.00 1.48 4.40 1.50
3987 1964 135 9730.00 10.40 16.80 1.32 4.30 4.00
3987 1964 136 15260.00 5.50 14.00 0.89 5.40 0.00
3987 1964 137 27810.00 4.50 16.80 0.80 3.80 0.00
3987 1964 138 19130.00 7.10 19.90 0.93 2.60 0.00
3987 1964 139 24540.00 9.60 21.80 1.12 4.20 0.00
3987 1964 140 24470.00 6.80 19.00 0.81 4.70 0.00
3987 1964 141 7730.00 8.60 15.40 1.04 3.70 9.30
3987 1964 142 9060.00 8.40 13.40 1.12 3.90 1.70
3987 1964 143 15930.00 6.40 19.40 1.05 2.20 0.00
3987 1964 144 27530.00 8.40 23.60 0.97 4.00 0.00
3987 1964 145 28200.00 9.80 24.90 0.99 4.70 0.00
3987 1964 146 28950.00 11.00 25.10 1.08 5.90 0.00
3987 1964 147 25420.00 12.00 25.20 1.16 5.90 0.00
3987 1964 148 23720.00 11.90 26.60 1.31 4.20 0.00
3987 1964 149 18720.00 11.90 24.80 1.51 3.00 4.50
3987 1964 150 23340.00 11.60 26.10 1.45 2.20 0.00
3987 1964 151 22870.00 12.60 26.70 1.36 2.60 3.40
3987 1964 152 25050.00 12.00 24.40 1.36 3.40 0.00
3987 1964 153 19320.00 12.50 28.50 1.64 3.60 4.00
3987 1964 154 14280.00 13.60 22.80 1.84 3.50 1.60
3987 1964 155 22420.00 12.70 25.00 1.35 5.20 0.00
3987 1964 156 26920.00 10.40 25.60 1.32 2.50 0.00
3987 1964 157 28220.00 12.80 30.70 1.48 4.40 1.00
3987 1964 158 20340.00 14.70 23.00 1.49 3.30 0.00
3987 1964 159 25510.00 12.40 27.60 1.69 4.30 12.30
3987 1964 160 20920.00 13.20 20.50 1.43 5.00 0.70
3987 1964 161 26140.00 9.70 21.90 1.13 3.60 0.00
3987 1964 162 28700.00 11.90 25.30 1.19 2.70 0.00
3987 1964 163 27460.00 13.10 29.60 1.32 3.30 0.00
3987 1964 164 25680.00 15.30 30.40 1.57 2.90 0.00
3987 1964 165 26100.00 16.70 34.20 1.71 4.30 0.00
3987 1964 166 24270.00 17.80 33.00 2.00 5.60 36.60
3987 1964 167 11840.00 14.90 22.10 1.63 3.80 0.00
3987 1964 168 22380.00 12.70 22.70 1.35 2.20 0.00
3987 1964 169 26670.00 13.10 24.80 1.35 2.50 0.00
3987 1964 170 27210.00 13.50 27.80 1.41 3.80 0.00
3987 1964 171 20600.00 16.70 26.60 1.71 5.30 0.40
3987 1964 172 22550.00 11.60 23.90 1.45 3.20 0.70
3987 1964 173 16810.00 9.40 18.70 1.07 3.40 0.10
3987 1964 174 16210.00 9.30 21.50 1.28 4.20 3.30
3987 1964 175 23050.00 10.20 19.50 1.09 4.80 0.00
3987 1964 176 26800.00 9.60 21.30 1.12 2.90 0.00
3987 1964 177 26940.00 9.80 24.20 1.17 2.20 0.00
3987 1964 178 26590.00 13.30 27.50 1.45 4.00 0.00
3987 1964 179 20200.00 17.60 31.10 1.97 2.70 2.60
3987 1964 180 22660.00 16.30 27.50 1.63 4.40 0.00
3987 1964 181 14850.00 9.30 18.80 1.20 4.70 4.70
3987 1964 182 17470.00 8.60 17.40 1.16 7.10 3.20
3987 1964 183 18480.00 10.60 17.30 1.29 6.60 0.70
3987 1964 184 18640.00 9.90 19.90 1.17 4.60 0.00
3987 1964 185 19530.00 8.60 21.40 1.31 4.60 0.10
3987 1964 186 14360.00 10.30 16.20 1.01 3.30 0.00
3987 1964 187 19050.00 6.60 16.90 0.93 4.70 1.00
3987 1964 188 18740.00 8.50 17.80 1.00 5.70 1.90
3987 1964 189 26900.00 6.20 21.10 0.91 3.80 0.00
3987 1964 190 24140.00 10.90 26.60 1.12 6.30 0.10
3987 1964 191 9210.00 14.20 21.70 1.59 4.70 3.80
3987 1964 192 21990.00 12.30 21.60 1.13 4.00 0.00
3987 1964 193 19670.00 8.30 20.50 1.08 3.80 0.00
3987 1964 194 13500.00 12.40 23.90 1.47 4.50 0.00
3987 1964 195 21460.00 15.10 29.00 1.76 2.60 0.10
3987 1964 196 19900.00 17.20 29.80 1.85 2.80 0.00
3987 1964 197 22220.00 15.70 32.50 1.75 3.10 0.10
3987 1964 198 7610.00 20.10 25.90 2.17 2.90 0.60
3987 1964 199 25100.00 15.40 28.30 1.60 3.10 0.00
3987 1964 200 26100.00 14.00 31.30 1.49 2.80 0.00
3987 1964 201 22540.00 16.50 35.20 1.89 3.80 1.10
3987 1964 202 23930.00 17.60 29.00 1.59 2.90 0.00
3987 1964 203 22630.00 15.00 32.10 1.72 3.60 6.20
3987 1964 204 21100.00 16.80 28.70 1.91 4.70 0.30
3987 1964 205 14410.00 11.80 19.80 1.33 5.00 0.00
3987 1964 206 9470.00 14.10 18.80 1.39 4.50 0.00
3987 1964 207 18730.00 12.00 25.30 1.49 2.80 0.00
3987 1964 208 24810.00 14.40 30.20 1.65 2.40 0.00
3987 1964 209 20050.00 16.50 33.40 1.65 3.70 0.00
3987 1964 210 16220.00 17.30 27.30 1.88 4.00 0.30
3987 1964 211 15600.00 14.10 23.70 1.32 4.00 0.00
3987 1964 212 25430.00 10.90 23.60 1.20 2.90 0.00
3987 1964 213 19020.00 12.40 29.20 1.48 4.80 7.40
3987 1964 214 8450.00 11.30 20.60 1.41 5.60 8.10
3987 1964 215 15970.00 9.30 18.20 1.19 7.40 1.30
3987 1964 216 10380.00 8.80 16.60 1.08 6.20 0.00
3987 1964 217 13900.00 12.50 23.20 1.49 7.60 0.10
3987 1964 218 20020.00 12.50 22.10 1.15 5.00 0.00
3987 1964 219 18560.00 10.20 23.90 1.32 3.00 0.00
3987 1964 220 23370.00 11.10 29.60 1.36 5.50 0.00
3987 1964 221 6130.00 14.60 21.00 1.61 3.10 4.70
3987 1964 222 19710.00 12.40 23.70 1.45 1.90 0.10
3987 1964 223 6200.00 13.80 17.40 1.64 2.40 14.20
3987 1964 224 2070.00 13.80 16.60 1.71 4.50 41.60
3987 1964 225 3750.00 15.10 18.30 1.77 3.20 20.30
3987 1964 226 16450.00 10.20 21.80 1.52 3.00 1.60
3987 1964 227 11840.00 11.20 19.50 1.44 2.70 0.00
3987 1964 228 13890.00 12.10 21.50 1.31 1.70 0.00
3987 1964 229 10420.00 13.20 20.10 1.44 2.90 0.00
3987 1964 230 17940.00 10.40 22.50 1.41 4.30 0.00
3987 1964 231 12500.00 13.80 25.90 1.73 4.90 6.50
3987 1964 232 14250.00 12.70 22.50 1.57 5.20 6.30
3987 1964 233 5540.00 10.70 15.30 1.31 6.10 0.70
3987 1964 234 18280.00 5.90 17.30 0.97 2.20 0.00
3987 1964 235 22660.00 6.60 19.40 0.85 3.00 0.00
3987 1964 236 21050.00 7.40 21.30 0.87 2.60 0.00
3987 1964 237 15310.00 9.40 22.80 1.23 4.20 1.10
3987 1964 238 7600.00 14.30 21.20 1.73 4.30 0.00
3987 1964 239 19970.00 14.10 28.70 1.83 2.90 0.00
3987 1964 240 20540.00 17.40 33.00 1.77 4.60 0.00
3987 1964 241 18510.00 17.20 33.20 1.96 3.10 0.00
3987 1964 242 10040.00 16.00 24.10 1.71 4.70 2.00
3987 1964 243 11600.00 9.30 17.40 1.09 5.90 0.40
3987 1964 244 12730.00 8.50 16.20 1.08 5.30 0.00
3987 1964 245 17720.00 6.50 19.70 1.07 2.20 0.00
3987 1964 246 20180.00 8.80 21.90 0.88 3.10 0.00
3987 1964 247 20390.00 7.40 24.30 1.12 5.10 0.00
3987 1964 248 17770.00 9.80 27.50 1.32 3.70 0.00
3987 1964 249 13600.00 14.90 29.70 1.64 3.30 3.70
3987 1964 250 11100.00 15.60 23.50 1.71 4.60 0.20
3987 1964 251 5900.00 12.30 17.70 1.44 5.30 0.00
3987 1964 252 6000.00 12.00 17.80 1.52 5.60 0.70
3987 1964 253 5950.00 12.00 17.00 1.48 6.00 2.80
3987 1964 254 5310.00 14.60 19.20 1.65 6.20 0.00
3987 1964 255 11230.00 16.70 24.80 1.73 5.20 0.00
3987 1964 256 11850.00 10.30 20.30 1.23 8.90 0.00
3987 1964 257 18130.00 4.70 17.30 0.84 3.60 0.00
3987 1964 258 17020.00 4.00 24.20 0.95 5.40 0.00
3987 1964 259 13180.00 14.90 30.10 1.83 5.40 2.10
3987 1964 260 3780.00 15.40 19.10 1.95 5.50 13.70
3987 1964 261 8940.00 10.60 18.20 1.21 7.20 3.00
3987 1964 262 10730.00 8.90 15.30 1.08 6.90 0.60
3987 1964 263 9980.00 9.10 16.90 1.04 6.90 2.90
3987 1964 264 9410.00 9.00 15.60 1.08 5.60 2.10
3987 1964 265 11050.00 7.10 12.70 0.95 7.80 0.60
3987 1964 266 12260.00 7.00 15.70 0.93 5.70 0.00
3987 1964 267 14749.41 3.90 17.50 0.87 2.10 0.00
3987 1964 268 15790.00 4.30 19.70 0.95 4.20 0.00
3987 1964 269 14690.00 5.30 22.50 1.01 4.00 0.00
3987 1964 270 11950.00 6.90 23.10 1.16 2.40 0.00
3987 1964 271 2130.00 11.10 15.90 1.44 3.20 3.60
3987 1964 272 5160.00 8.50 16.30 1.20 3.70 0.00
3987 1964 273 12220.00 6.90 18.70 1.09 3.90 0.00
3987 1964 274 12390.00 7.10 16.30 0.93 3.80 0.00
3987 1964 275 14440.00 3.30 15.70 0.79 3.30 0.00
3987 1964 276 12920.00 2.70 17.70 0.80 4.00 0.00
3987 1964 277 11570.00 3.20 16.70 0.87 4.80 0.00
3987 1964 278 13830.00 3.20 16.20 0.76 5.30 0.00
3987 1964 279 13200.00 1.90 19.40 0.76 4.80 0.00
3987 1964 280 10940.00 3.70 20.90 1.09 4.40 0.00
3987 1964 281 8620.00 10.00 20.90 1.31 5.10 4.30
3987 1964 282 5940.00 9.20 17.70 1.15 4.30 1.40
3987 1964 283 1400.00 5.70 9.70 1.04 3.90 4.30
3987 1964 284 3040.00 4.00 10.60 0.88 7.40 4.50
3987 1964 285 8160.00 4.40 12.30 0.83 5.60 0.00
3987 1964 286 6400.00 3.20 12.60 0.95 3.10 3.60
3987 1964 287 850.00 6.40 8.20 1.00 3.40 3.00
3987 1964 288 7520.00 3.50 12.20 0.84 4.00 0.00
3987 1964 289 5990.00 0.30 11.10 0.79 4.70 0.00
3987 1964 290 5320.00 5.30 12.10 0.95 4.60 0.90
3987 1964 291 1780.00 7.10 9.00 1.03 5.30 7.60
3987 1964 292 2530.00 6.00 10.10 0.96 3.70 0.20
3987 1964 293 4830.00 5.10 11.00 0.91 3.00 0.00
3987 1964 294 1620.00 3.70 7.50 0.85 1.80 0.00
3987 1964 295 760.00 4.20 6.20 0.80 3.00 0.00
3987 1964 296 1780.00 3.70 6.70 0.80 2.90 0.10
3987 1964 297 2980.00 5.10 9.40 0.83 5.80 0.20
3987 1964 298 5910.00 2.50 8.30 0.69 3.90 0.00
3987 1964 299 7390.00 1.60 9.80 0.75 4.10 0.00
3987 1964 300 6520.00 -0.30 10.00 0.67 2.10 0.00
3987 1964 301 2550.00 -0.40 6.80 0.75 5.40 0.00
3987 1964 302 2650.00 6.40 9.30 0.96 5.40 0.00
3987 1964 303 1530.00 5.50 7.20 0.91 5.50 0.00
3987 1964 304 940.00 4.40 6.50 0.83 4.50 0.00
3987 1964 305 2530.00 4.60 8.00 0.85 4.30 0.00
3987 1964 306 3130.00 3.80 6.70 0.79 3.70 0.00
3987 1964 307 3070.00 2.60 9.00 0.80 2.60 0.00
3987 1964 308 880.00 0.90 3.90 0.73 2.30 0.00
3987 1964 309 2230.00 2.10 5.00 0.69 1.10 0.00
3987 1964 310 1770.00 2.60 4.20 0.67 2.40 0.00
3987 1964 311 1900.00 2.70 6.50 0.76 2.10 0.00
3987 1964 312 1840.00 -0.90 5.10 0.65 3.60 0.00
3987 1964 313 4900.00 -3.10 2.00 0.59 2.60 0.00
3987 1964 314 4980.00 -2.70 3.80 0.57 5.30 0.00
3987 1964 315 6030.00 -3.40 6.20 0.61 4.60 0.00
3987 1964 316 680.00 1.90 4.40 0.71 3.00 0.00
3987 1964 317 890.00 3.60 7.70 0.80 4.10 2.40
3987 1964 318 1060.00 5.00 8.70 0.91 4.60 0.40
3987 1964 319 1190.00 4.10 13.80 1.23 6.90 5.80
3987 1964 320 1500.00 6.20 14.20 1.01 6.80 11.80
3987 1964 321 720.00 5.10 9.60 0.88 9.00 2.90
3987 1964 322 3050.00 4.70 9.20 0.72 10.60 0.20
3987 1964 323 3560.00 1.50 7.10 0.61 9.40 0.00
3987 1964 324 2570.00 -1.60 7.60 0.72 5.40 1.30
3987 1964 325 1860.00 7.30 10.40 1.03 7.30 0.40
3987 1964 326 640.00 7.70 9.80 1.05 8.00 0.20
3987 1964 327 1620.00 5.40 8.00 0.89 2.90 0.90
3987 1964 328 850.00 6.40 9.30 1.03 5.80 2.80
3987 1964 329 600.00 7.50 9.90 1.03 9.10 3.10
3987 1964 330 400.00 8.10 12.70 1.13 11.00 0.70
3987 1964 331 4110.00 2.80 8.60 0.76 5.20 0.00
3987 1964 332 600.00 0.80 8.00 0.89 4.90 2.20
3987 1964 333 3030.00 0.80 7.20 0.67 4.00 0.00
3987 1964 334 1580.00 -1.10 2.70 0.63 1.70 0.00
3987 1964 335 560.00 -1.80 -0.40 0.56 1.00 0.90
3987 1964 336 520.00 -1.50 1.30 0.60 2.00 0.50
3987 1964 337 1870.00 -1.80 1.30 0.56 2.60 0.00
3987 1964 338 360.00 -1.90 0.40 0.55 6.30 6.50
3987 1964 339 2120.00 -1.30 0.80 0.56 5.60 4.20
3987 1964 340 1250.00 -3.10 0.70 0.55 4.70 0.30
3987 1964 341 650.00 -3.20 1.60 0.64 3.60 1.60
3987 1964 342 400.00 0.60 8.10 0.88 5.60 0.00
3987 1964 343 2005.58 2.80 8.80 0.76 6.10 0.00
3987 1964 344 2210.00 4.30 12.90 0.88 6.90 0.00
3987 1964 345 3400.00 1.90 9.90 0.69 4.70 0.00
3987 1964 346 2660.00 -1.10 4.40 0.59 2.90 0.00
3987 1964 347 820.00 0.00 5.30 0.79 3.90 3.70
3987 1964 348 1540.00 2.40 8.20 0.84 9.00 1.50
3987 1964 349 1820.00 3.40 8.30 0.73 5.40 0.60
3987 1964 350 2090.00 2.40 6.90 0.85 3.90 0.40
3987 1964 351 2060.00 1.50 6.50 0.72 4.00 1.00
3987 1964 352 360.00 2.00 4.60 0.72 3.70 0.00
3987 1964 353 660.00 1.50 6.10 0.81 3.80 0.40
3987 1964 354 1410.00 -0.50 4.40 0.57 4.30 0.00
3987 1964 355 1840.00 -2.80 0.10 0.49 2.30 0.00
3987 1964 356 2400.00 -3.50 1.10 0.49 4.20 0.00
3987 1964 357 3240.00 -3.90 1.70 0.43 2.90 0.00
3987 1964 358 1400.00 -4.40 -0.70 0.47 2.50 0.00
3987 1964 359 1320.00 -6.40 -2.30 0.43 2.50 0.00
3987 1964 360 1660.00 -6.40 -2.40 0.41 1.40 7.00
3987 1964 361 1320.00 -6.40 -2.70 0.43 3.00 0.00
3987 1964 362 1830.00 -8.60 -6.40 0.33 1.70 0.30
3987 1964 363 1000.00 -7.80 -2.80 0.43 2.20 0.70
3987 1964 364 870.00 -4.60 -2.80 0.44 2.10 0.00
3987 1964 365 1870.00 -7.40 0.60 0.47 6.50 2.60
3987 1964 366 1250.00 0.40 7.60 0.83 8.40 2.10
