*---------------------------------------------------------------------------*
* Station name: Potsdam Saekularstation
* Year: 1968
* Author: Pedro Alencar                                   -999.000: NIL VALUE
* Source: DWD
* Comments: Gaps filled with interpolation and storical means
* Longitude: 13.0622, latitude: 52.3812, altitude: 82.0 m.
*
    * Column  Daily value
    * 1       station number
    * 2       year
    * 3       day
    * 4       irradiation                   (kJ m-2 d-1)
    * 5       minimum temperature           (degrees Celsius
    * 6       maximum temperature           (degrees Celsius)
    * 7       early morning vapour pressure (kPa)
    * 8       mean wind speed (height: 2 m) (m s-1)
    * 9       precipitation                 (mm d-1)
    *
** WCCDESCRIPTION=Potsdam, Germany
** WCCFORMAT=2
** WCCYEARNR=1968
*---------------------------------------------------------------------------*
   13.0622 52.3812 82.0 -0.18 -0.55
3987 1968 1 1970.00 -2.70 1.30 0.54 3.60 1.00
3987 1968 2 1470.00 -3.90 -1.10 0.46 2.20 0.30
3987 1968 3 1670.00 -4.00 -0.30 0.51 2.70 0.00
3987 1968 4 650.00 -6.00 0.80 0.47 6.90 2.20
3987 1968 5 1290.00 -2.10 0.00 0.50 6.40 3.30
3987 1968 6 690.00 -3.80 -2.00 0.44 4.20 4.70
3987 1968 7 1670.00 -9.30 -3.80 0.34 2.00 0.00
3987 1968 8 2490.00 -9.00 -4.10 0.36 3.90 1.40
3987 1968 9 1930.00 -10.60 -4.80 0.32 1.40 0.00
3987 1968 10 2370.00 -16.40 -8.10 0.25 2.60 2.70
3987 1968 11 3790.00 -9.20 -2.30 0.35 10.10 0.60
3987 1968 12 2310.00 -10.80 -7.00 0.26 7.80 0.20
3987 1968 13 5050.00 -15.20 -7.90 0.19 5.30 0.00
3987 1968 14 850.00 -13.80 1.70 0.39 5.70 18.70
3987 1968 15 3250.00 1.70 9.30 0.76 11.50 1.50
3987 1968 16 1550.00 4.40 7.80 0.72 7.80 1.00
3987 1968 17 2140.00 4.00 8.60 0.82 6.10 0.20
3987 1968 18 680.00 1.20 6.90 0.74 6.10 1.10
3987 1968 19 1710.00 0.20 1.80 0.59 2.30 0.00
3987 1968 20 4080.00 -2.20 5.00 0.55 3.30 0.00
3987 1968 21 3930.00 -3.60 1.70 0.52 2.10 0.70
3987 1968 22 1460.00 -3.20 1.00 0.60 4.60 0.00
3987 1968 23 2150.00 -0.30 2.40 0.61 5.20 1.70
3987 1968 24 1320.00 -0.40 2.10 0.58 7.10 3.50
3987 1968 25 2180.00 0.10 1.60 0.63 5.60 3.20
3987 1968 26 2610.00 -1.30 4.00 0.49 9.80 0.10
3987 1968 27 4190.00 -1.50 1.80 0.47 4.90 0.10
3987 1968 28 1150.00 0.70 4.50 0.71 6.20 1.40
3987 1968 29 900.00 1.00 3.50 0.66 7.90 0.40
3987 1968 30 1410.00 3.20 6.30 0.68 7.30 0.10
3987 1968 31 1500.00 4.00 9.20 0.86 5.00 0.00
3987 1968 32 5480.00 3.00 8.80 0.68 5.30 0.30
3987 1968 33 3300.00 -0.40 6.50 0.61 5.70 0.00
3987 1968 34 5180.00 -2.40 5.50 0.60 3.40 0.10
3987 1968 35 1550.00 1.30 2.90 0.67 2.20 0.00
3987 1968 36 2690.00 0.70 5.20 0.61 3.70 0.00
3987 1968 37 2710.00 -1.70 6.10 0.63 3.10 0.00
3987 1968 38 5140.00 0.00 9.50 0.66 4.30 0.00
3987 1968 39 5260.00 -2.00 4.30 0.61 4.20 0.10
3987 1968 40 1190.00 -0.40 2.00 0.64 1.20 2.40
3987 1968 41 480.00 -0.10 1.60 0.62 3.60 2.60
3987 1968 42 1290.00 0.60 1.90 0.65 2.00 0.10
3987 1968 43 980.00 -0.30 1.60 0.60 2.60 0.00
3987 1968 44 1020.00 -2.40 4.00 0.64 4.20 2.20
3987 1968 45 3380.00 0.80 4.40 0.60 2.60 0.70
3987 1968 46 820.00 0.50 2.40 0.62 3.10 0.90
3987 1968 47 6830.00 -2.90 1.80 0.46 5.90 0.00
3987 1968 48 9680.00 -6.50 1.70 0.33 4.10 1.70
3987 1968 49 7200.00 -3.70 3.20 0.50 6.20 0.00
3987 1968 50 6280.00 0.40 5.70 0.56 5.40 0.00
3987 1968 51 5070.00 -1.90 3.20 0.52 2.80 0.00
3987 1968 52 8950.00 -5.00 3.10 0.41 4.00 4.00
3987 1968 53 1290.00 -1.20 3.20 0.63 3.60 3.10
3987 1968 54 2270.00 -1.70 0.40 0.54 4.40 7.60
3987 1968 55 4710.00 -3.80 -0.40 0.42 5.00 0.00
3987 1968 56 9700.00 -6.40 2.20 0.32 4.20 0.00
3987 1968 57 9190.00 -9.60 0.90 0.32 1.90 0.00
3987 1968 58 2750.00 -8.70 0.40 0.47 2.40 0.30
3987 1968 59 2140.00 -1.40 0.50 0.56 3.90 0.00
3987 1968 60 2530.00 -1.00 0.80 0.53 1.70 0.00
3987 1968 61 2920.00 -1.40 2.50 0.51 4.60 0.00
3987 1968 62 12230.00 -6.10 2.40 0.36 6.60 0.00
3987 1968 63 11780.00 -8.60 2.20 0.34 3.80 0.00
3987 1968 64 9110.00 -7.90 1.70 0.45 3.30 6.80
3987 1968 65 1630.00 0.20 4.30 0.73 7.30 5.20
3987 1968 66 2830.00 2.40 5.80 0.72 3.80 1.90
3987 1968 67 2140.00 1.50 5.60 0.68 2.80 0.00
3987 1968 68 5300.00 -0.60 4.10 0.57 5.40 0.00
3987 1968 69 4930.00 2.10 6.30 0.59 8.60 0.00
3987 1968 70 3000.00 -2.00 4.40 0.54 7.20 2.80
3987 1968 71 12160.00 -5.70 0.60 0.41 5.60 0.20
3987 1968 72 13290.00 -4.60 4.00 0.39 5.60 0.00
3987 1968 73 3090.00 -1.70 4.10 0.59 7.30 0.20
3987 1968 74 8040.00 0.90 6.60 0.60 9.30 0.60
3987 1968 75 3260.00 -0.50 6.00 0.65 5.40 1.30
3987 1968 76 5320.00 -1.40 5.90 0.61 4.60 0.10
3987 1968 77 4790.00 2.30 6.90 0.63 9.70 1.90
3987 1968 78 10520.00 1.30 8.80 0.67 9.80 1.00
3987 1968 79 6900.00 2.80 8.30 0.63 8.40 0.00
3987 1968 80 10630.00 3.80 12.10 0.66 6.10 0.00
3987 1968 81 12230.00 4.40 15.00 0.82 5.20 1.20
3987 1968 82 10990.00 4.20 11.70 0.73 5.80 1.70
3987 1968 83 9070.00 0.70 9.80 0.81 6.00 0.20
3987 1968 84 16090.00 7.00 18.10 0.93 5.00 0.00
3987 1968 85 16230.00 5.40 22.90 0.86 4.90 0.00
3987 1968 86 7850.00 5.30 17.80 0.92 4.00 0.40
3987 1968 87 14140.00 1.20 16.30 0.65 5.00 0.00
3987 1968 88 16740.00 4.00 20.70 0.56 3.50 0.00
3987 1968 89 16130.00 5.00 24.00 0.81 3.40 0.00
3987 1968 90 15670.00 10.80 25.70 0.93 4.00 0.00
3987 1968 91 4760.00 3.50 19.80 0.84 4.20 1.20
3987 1968 92 6940.00 2.10 12.00 0.77 6.20 0.00
3987 1968 93 14000.00 4.00 16.80 0.71 5.60 0.00
3987 1968 94 12410.00 4.40 13.60 0.58 7.10 0.00
3987 1968 95 13470.00 -0.30 11.30 0.48 6.50 0.00
3987 1968 96 8330.00 3.00 11.70 0.62 4.80 0.50
3987 1968 97 15280.00 1.40 10.50 0.60 4.70 0.00
3987 1968 98 15190.00 -0.80 12.10 0.53 3.80 0.00
3987 1968 99 20410.00 -2.40 7.80 0.37 4.20 0.00
3987 1968 100 19380.00 -2.90 11.00 0.50 4.00 0.00
3987 1968 101 7070.00 -2.10 6.60 0.56 3.50 0.10
3987 1968 102 13740.00 -3.90 7.30 0.50 3.20 0.10
3987 1968 103 16860.00 -3.30 9.60 0.45 2.80 0.00
3987 1968 104 12200.00 0.50 11.60 0.60 2.10 0.00
3987 1968 105 21470.00 -0.10 13.80 0.58 4.30 0.00
3987 1968 106 22430.00 1.10 15.70 0.59 5.60 0.00
3987 1968 107 22630.00 2.90 16.70 0.59 6.20 0.00
3987 1968 108 19630.00 2.70 20.00 0.78 4.70 0.00
3987 1968 109 19770.00 5.40 22.00 0.96 4.20 0.00
3987 1968 110 18660.00 7.00 25.60 1.05 4.50 0.00
3987 1968 111 19300.00 9.40 24.10 1.13 3.50 0.00
3987 1968 112 20110.00 10.30 29.70 1.12 4.50 0.00
3987 1968 113 19980.00 15.10 31.80 1.07 3.40 0.00
3987 1968 114 17670.00 14.40 30.90 1.43 3.30 5.70
3987 1968 115 6820.00 11.00 24.40 1.31 3.90 0.70
3987 1968 116 17630.00 6.60 19.00 0.89 2.80 3.20
3987 1968 117 3170.00 8.60 17.20 1.07 2.40 2.10
3987 1968 118 10310.00 6.80 16.30 1.01 1.70 0.00
3987 1968 119 16110.00 8.00 19.80 1.04 2.20 0.00
3987 1968 120 17160.00 8.30 19.70 1.11 3.00 1.70
3987 1968 121 11950.00 9.60 16.90 1.18 3.10 9.70
3987 1968 122 15370.00 5.60 16.30 1.02 4.60 5.20
3987 1968 123 14590.00 5.90 16.50 0.92 3.90 0.00
3987 1968 124 13910.00 7.30 15.20 1.06 2.30 6.00
3987 1968 125 18720.00 5.30 24.70 1.08 5.10 0.00
3987 1968 126 12180.00 11.60 22.30 1.35 4.90 3.60
3987 1968 127 17640.00 9.30 23.80 1.33 4.30 27.00
3987 1968 128 10940.00 6.20 14.60 0.98 4.50 0.40
3987 1968 129 16550.00 3.30 13.20 0.82 3.60 0.00
3987 1968 130 20620.00 6.40 19.60 0.81 3.00 0.00
3987 1968 131 16420.00 9.70 19.60 1.09 4.30 1.20
3987 1968 132 23270.00 6.30 22.10 1.00 4.60 0.40
3987 1968 133 3380.00 8.60 20.20 1.26 3.30 9.20
3987 1968 134 22430.00 6.90 16.50 0.88 4.10 0.00
3987 1968 135 14560.00 9.10 14.80 0.96 4.80 2.90
3987 1968 136 19000.00 2.40 15.20 0.87 3.00 2.30
3987 1968 137 12320.00 9.50 15.70 1.21 4.00 8.00
3987 1968 138 4460.00 4.60 10.80 0.90 6.20 9.40
3987 1968 139 11130.00 4.30 9.70 0.86 3.20 1.50
3987 1968 140 21480.00 4.10 10.50 0.77 4.60 0.40
3987 1968 141 15180.00 4.40 12.20 0.81 5.30 0.10
3987 1968 142 16960.00 3.90 14.30 0.78 2.50 0.00
3987 1968 143 23230.00 3.60 14.20 0.66 4.40 0.00
3987 1968 144 15130.00 5.10 12.20 0.77 3.20 0.00
3987 1968 145 22640.00 4.10 14.50 0.80 3.50 0.00
3987 1968 146 16660.00 6.40 16.30 0.81 5.30 0.00
3987 1968 147 28380.00 6.30 19.50 0.94 5.30 0.00
3987 1968 148 18820.00 10.50 19.00 1.29 4.50 0.00
3987 1968 149 14600.00 13.20 21.90 1.55 2.80 0.00
3987 1968 150 16570.00 12.60 21.30 1.44 4.30 0.00
3987 1968 151 26270.00 10.10 21.30 0.99 5.00 0.00
3987 1968 152 25560.00 5.30 22.80 0.85 3.20 0.00
3987 1968 153 21950.00 7.70 21.40 1.01 4.30 0.00
3987 1968 154 18180.00 14.00 23.20 1.41 4.30 10.00
3987 1968 155 24950.00 13.60 23.30 1.41 3.20 0.00
3987 1968 156 26890.00 13.00 28.10 1.42 3.00 0.10
3987 1968 157 13260.00 15.80 25.00 1.59 4.60 0.00
3987 1968 158 24370.00 11.20 25.80 1.29 3.40 1.80
3987 1968 159 17410.00 12.40 23.20 1.32 3.40 1.40
3987 1968 160 12800.00 11.60 18.10 1.29 2.30 1.60
3987 1968 161 11430.00 11.10 17.30 1.20 3.80 0.30
3987 1968 162 22730.00 6.90 18.30 0.94 4.20 0.00
3987 1968 163 21400.00 8.00 19.80 0.91 6.10 0.30
3987 1968 164 8750.00 10.10 19.00 1.20 4.10 0.00
3987 1968 165 28460.00 11.70 24.90 0.99 4.70 0.00
3987 1968 166 30660.00 12.40 26.80 1.12 5.20 0.00
3987 1968 167 24600.00 13.20 30.00 1.49 4.00 0.00
3987 1968 168 28180.00 16.60 32.70 1.50 4.40 0.20
3987 1968 169 26540.00 18.20 33.10 1.55 4.10 0.00
3987 1968 170 19480.00 16.40 32.00 1.87 2.60 1.30
3987 1968 171 26170.00 16.20 28.70 1.79 2.50 0.00
3987 1968 172 20510.00 17.70 26.40 1.85 4.20 4.50
3987 1968 173 16130.00 13.70 19.70 1.28 5.40 0.00
3987 1968 174 24110.00 9.40 20.80 1.05 4.90 0.00
3987 1968 175 30460.00 11.60 26.70 1.22 4.70 0.00
3987 1968 176 11320.00 13.70 25.30 1.38 5.60 0.00
3987 1968 177 13340.00 9.80 19.80 1.45 4.40 0.10
3987 1968 178 14890.00 15.20 22.80 1.48 5.50 1.30
3987 1968 179 19500.00 10.20 24.80 1.32 5.20 7.10
3987 1968 180 20240.00 14.20 24.30 1.63 5.10 2.90
3987 1968 181 24250.00 13.50 23.30 1.25 7.60 0.00
3987 1968 182 31030.00 8.40 23.80 1.07 4.00 0.00
3987 1968 183 29180.00 12.50 28.30 1.44 2.30 0.00
3987 1968 184 29640.00 13.00 30.40 1.39 4.00 0.00
3987 1968 185 27010.00 15.40 31.60 1.72 4.10 0.00
3987 1968 186 16820.00 13.10 24.40 1.61 3.40 0.00
3987 1968 187 19740.00 13.80 30.50 1.85 2.80 0.00
3987 1968 188 21140.00 17.40 31.30 2.21 2.50 4.30
3987 1968 189 17050.00 15.10 24.50 1.30 6.80 0.00
3987 1968 190 20230.00 11.30 24.50 1.33 3.80 0.00
3987 1968 191 23100.00 15.00 25.70 1.53 4.50 0.00
3987 1968 192 23270.00 9.50 24.60 1.25 2.60 0.90
3987 1968 193 14150.00 14.30 25.50 1.58 7.60 1.40
3987 1968 194 17720.00 11.50 22.40 1.09 9.30 0.10
3987 1968 195 24290.00 8.00 21.50 1.02 1.90 0.00
3987 1968 196 21630.00 9.90 26.30 1.12 4.00 0.00
3987 1968 197 14690.00 15.70 22.80 1.49 3.80 0.00
3987 1968 198 17140.00 12.10 21.00 1.27 5.20 2.40
3987 1968 199 17070.00 8.80 22.60 1.12 2.10 0.00
3987 1968 200 20110.00 9.30 21.10 1.36 3.80 3.40
3987 1968 201 11640.00 12.00 19.00 1.49 4.00 6.40
3987 1968 202 12390.00 9.00 17.00 1.26 4.80 7.60
3987 1968 203 17110.00 9.20 20.50 1.28 3.50 15.00
3987 1968 204 11080.00 10.30 17.40 1.35 4.40 0.20
3987 1968 205 18120.00 10.20 20.20 1.26 2.00 0.00
3987 1968 206 19140.00 11.70 21.90 1.31 2.70 0.00
3987 1968 207 12930.00 11.00 19.80 1.32 4.90 8.00
3987 1968 208 12890.00 11.70 19.60 1.39 4.00 0.00
3987 1968 209 18930.00 10.30 22.60 1.48 2.70 1.70
3987 1968 210 27350.00 9.40 24.50 1.23 3.10 0.00
3987 1968 211 22470.00 11.30 24.50 1.38 3.00 0.00
3987 1968 212 25290.00 12.00 27.60 1.38 2.90 0.00
3987 1968 213 18370.00 13.20 26.60 1.47 2.50 0.00
3987 1968 214 22810.00 12.30 28.10 1.38 2.70 0.00
3987 1968 215 14480.00 15.40 27.70 1.48 2.90 0.00
3987 1968 216 22800.00 14.70 27.00 1.56 4.50 0.00
3987 1968 217 26270.00 12.30 26.20 1.26 2.90 0.00
3987 1968 218 26020.00 13.40 28.80 1.29 4.30 0.00
3987 1968 219 24400.00 13.80 28.70 1.29 5.40 0.10
3987 1968 220 9650.00 15.60 25.50 1.68 3.20 3.50
3987 1968 221 20760.00 15.80 28.10 1.57 3.60 0.00
3987 1968 222 19560.00 15.40 29.60 1.39 3.70 0.00
3987 1968 223 18820.00 15.80 29.20 1.41 2.40 0.00
3987 1968 224 20460.00 12.70 27.50 1.55 2.90 4.50
3987 1968 225 15030.00 11.60 21.40 1.27 5.30 0.00
3987 1968 226 18060.00 10.50 21.80 1.23 4.20 0.20
3987 1968 227 10230.00 13.30 20.30 1.48 4.50 9.10
3987 1968 228 12840.00 10.90 18.20 1.24 7.40 1.00
3987 1968 229 12030.00 7.80 19.90 1.27 5.90 1.20
3987 1968 230 10620.00 9.80 19.60 1.36 5.00 1.30
3987 1968 231 18910.00 11.90 20.20 1.18 5.80 3.10
3987 1968 232 13830.00 10.20 17.40 1.23 4.50 0.60
3987 1968 233 21790.00 8.70 20.90 1.11 1.50 0.00
3987 1968 234 9590.00 13.30 20.70 1.36 1.70 0.00
3987 1968 235 14610.00 12.30 21.40 1.40 3.00 0.00
3987 1968 236 20520.00 11.60 25.00 1.37 3.90 0.00
3987 1968 237 17660.00 16.30 29.90 1.81 3.10 0.00
3987 1968 238 17450.00 15.00 27.70 1.69 3.80 0.00
3987 1968 239 14080.00 15.10 27.70 1.78 3.90 0.60
3987 1968 240 6220.00 16.50 21.00 1.93 3.20 14.10
3987 1968 241 13560.00 14.50 23.90 1.83 2.20 0.00
3987 1968 242 13100.00 15.10 25.20 1.94 2.50 0.00
3987 1968 243 14520.00 17.00 27.60 2.02 2.90 0.00
3987 1968 244 7370.00 17.40 22.60 1.87 4.30 0.70
3987 1968 245 5620.00 13.00 19.50 1.57 3.30 0.00
3987 1968 246 19850.00 11.50 25.10 1.49 3.40 0.00
3987 1968 247 13810.00 11.50 24.60 1.60 3.50 0.00
3987 1968 248 12260.00 14.50 23.80 1.74 3.60 2.30
3987 1968 249 830.00 13.90 17.80 1.61 4.80 14.70
3987 1968 250 1200.00 13.10 15.20 1.60 3.50 37.80
3987 1968 251 4860.00 13.00 17.30 1.57 1.40 3.00
3987 1968 252 13950.00 13.30 24.60 1.70 2.50 0.00
3987 1968 253 17120.00 14.10 26.60 1.61 3.30 0.00
3987 1968 254 16690.00 13.70 25.30 1.53 3.50 0.00
3987 1968 255 17630.00 12.00 22.90 1.38 3.50 0.00
3987 1968 256 15020.00 10.20 22.70 1.19 3.00 0.00
3987 1968 257 7110.00 12.60 18.80 1.43 3.20 8.70
3987 1968 258 13090.00 9.10 20.40 1.35 2.60 0.00
3987 1968 259 4130.00 11.00 16.70 1.42 4.50 11.00
3987 1968 260 1840.00 10.10 15.80 1.32 3.80 13.70
3987 1968 261 7740.00 10.70 18.30 1.42 3.50 0.00
3987 1968 262 8740.00 9.30 17.60 1.38 3.40 0.00
3987 1968 263 13230.00 10.00 18.20 1.22 2.80 0.00
3987 1968 264 11350.00 8.20 18.50 1.25 3.90 0.60
3987 1968 265 5300.00 11.90 15.70 1.41 5.10 5.40
3987 1968 266 4920.00 10.40 15.70 1.28 6.80 0.90
3987 1968 267 6069.65 11.20 17.70 1.28 5.50 1.70
3987 1968 268 4110.00 10.20 13.70 1.25 5.60 1.60
3987 1968 269 8410.00 10.20 16.10 1.15 6.10 0.80
3987 1968 270 14480.00 5.50 16.80 1.00 2.80 0.00
3987 1968 271 13550.00 5.70 19.70 1.06 5.00 0.00
3987 1968 272 8690.00 6.80 19.00 1.14 4.30 8.80
3987 1968 273 11340.00 9.40 16.20 1.19 3.90 0.20
3987 1968 274 7100.00 8.20 15.70 1.17 4.50 4.70
3987 1968 275 10320.00 8.00 13.80 1.07 6.40 0.70
3987 1968 276 1630.00 8.70 11.50 1.22 2.60 4.30
3987 1968 277 1340.00 10.80 13.70 1.40 2.60 2.70
3987 1968 278 6120.00 13.10 16.40 1.39 4.10 0.00
3987 1968 279 7520.00 8.20 15.30 1.14 2.10 0.00
3987 1968 280 3040.00 6.80 14.60 1.23 4.30 10.70
3987 1968 281 8560.00 9.60 13.70 1.12 5.40 0.00
3987 1968 282 7660.00 6.30 14.70 1.17 3.20 1.30
3987 1968 283 4330.00 12.50 16.00 1.39 5.30 3.90
3987 1968 284 6290.00 11.40 17.30 1.35 4.00 4.30
3987 1968 285 5740.00 10.90 16.70 1.33 4.80 8.80
3987 1968 286 3610.00 11.20 18.00 1.54 5.50 8.60
3987 1968 287 5830.00 12.30 16.90 1.31 6.20 0.00
3987 1968 288 3940.00 9.80 14.20 1.16 4.90 1.70
3987 1968 289 8410.00 6.30 14.90 1.02 3.60 0.00
3987 1968 290 8770.00 4.80 14.80 0.99 4.00 0.50
3987 1968 291 6300.00 7.30 12.30 1.02 5.40 8.40
3987 1968 292 7110.00 5.90 12.90 0.95 5.90 0.00
3987 1968 293 4410.00 2.00 9.30 0.77 1.80 0.00
3987 1968 294 9600.00 1.50 11.70 0.74 4.00 0.00
3987 1968 295 7610.00 1.80 15.40 0.78 4.10 0.00
3987 1968 296 7910.00 4.10 15.50 0.87 2.20 0.00
3987 1968 297 7830.00 1.50 14.00 0.95 3.70 0.20
3987 1968 298 1450.00 8.00 10.20 1.11 3.20 0.10
3987 1968 299 4110.00 7.30 11.90 1.00 3.50 0.00
3987 1968 300 2790.00 4.10 7.40 0.80 2.30 0.00
3987 1968 301 1450.00 4.20 9.70 0.95 3.10 0.00
3987 1968 302 3070.00 6.40 9.00 0.85 3.80 0.00
3987 1968 303 2740.00 4.80 15.30 1.03 6.70 1.00
3987 1968 304 6110.00 9.60 16.80 1.10 5.50 0.00
3987 1968 305 4100.00 9.10 19.20 1.25 5.50 0.00
3987 1968 306 5340.00 12.70 21.20 1.24 5.60 0.00
3987 1968 307 4590.00 8.20 17.50 1.21 4.30 0.00
3987 1968 308 4160.00 6.50 15.10 1.15 4.20 0.00
3987 1968 309 1210.00 5.20 14.00 0.94 4.90 0.00
3987 1968 310 1420.00 2.40 5.90 0.67 3.40 3.90
3987 1968 311 480.00 0.40 5.70 0.70 7.50 28.10
3987 1968 312 590.00 0.20 1.40 0.64 3.60 5.00
3987 1968 313 810.00 0.60 5.40 0.79 1.20 0.20
3987 1968 314 680.00 5.20 7.80 0.98 1.30 0.90
3987 1968 315 650.00 3.30 7.20 0.81 5.60 5.90
3987 1968 316 610.00 3.90 6.20 0.85 4.90 3.10
3987 1968 317 810.00 4.90 6.60 0.84 2.00 0.00
3987 1968 318 1060.00 0.90 5.30 0.63 4.30 0.00
3987 1968 319 5360.00 -4.00 2.60 0.35 5.60 0.00
3987 1968 320 1450.00 -6.60 -3.20 0.31 5.30 0.30
3987 1968 321 1110.00 -4.30 -2.00 0.45 5.20 0.90
3987 1968 322 480.00 -2.50 0.40 0.57 2.60 0.00
3987 1968 323 340.00 0.00 2.40 0.66 1.30 8.80
3987 1968 324 770.00 2.20 3.50 0.73 1.10 6.30
3987 1968 325 1120.00 2.30 4.00 0.74 0.70 0.00
3987 1968 326 860.00 3.20 4.70 0.79 1.40 0.40
3987 1968 327 1490.00 4.10 5.90 0.81 2.40 0.00
3987 1968 328 2950.00 0.50 5.20 0.66 4.40 3.40
3987 1968 329 890.00 4.00 8.10 0.87 6.20 6.10
3987 1968 330 2320.00 4.90 7.80 0.80 4.80 0.00
3987 1968 331 2490.00 2.30 8.00 0.79 3.90 0.00
3987 1968 332 4020.00 3.70 10.90 0.75 4.50 0.00
3987 1968 333 4110.00 -0.60 6.30 0.57 4.20 0.00
3987 1968 334 3590.00 -2.80 5.20 0.55 3.20 0.00
3987 1968 335 80.00 -1.30 0.50 0.61 2.30 0.10
3987 1968 336 390.00 0.30 2.00 0.63 3.00 0.10
3987 1968 337 340.00 -0.20 1.80 0.56 3.60 0.00
3987 1968 338 570.00 -0.50 1.00 0.53 2.80 0.00
3987 1968 339 350.00 -0.20 1.60 0.58 1.60 0.00
3987 1968 340 560.00 -0.80 1.40 0.51 1.70 0.00
3987 1968 341 440.00 -2.30 -0.70 0.46 2.20 0.00
3987 1968 342 200.00 -2.90 -2.00 0.45 1.70 0.10
3987 1968 343 1497.43 -2.40 0.30 0.52 2.30 0.10
3987 1968 344 2650.00 -2.70 1.60 0.47 5.70 0.00
3987 1968 345 3760.00 -7.40 -0.80 0.31 6.50 0.00
3987 1968 346 3940.00 -10.10 -4.20 0.26 5.00 0.00
3987 1968 347 3290.00 -12.30 -3.70 0.26 4.00 0.00
3987 1968 348 3380.00 -11.40 -2.70 0.29 4.20 0.00
3987 1968 349 2640.00 -9.40 -2.50 0.30 5.70 0.00
3987 1968 350 3000.00 -8.30 0.10 0.34 5.20 0.00
3987 1968 351 3300.00 -7.60 -0.40 0.38 4.60 0.00
3987 1968 352 900.00 -6.20 -1.00 0.48 4.20 0.20
3987 1968 353 1920.00 -5.20 -0.20 0.46 3.60 0.00
3987 1968 354 1030.00 -5.60 -2.60 0.42 1.30 0.00
3987 1968 355 1320.00 -7.20 -4.90 0.39 1.80 0.00
3987 1968 356 730.00 -5.20 0.90 0.56 3.40 0.40
3987 1968 357 820.00 0.70 3.70 0.72 3.50 4.40
3987 1968 358 470.00 2.40 5.80 0.79 5.80 7.60
3987 1968 359 670.00 -0.50 4.70 0.61 4.60 13.40
3987 1968 360 400.00 0.10 1.20 0.61 3.20 6.30
3987 1968 361 690.00 -1.50 0.30 0.55 6.40 4.90
3987 1968 362 810.00 -2.80 -1.10 0.50 4.40 1.70
3987 1968 363 2060.00 -6.20 -2.30 0.45 1.20 0.00
3987 1968 364 1330.00 -7.30 -3.40 0.40 1.20 0.00
3987 1968 365 850.00 -7.20 -5.10 0.35 1.00 0.00
3987 1968 366 2400.00 -9.30 -3.90 0.36 4.20 0.00
