*---------------------------------------------------------------------------*
* Station name: Potsdam Saekularstation
* Year: 1973
* Author: Pedro Alencar                                   -999.000: NIL VALUE
* Source: DWD
* Comments: Gaps filled with interpolation and storical means
* Longitude: 13.0622, latitude: 52.3812, altitude: 82.0 m.
*
    * Column  Daily value
    * 1       station number
    * 2       year
    * 3       day
    * 4       irradiation                   (kJ m-2 d-1)
    * 5       minimum temperature           (degrees Celsius
    * 6       maximum temperature           (degrees Celsius)
    * 7       early morning vapour pressure (kPa)
    * 8       mean wind speed (height: 2 m) (m s-1)
    * 9       precipitation                 (mm d-1)
    *
** WCCDESCRIPTION=Potsdam, Germany
** WCCFORMAT=2
** WCCYEARNR=1973
*---------------------------------------------------------------------------*
   13.0622 52.3812 82.0 -0.18 -0.55
3987 1973 1 2850.00 -7.90 1.50 0.32 3.80 0.00
3987 1973 2 2170.00 -7.90 -1.80 0.33 2.10 0.00
3987 1973 3 610.00 -9.70 -1.10 0.42 3.50 0.50
3987 1973 4 380.00 -1.20 0.50 0.58 2.00 0.00
3987 1973 5 860.00 -2.00 0.90 0.59 3.50 0.70
3987 1973 6 770.00 0.10 1.50 0.64 3.50 0.30
3987 1973 7 610.00 -0.50 1.00 0.61 1.00 0.40
3987 1973 8 1240.00 -0.30 1.60 0.63 3.50 0.10
3987 1973 9 470.00 0.60 2.10 0.65 1.10 0.30
3987 1973 10 1800.00 -1.20 1.20 0.59 2.50 0.00
3987 1973 11 1320.00 0.50 3.40 0.70 2.40 0.00
3987 1973 12 1580.00 0.30 2.90 0.65 1.90 0.00
3987 1973 13 2390.00 -2.50 0.90 0.52 5.00 0.00
3987 1973 14 2620.00 -5.50 1.20 0.47 5.60 0.00
3987 1973 15 1750.00 -1.80 0.10 0.50 6.00 1.40
3987 1973 16 740.00 -2.50 0.10 0.55 3.40 1.20
3987 1973 17 1710.00 -0.90 0.20 0.56 2.90 0.20
3987 1973 18 2490.00 -2.50 0.50 0.49 2.00 0.00
3987 1973 19 3000.00 -4.30 1.10 0.42 2.50 0.40
3987 1973 20 2430.00 -5.60 -2.00 0.43 3.90 0.50
3987 1973 21 3220.00 -2.80 3.50 0.57 4.60 1.80
3987 1973 22 2530.00 -2.80 4.30 0.61 4.50 2.40
3987 1973 23 3630.00 -0.90 4.70 0.62 4.50 0.00
3987 1973 24 3160.00 -1.90 3.50 0.55 2.70 0.00
3987 1973 25 2360.00 -4.90 -0.30 0.50 4.50 0.00
3987 1973 26 3470.00 -4.30 0.60 0.51 5.40 3.20
3987 1973 27 1670.00 -0.10 3.40 0.67 6.50 10.30
3987 1973 28 600.00 0.60 3.40 0.65 6.80 0.80
3987 1973 29 690.00 -1.60 5.20 0.70 7.00 3.30
3987 1973 30 2410.00 4.00 6.10 0.76 4.80 0.40
3987 1973 31 730.00 1.70 4.40 0.72 2.80 1.80
3987 1973 32 1810.00 1.50 3.30 0.70 2.40 2.30
3987 1973 33 1500.00 -0.20 3.50 0.66 2.80 0.20
3987 1973 34 2740.00 -0.70 3.60 0.66 5.20 0.00
3987 1973 35 1110.00 2.00 3.40 0.71 4.40 0.00
3987 1973 36 6360.00 -1.30 8.90 0.59 6.30 0.20
3987 1973 37 1390.00 1.10 5.40 0.71 8.70 0.30
3987 1973 38 650.00 5.10 8.20 0.88 10.40 0.50
3987 1973 39 1120.00 4.90 7.40 0.89 7.90 2.40
3987 1973 40 2260.00 4.60 7.60 0.76 8.30 1.10
3987 1973 41 3550.00 0.80 6.00 0.63 5.60 1.90
3987 1973 42 6340.00 0.20 5.00 0.58 6.40 0.50
3987 1973 43 2820.00 0.70 4.60 0.67 8.50 4.10
3987 1973 44 4360.00 0.90 5.10 0.58 7.40 0.00
3987 1973 45 6610.00 -1.00 6.10 0.48 5.50 0.00
3987 1973 46 3010.00 -1.80 2.30 0.56 2.40 0.00
3987 1973 47 2870.00 -1.80 1.90 0.52 3.60 0.00
3987 1973 48 2440.00 -0.80 2.20 0.54 5.90 0.00
3987 1973 49 1110.00 -0.60 2.10 0.60 5.00 3.90
3987 1973 50 2020.00 0.00 3.30 0.65 2.60 0.50
3987 1973 51 2950.00 1.00 6.30 0.73 5.30 0.10
3987 1973 52 1330.00 5.40 8.20 0.92 9.90 0.90
3987 1973 53 5060.00 2.90 7.50 0.69 9.50 0.70
3987 1973 54 3590.00 0.20 3.40 0.56 7.20 3.40
3987 1973 55 4800.00 -2.60 0.50 0.52 2.80 0.00
3987 1973 56 5700.00 -2.70 2.80 0.49 2.90 0.60
3987 1973 57 4770.00 -3.10 0.60 0.47 3.10 0.70
3987 1973 58 8520.00 -6.10 1.10 0.39 4.50 0.00
3987 1973 59 5350.00 -4.50 4.60 0.54 7.30 0.00
3987 1973 60 3680.00 1.10 5.20 0.65 6.50 0.00
3987 1973 61 5260.00 1.30 7.20 0.63 5.00 2.50
3987 1973 62 3060.00 2.00 4.70 0.70 5.40 3.80
3987 1973 63 3180.00 3.60 10.00 0.91 2.50 0.90
3987 1973 64 3510.00 4.50 9.70 0.84 3.10 0.00
3987 1973 65 4560.00 3.90 8.60 0.72 6.00 0.10
3987 1973 66 6760.00 -1.30 6.90 0.64 3.30 1.00
3987 1973 67 2860.00 -2.30 4.20 0.63 4.60 1.00
3987 1973 68 7220.00 0.00 5.90 0.57 3.40 0.00
3987 1973 69 11170.00 -4.30 5.10 0.47 3.00 0.00
3987 1973 70 1570.00 -1.20 3.50 0.61 4.70 0.30
3987 1973 71 1870.00 -0.80 2.30 0.56 4.10 0.10
3987 1973 72 11360.00 -0.20 7.50 0.48 4.00 0.00
3987 1973 73 12720.00 -3.00 9.50 0.55 3.50 0.00
3987 1973 74 11290.00 -0.60 8.40 0.59 3.30 0.00
3987 1973 75 14130.00 -3.50 8.30 0.49 2.40 0.00
3987 1973 76 3330.00 -1.10 6.40 0.72 8.50 0.70
3987 1973 77 3910.00 4.50 7.70 0.79 7.30 1.80
3987 1973 78 9970.00 2.30 9.20 0.69 4.50 0.00
3987 1973 79 5490.00 0.60 8.20 0.68 8.50 0.00
3987 1973 80 4020.00 3.70 9.30 0.72 6.10 0.00
3987 1973 81 14200.00 0.80 14.20 0.62 4.80 0.00
3987 1973 82 14810.00 1.40 17.60 0.62 3.70 0.00
3987 1973 83 15620.00 1.80 20.70 0.61 4.60 0.00
3987 1973 84 14980.00 4.10 20.90 0.66 4.30 0.00
3987 1973 85 12780.00 4.80 15.40 0.79 4.40 0.00
3987 1973 86 9820.00 6.00 14.50 0.77 3.40 0.00
3987 1973 87 13880.00 3.80 15.40 0.74 4.30 0.00
3987 1973 88 14180.00 2.10 13.10 0.70 3.40 0.00
3987 1973 89 13810.00 0.90 13.30 0.73 2.40 0.00
3987 1973 90 13180.00 3.60 12.80 0.62 4.60 0.00
3987 1973 91 6760.00 -0.40 10.20 0.60 8.30 1.20
3987 1973 92 3910.00 2.70 6.80 0.79 7.80 8.80
3987 1973 93 6550.00 1.70 7.10 0.66 10.20 3.00
3987 1973 94 19510.00 -1.20 9.30 0.49 4.50 0.40
3987 1973 95 3070.00 2.60 9.00 0.75 6.90 2.40
3987 1973 96 8840.00 4.40 10.50 0.77 5.80 0.10
3987 1973 97 12640.00 1.10 9.40 0.66 7.50 1.40
3987 1973 98 17150.00 0.90 9.20 0.59 6.00 0.10
3987 1973 99 10950.00 -1.50 9.70 0.56 3.00 0.10
3987 1973 100 5860.00 2.20 7.60 0.60 6.50 0.00
3987 1973 101 9360.00 -0.40 7.60 0.58 8.30 5.30
3987 1973 102 10960.00 -0.50 6.50 0.55 5.40 0.00
3987 1973 103 19130.00 -2.70 8.90 0.48 2.10 0.00
3987 1973 104 18870.00 -1.50 11.30 0.49 2.80 0.00
3987 1973 105 6830.00 -0.20 8.00 0.65 3.70 0.00
3987 1973 106 10010.00 4.00 11.50 0.78 4.40 0.70
3987 1973 107 10660.00 2.70 9.40 0.74 10.10 3.90
3987 1973 108 13640.00 2.20 9.80 0.71 7.40 13.90
3987 1973 109 8200.00 0.60 7.10 0.72 3.90 0.60
3987 1973 110 15840.00 -0.40 9.70 0.60 2.80 0.00
3987 1973 111 9430.00 0.80 9.50 0.63 4.70 3.70
3987 1973 112 4110.00 2.70 7.80 0.84 3.40 4.00
3987 1973 113 16790.00 0.40 14.50 0.75 2.40 0.00
3987 1973 114 12630.00 4.40 12.80 0.81 5.30 0.00
3987 1973 115 14000.00 0.00 10.20 0.59 4.50 0.00
3987 1973 116 13650.00 3.40 12.00 0.69 6.10 0.00
3987 1973 117 18140.00 2.50 17.20 0.65 2.80 0.00
3987 1973 118 9060.00 4.70 18.50 0.89 4.10 0.30
3987 1973 119 10020.00 8.70 17.50 1.21 4.00 6.40
3987 1973 120 17120.00 6.00 16.20 0.85 5.20 0.00
3987 1973 121 18320.00 10.20 26.40 1.07 6.30 0.80
3987 1973 122 4380.00 6.30 23.00 0.95 3.70 4.90
3987 1973 123 6850.00 7.40 13.60 1.10 1.80 0.00
3987 1973 124 18690.00 6.50 21.30 1.25 4.40 2.80
3987 1973 125 17580.00 11.10 27.10 1.49 5.50 6.80
3987 1973 126 9160.00 9.90 22.70 1.22 5.00 0.00
3987 1973 127 12910.00 7.30 18.80 1.08 4.10 2.00
3987 1973 128 10570.00 7.70 14.70 1.00 3.30 0.10
3987 1973 129 13420.00 5.40 14.40 0.89 4.60 0.10
3987 1973 130 8220.00 4.80 15.00 1.01 5.60 0.00
3987 1973 131 23540.00 5.50 16.10 0.77 5.50 0.00
3987 1973 132 19300.00 1.80 14.20 0.72 5.70 0.10
3987 1973 133 18670.00 6.80 19.00 0.86 5.00 0.00
3987 1973 134 15750.00 8.20 16.50 0.98 4.00 3.60
3987 1973 135 21690.00 4.60 11.80 0.80 6.00 1.20
3987 1973 136 22790.00 2.60 15.80 0.75 3.30 0.20
3987 1973 137 21400.00 1.80 16.50 0.62 2.40 0.00
3987 1973 138 27240.00 3.40 18.10 0.60 5.00 0.00
3987 1973 139 24830.00 6.40 22.30 0.82 5.80 0.00
3987 1973 140 13790.00 11.90 21.80 1.33 3.60 0.10
3987 1973 141 17630.00 11.10 24.40 1.39 3.00 4.20
3987 1973 142 10540.00 13.60 20.60 1.54 3.10 8.10
3987 1973 143 10940.00 13.00 19.60 1.50 4.20 10.60
3987 1973 144 11010.00 10.80 17.40 1.31 3.90 7.90
3987 1973 145 6560.00 10.40 14.20 1.26 4.80 4.40
3987 1973 146 13650.00 9.70 17.60 1.28 3.10 1.80
3987 1973 147 28750.00 4.60 20.90 0.91 3.80 0.00
3987 1973 148 28900.00 5.70 22.50 0.98 3.50 0.00
3987 1973 149 28300.00 10.40 24.90 1.01 4.30 0.00
3987 1973 150 22760.00 10.70 25.10 1.18 4.40 0.00
3987 1973 151 14550.00 12.50 22.50 1.47 4.50 0.40
3987 1973 152 16910.00 14.40 26.80 1.72 3.90 13.50
3987 1973 153 9760.00 15.30 20.70 1.71 3.30 7.20
3987 1973 154 27430.00 8.40 20.20 0.99 3.20 0.00
3987 1973 155 20070.00 10.50 22.80 1.09 2.50 0.00
3987 1973 156 13010.00 11.60 20.50 1.18 4.20 0.30
3987 1973 157 19980.00 6.60 18.50 1.08 3.10 1.80
3987 1973 158 16450.00 8.50 18.60 1.15 2.80 0.40
3987 1973 159 13050.00 11.60 23.80 1.31 4.50 1.40
3987 1973 160 17490.00 14.00 23.90 1.42 5.30 0.50
3987 1973 161 5760.00 12.10 22.10 1.48 5.70 2.40
3987 1973 162 26060.00 9.20 19.60 1.01 4.50 0.00
3987 1973 163 26700.00 10.70 24.80 1.22 3.60 0.00
3987 1973 164 24870.00 13.20 28.80 1.44 6.10 0.00
3987 1973 165 23530.00 9.60 23.20 0.89 6.80 0.00
3987 1973 166 17460.00 6.30 16.20 0.87 6.30 0.00
3987 1973 167 28660.00 7.10 20.40 0.82 2.80 0.00
3987 1973 168 29400.00 7.30 23.50 0.81 3.30 0.00
3987 1973 169 30640.00 11.00 24.60 0.84 4.50 0.00
3987 1973 170 30390.00 7.80 23.40 0.97 3.60 0.00
3987 1973 171 27310.00 8.50 22.40 1.12 4.70 0.00
3987 1973 172 23320.00 10.00 22.10 1.12 5.00 0.00
3987 1973 173 21930.00 8.80 23.10 1.23 4.90 0.00
3987 1973 174 11910.00 11.20 22.30 1.53 4.30 0.60
3987 1973 175 15920.00 14.60 27.70 1.53 3.70 0.40
3987 1973 176 23960.00 12.90 29.10 1.41 2.10 0.00
3987 1973 177 19930.00 16.50 30.60 1.53 2.50 0.00
3987 1973 178 26270.00 17.10 32.30 1.49 4.60 0.00
3987 1973 179 14120.00 19.30 30.40 1.76 5.10 0.00
3987 1973 180 10970.00 15.30 22.10 1.68 5.30 2.50
3987 1973 181 27370.00 11.60 26.80 1.37 3.40 0.00
3987 1973 182 19210.00 14.50 27.40 1.52 1.90 0.00
3987 1973 183 22240.00 16.10 29.10 1.57 2.40 0.00
3987 1973 184 23400.00 18.10 31.60 1.53 2.00 0.00
3987 1973 185 29040.00 18.10 31.80 1.43 3.30 0.00
3987 1973 186 26370.00 14.30 31.60 1.49 2.90 0.00
3987 1973 187 26000.00 16.10 31.30 1.64 3.90 0.00
3987 1973 188 24860.00 16.50 31.40 1.66 4.30 0.10
3987 1973 189 12870.00 16.30 23.90 1.62 5.00 0.10
3987 1973 190 28960.00 9.90 23.10 1.02 4.50 0.00
3987 1973 191 27350.00 9.70 24.70 1.01 2.40 0.00
3987 1973 192 13860.00 13.20 25.20 1.31 2.90 2.10
3987 1973 193 8590.00 14.80 21.80 1.69 1.30 0.70
3987 1973 194 5870.00 15.30 18.20 1.71 3.30 14.60
3987 1973 195 23410.00 13.10 24.30 1.49 2.40 0.00
3987 1973 196 17470.00 14.40 26.50 1.63 5.90 7.20
3987 1973 197 18010.00 15.20 25.70 1.69 5.00 0.00
3987 1973 198 12790.00 15.40 23.60 1.46 4.30 0.00
3987 1973 199 15960.00 12.80 22.80 1.38 5.40 4.70
3987 1973 200 17210.00 12.20 21.20 1.43 5.00 0.00
3987 1973 201 18190.00 15.50 22.70 1.37 6.30 0.00
3987 1973 202 15120.00 13.40 22.40 1.34 6.50 0.00
3987 1973 203 16340.00 14.00 22.80 1.30 3.30 0.10
3987 1973 204 14770.00 12.70 19.60 1.31 4.40 1.80
3987 1973 205 8100.00 7.90 15.20 1.29 6.90 9.00
3987 1973 206 13360.00 12.20 19.30 1.43 6.20 7.10
3987 1973 207 6960.00 13.30 17.00 1.60 6.60 22.30
3987 1973 208 11140.00 12.90 17.80 1.41 6.80 9.00
3987 1973 209 16910.00 13.40 25.70 1.70 5.20 0.00
3987 1973 210 24490.00 13.00 25.60 1.46 2.80 0.00
3987 1973 211 26020.00 12.10 25.80 1.35 1.60 0.00
3987 1973 212 23420.00 13.00 24.90 1.56 3.30 0.00
3987 1973 213 21360.00 13.40 26.50 1.51 3.30 0.00
3987 1973 214 20150.00 15.70 29.00 1.47 2.70 0.10
3987 1973 215 16440.00 16.70 27.40 1.72 2.50 1.70
3987 1973 216 15930.00 16.40 24.80 1.78 3.50 7.50
3987 1973 217 12070.00 14.70 22.10 1.63 4.90 0.00
3987 1973 218 26020.00 15.50 32.00 1.59 6.70 2.00
3987 1973 219 5690.00 17.10 30.00 1.79 5.00 1.90
3987 1973 220 16880.00 11.10 19.70 1.20 7.00 4.80
3987 1973 221 21620.00 9.30 21.70 1.18 3.10 0.00
3987 1973 222 24150.00 11.50 28.80 1.23 3.10 0.00
3987 1973 223 10610.00 14.70 24.50 1.70 2.70 0.10
3987 1973 224 23500.00 13.50 25.30 1.39 3.00 0.00
3987 1973 225 21380.00 10.70 25.30 1.29 3.30 0.00
3987 1973 226 24360.00 12.40 26.10 1.20 3.30 0.00
3987 1973 227 23030.00 13.40 26.90 1.42 3.10 0.00
3987 1973 228 24000.00 13.90 28.00 1.33 3.40 0.00
3987 1973 229 21990.00 14.10 30.30 1.31 3.80 0.00
3987 1973 230 11320.00 16.80 26.50 1.56 3.80 0.00
3987 1973 231 11170.00 15.30 26.10 1.78 2.90 0.30
3987 1973 232 11670.00 16.50 24.50 1.67 3.30 0.00
3987 1973 233 20150.00 12.60 20.30 0.98 5.20 0.00
3987 1973 234 22190.00 6.50 19.70 0.86 2.90 0.00
3987 1973 235 22330.00 6.90 23.40 0.94 2.00 0.00
3987 1973 236 18760.00 10.50 26.00 0.96 3.30 0.00
3987 1973 237 12530.00 9.40 21.10 1.28 2.60 0.00
3987 1973 238 20810.00 10.30 24.20 1.03 4.30 0.00
3987 1973 239 22860.00 8.90 26.00 0.78 4.60 0.00
3987 1973 240 18940.00 9.60 26.90 0.85 3.50 0.00
3987 1973 241 19010.00 9.00 27.00 1.04 2.70 0.00
3987 1973 242 6770.00 13.00 21.10 1.32 2.60 4.90
3987 1973 243 8030.00 13.20 19.60 1.38 3.70 1.90
3987 1973 244 7320.00 11.30 19.80 1.37 7.80 0.90
3987 1973 245 3630.00 15.70 18.90 1.67 5.30 1.20
3987 1973 246 5300.00 13.00 18.90 1.72 5.40 1.70
3987 1973 247 10760.00 15.20 25.80 1.84 3.50 0.00
3987 1973 248 15580.00 14.40 32.90 1.76 3.40 0.00
3987 1973 249 14420.00 16.50 30.50 1.82 2.20 0.00
3987 1973 250 10110.00 16.90 25.10 1.77 3.80 0.00
3987 1973 251 10280.00 13.80 23.00 1.70 2.40 0.00
3987 1973 252 11430.00 14.20 26.40 1.69 4.00 0.20
3987 1973 253 15330.00 9.90 19.50 1.07 4.30 0.00
3987 1973 254 14810.00 6.90 18.10 0.90 5.40 0.00
3987 1973 255 7570.00 7.20 15.30 1.11 5.90 0.20
3987 1973 256 13390.00 5.80 17.60 0.90 1.80 0.00
3987 1973 257 17600.00 5.30 21.10 0.73 2.00 0.00
3987 1973 258 16540.00 8.40 24.30 0.77 1.70 0.00
3987 1973 259 15590.00 8.90 25.40 0.95 4.10 0.00
3987 1973 260 10520.00 11.10 22.80 1.11 6.10 0.00
3987 1973 261 13810.00 8.00 18.00 1.00 7.50 0.00
3987 1973 262 9380.00 9.10 23.10 1.23 5.80 8.70
3987 1973 263 6940.00 11.50 18.30 1.34 4.50 4.70
3987 1973 264 4410.00 11.00 18.50 1.47 5.20 3.70
3987 1973 265 4700.00 11.50 14.30 1.02 8.20 0.00
3987 1973 266 7522.26 5.90 18.00 0.99 3.40 0.00
3987 1973 267 2140.00 9.30 12.60 1.14 3.50 3.60
3987 1973 268 5280.00 5.10 12.80 1.09 4.20 0.30
3987 1973 269 5670.00 7.20 13.40 0.96 3.90 0.00
3987 1973 270 9540.00 5.40 13.40 0.87 2.50 0.00
3987 1973 271 4370.00 4.50 16.20 1.03 6.50 3.20
3987 1973 272 3650.00 11.60 15.10 1.25 5.30 0.00
3987 1973 273 8550.00 6.50 14.40 0.94 4.80 0.00
3987 1973 274 11980.00 5.90 17.60 0.98 2.40 0.00
3987 1973 275 12370.00 3.70 16.70 0.97 3.20 0.00
3987 1973 276 3810.00 9.50 15.90 1.28 2.50 0.00
3987 1973 277 10120.00 8.60 19.00 1.21 5.20 0.00
3987 1973 278 12000.00 7.40 22.70 1.18 4.50 0.00
3987 1973 279 10820.00 8.10 20.60 1.19 4.20 0.00
3987 1973 280 3600.00 8.40 15.50 1.27 3.40 0.00
3987 1973 281 1960.00 11.40 14.00 1.29 3.70 0.00
3987 1973 282 4660.00 11.20 16.30 1.11 7.00 1.70
3987 1973 283 3140.00 8.40 15.50 1.11 4.50 4.00
3987 1973 284 2130.00 3.60 9.20 0.86 3.90 7.40
3987 1973 285 6890.00 1.60 9.20 0.69 2.20 0.00
3987 1973 286 6630.00 -3.00 6.40 0.56 5.30 0.00
3987 1973 287 6800.00 -0.20 8.50 0.73 4.00 4.80
3987 1973 288 4290.00 6.40 11.00 1.06 2.40 2.60
3987 1973 289 2700.00 6.30 9.60 1.05 3.40 4.60
3987 1973 290 7070.00 4.60 10.20 0.86 6.40 0.50
3987 1973 291 4570.00 3.20 7.30 0.67 9.60 0.40
3987 1973 292 2800.00 2.50 7.90 0.74 9.50 6.80
3987 1973 293 4530.00 1.80 7.50 0.78 4.20 2.70
3987 1973 294 2950.00 2.30 11.80 0.93 6.60 5.00
3987 1973 295 9190.00 1.10 8.10 0.69 5.50 1.10
3987 1973 296 1570.00 3.00 6.40 0.83 3.40 0.60
3987 1973 297 9890.00 -2.10 7.90 0.53 3.40 0.00
3987 1973 298 4960.00 -1.00 9.70 0.69 5.20 0.00
3987 1973 299 1800.00 7.40 10.80 0.97 3.30 0.00
3987 1973 300 2310.00 6.10 8.80 0.97 3.50 0.00
3987 1973 301 7140.00 1.90 10.20 0.74 4.60 0.00
3987 1973 302 5070.00 3.00 10.40 0.81 5.80 0.00
3987 1973 303 2850.00 4.50 11.40 0.97 7.20 0.50
3987 1973 304 7590.00 -0.50 9.90 0.64 3.50 0.00
3987 1973 305 8140.00 -2.70 7.00 0.44 6.00 0.00
3987 1973 306 7430.00 -5.10 7.90 0.39 4.60 0.00
3987 1973 307 5980.00 -3.80 7.60 0.49 3.70 0.00
3987 1973 308 6010.00 -2.90 10.80 0.56 5.80 0.00
3987 1973 309 3690.00 4.40 13.70 0.73 7.50 5.00
3987 1973 310 3950.00 3.00 12.70 0.76 8.50 0.00
3987 1973 311 1980.00 4.30 7.10 0.77 9.30 0.40
3987 1973 312 1500.00 5.50 9.60 0.91 7.00 1.00
3987 1973 313 510.00 7.20 11.60 1.03 8.80 0.90
3987 1973 314 940.00 7.70 10.60 1.01 7.60 5.70
3987 1973 315 3050.00 5.80 9.60 0.85 8.70 1.30
3987 1973 316 3970.00 3.70 7.70 0.69 9.90 6.70
3987 1973 317 2960.00 4.40 8.60 0.77 12.30 1.20
3987 1973 318 4060.00 1.70 6.30 0.62 7.10 0.00
3987 1973 319 1670.00 -2.20 4.10 0.66 6.20 3.10
3987 1973 320 2920.00 2.10 6.60 0.59 11.50 1.50
3987 1973 321 3840.00 1.40 5.10 0.62 10.00 0.50
3987 1973 322 4830.00 -1.60 5.50 0.58 5.50 0.00
3987 1973 323 860.00 -0.10 7.10 0.61 10.80 2.30
3987 1973 324 3680.00 2.70 7.00 0.58 12.20 0.00
3987 1973 325 5150.00 -1.20 5.50 0.62 4.50 0.00
3987 1973 326 2230.00 0.30 6.70 0.64 5.50 0.00
3987 1973 327 880.00 -0.30 7.50 0.71 8.20 0.00
3987 1973 328 340.00 3.60 11.50 0.88 12.50 2.10
3987 1973 329 3340.00 1.00 10.20 0.57 11.80 0.00
3987 1973 330 4120.00 -1.00 1.60 0.53 7.30 2.10
3987 1973 331 1410.00 -1.30 0.30 0.52 6.70 1.50
3987 1973 332 3970.00 -4.00 -0.80 0.44 6.40 5.10
3987 1973 333 1270.00 -5.10 -0.70 0.47 8.30 4.10
3987 1973 334 4030.00 -7.50 -3.90 0.33 8.50 0.00
3987 1973 335 3030.00 -10.20 -5.00 0.30 5.10 0.20
3987 1973 336 1900.00 -10.00 -4.40 0.35 3.80 0.70
3987 1973 337 1190.00 -7.50 -2.00 0.40 8.90 8.60
3987 1973 338 1720.00 -2.00 4.20 0.66 11.30 6.10
3987 1973 339 2960.00 1.10 3.80 0.59 8.30 0.90
3987 1973 340 380.00 -1.20 5.50 0.70 10.00 3.80
3987 1973 341 1140.00 0.70 4.20 0.62 11.30 4.40
3987 1973 342 530.00 -0.40 5.80 0.65 6.80 8.20
3987 1973 343 1786.92 -4.70 3.70 0.42 5.20 1.30
3987 1973 344 3470.00 -10.20 -2.60 0.31 5.70 0.00
3987 1973 345 2830.00 -7.20 -0.20 0.40 7.20 2.20
3987 1973 346 1070.00 -0.90 2.70 0.63 7.30 2.70
3987 1973 347 860.00 0.40 3.80 0.66 9.30 8.20
3987 1973 348 1540.00 -0.10 2.80 0.56 13.50 1.10
3987 1973 349 990.00 -1.30 1.10 0.49 9.30 1.10
3987 1973 350 740.00 -2.80 1.00 0.59 8.10 5.50
3987 1973 351 1510.00 0.80 4.10 0.59 12.60 1.30
3987 1973 352 3240.00 0.10 3.00 0.57 8.70 0.00
3987 1973 353 3030.00 -3.40 0.90 0.48 5.00 0.00
3987 1973 354 3320.00 -5.80 1.90 0.45 5.90 0.00
3987 1973 355 1630.00 -5.30 -1.90 0.46 6.00 0.00
3987 1973 356 1500.00 -3.30 5.20 0.64 6.30 0.60
3987 1973 357 2010.00 1.70 7.70 0.73 5.20 0.00
3987 1973 358 2580.00 -0.60 4.00 0.62 4.10 0.00
3987 1973 359 610.00 -3.70 0.40 0.57 1.60 0.20
3987 1973 360 820.00 -0.40 1.30 0.63 4.20 0.30
3987 1973 361 1370.00 0.00 4.90 0.73 5.50 0.10
3987 1973 362 690.00 3.60 5.60 0.84 5.60 0.50
3987 1973 363 1370.00 4.40 5.70 0.84 4.00 0.00
3987 1973 364 2940.00 0.50 5.70 0.65 5.90 0.00
3987 1973 365 1350.00 -0.60 2.70 0.61 4.90 0.00
