*---------------------------------------------------------------------------*
* Station name: Potsdam Saekularstation
* Year: 1985
* Author: Pedro Alencar                                   -999.000: NIL VALUE
* Source: DWD
* Comments: Gaps filled with interpolation and storical means
* Longitude: 13.0622, latitude: 52.3812, altitude: 82.0 m.
*
    * Column  Daily value
    * 1       station number
    * 2       year
    * 3       day
    * 4       irradiation                   (kJ m-2 d-1)
    * 5       minimum temperature           (degrees Celsius
    * 6       maximum temperature           (degrees Celsius)
    * 7       early morning vapour pressure (kPa)
    * 8       mean wind speed (height: 2 m) (m s-1)
    * 9       precipitation                 (mm d-1)
    *
** WCCDESCRIPTION=Potsdam, Germany
** WCCFORMAT=2
** WCCYEARNR=1985
*---------------------------------------------------------------------------*
   13.0622 52.3812 82.0 -0.18 -0.55
3987 1985 1 710.00 -4.40 -1.40 0.47 3.30 1.80
3987 1985 2 1400.00 -6.20 -2.50 0.39 3.50 1.20
3987 1985 3 1760.00 -9.10 -3.60 0.35 5.10 1.90
3987 1985 4 2280.00 -9.90 -5.60 0.33 6.30 2.50
3987 1985 5 3470.00 -10.60 -5.70 0.27 2.20 0.10
3987 1985 6 3340.00 -15.50 -9.20 0.21 2.30 0.00
3987 1985 7 3520.00 -20.20 -11.60 0.17 1.80 0.00
3987 1985 8 1610.00 -16.50 -6.10 0.28 3.20 0.60
3987 1985 9 2450.00 -17.10 -9.80 0.21 2.80 0.30
3987 1985 10 2570.00 -11.30 -6.70 0.31 2.60 0.10
3987 1985 11 1480.00 -9.50 -6.30 0.34 3.70 1.70
3987 1985 12 2750.00 -9.10 -4.60 0.34 2.20 0.50
3987 1985 13 2040.00 -13.20 -7.60 0.24 2.00 1.20
3987 1985 14 2330.00 -15.50 -10.20 0.22 4.70 1.10
3987 1985 15 1830.00 -11.70 -7.10 0.26 7.00 0.00
3987 1985 16 3620.00 -10.50 -5.70 0.26 7.10 0.00
3987 1985 17 3270.00 -15.00 -8.10 0.21 6.40 0.00
3987 1985 18 2110.00 -10.40 -2.20 0.32 1.80 0.00
3987 1985 19 2790.00 -7.50 -4.50 0.33 1.50 0.00
3987 1985 20 4460.00 -9.50 -0.90 0.36 2.50 0.00
3987 1985 21 1830.00 -10.20 -0.80 0.39 5.10 0.40
3987 1985 22 1570.00 -0.80 4.60 0.70 6.80 1.80
3987 1985 23 4460.00 0.30 5.10 0.61 4.90 0.00
3987 1985 24 3700.00 -1.20 2.90 0.49 7.10 5.60
3987 1985 25 590.00 -1.00 2.70 0.61 6.90 4.10
3987 1985 26 1150.00 -0.10 4.50 0.67 5.50 3.80
3987 1985 27 1310.00 -3.30 4.50 0.48 6.60 0.30
3987 1985 28 3650.00 -5.00 -0.20 0.40 3.80 0.00
3987 1985 29 3980.00 -6.40 3.50 0.46 5.40 5.30
3987 1985 30 2670.00 1.00 5.80 0.75 8.00 1.00
3987 1985 31 1940.00 1.30 6.60 0.74 7.10 1.60
3987 1985 32 550.00 2.60 8.60 0.83 9.50 5.80
3987 1985 33 1720.00 4.00 8.10 0.79 11.00 6.70
3987 1985 34 5660.00 -3.30 6.10 0.37 8.80 0.00
3987 1985 35 4630.00 -5.90 1.90 0.32 3.30 0.10
3987 1985 36 1840.00 -0.90 4.60 0.65 5.50 4.10
3987 1985 37 1760.00 -0.10 4.00 0.66 4.30 1.20
3987 1985 38 5990.00 -4.60 0.30 0.38 5.40 0.00
3987 1985 39 5460.00 -9.50 -3.20 0.31 4.70 0.00
3987 1985 40 3490.00 -7.90 -4.60 0.29 5.40 0.10
3987 1985 41 5970.00 -11.20 -4.80 0.28 3.30 0.10
3987 1985 42 6590.00 -15.30 -7.30 0.19 2.00 0.00
3987 1985 43 7580.00 -17.40 -6.60 0.17 2.40 0.00
3987 1985 44 7960.00 -16.80 -2.40 0.20 4.30 0.00
3987 1985 45 6890.00 -14.20 -2.60 0.25 4.00 0.90
3987 1985 46 2710.00 -14.00 -6.50 0.26 5.60 0.00
3987 1985 47 4240.00 -13.20 0.30 0.35 3.50 0.10
3987 1985 48 6030.00 -8.10 -0.20 0.39 4.30 0.10
3987 1985 49 6740.00 -11.30 -2.90 0.29 4.30 0.00
3987 1985 50 8970.00 -12.10 -1.90 0.23 5.10 0.00
3987 1985 51 8100.00 -13.00 0.30 0.21 3.50 0.00
3987 1985 52 1760.00 -3.80 0.50 0.48 4.40 4.80
3987 1985 53 7290.00 -5.60 -0.60 0.36 2.30 0.00
3987 1985 54 7120.00 -6.40 0.50 0.41 3.50 2.40
3987 1985 55 1250.00 -1.70 4.30 0.72 5.60 0.50
3987 1985 56 2320.00 2.30 5.40 0.78 2.40 0.00
3987 1985 57 2910.00 0.00 5.10 0.67 4.60 0.00
3987 1985 58 7140.00 -1.40 7.80 0.64 3.60 0.00
3987 1985 59 1120.00 -1.60 4.90 0.58 2.00 0.00
3987 1985 60 3190.00 -1.70 1.80 0.56 1.70 0.00
3987 1985 61 3050.00 -0.60 6.50 0.71 3.00 1.00
3987 1985 62 9790.00 -0.50 10.40 0.68 3.30 0.00
3987 1985 63 9190.00 -2.10 8.90 0.62 5.70 0.00
3987 1985 64 7210.00 -0.10 8.20 0.63 3.20 0.00
3987 1985 65 1540.00 2.00 6.30 0.66 1.10 0.00
3987 1985 66 2730.00 1.70 5.70 0.69 1.40 0.30
3987 1985 67 4520.00 1.20 4.20 0.65 2.20 0.00
3987 1985 68 4590.00 -0.50 2.90 0.58 2.20 0.60
3987 1985 69 3850.00 -1.50 2.10 0.50 1.90 0.00
3987 1985 70 10260.00 -3.70 5.10 0.47 2.60 0.00
3987 1985 71 11320.00 -4.40 4.50 0.48 2.00 0.00
3987 1985 72 11660.00 -3.60 9.70 0.54 2.30 0.00
3987 1985 73 9780.00 -1.70 8.20 0.56 3.50 0.30
3987 1985 74 7640.00 -0.90 6.90 0.59 3.70 0.20
3987 1985 75 5050.00 -2.70 4.30 0.60 2.80 0.80
3987 1985 76 5440.00 -0.40 3.00 0.60 4.30 0.00
3987 1985 77 2080.00 -0.50 1.50 0.55 6.80 6.90
3987 1985 78 3250.00 -0.40 2.70 0.62 3.20 2.20
3987 1985 79 2450.00 1.00 3.50 0.65 6.00 3.40
3987 1985 80 10070.00 1.20 10.50 0.72 4.60 0.00
3987 1985 81 5740.00 2.70 11.80 0.81 5.00 0.00
3987 1985 82 8500.00 4.30 14.30 0.88 3.70 0.00
3987 1985 83 10470.00 1.50 13.00 0.67 3.50 0.00
3987 1985 84 12320.00 1.00 12.30 0.66 4.80 0.00
3987 1985 85 6960.00 4.50 13.90 0.81 5.80 2.20
3987 1985 86 6600.00 3.80 11.60 0.82 6.10 2.20
3987 1985 87 10970.00 -0.60 5.40 0.49 8.80 2.60
3987 1985 88 5650.00 -2.00 4.90 0.61 6.90 3.00
3987 1985 89 4800.00 1.70 11.00 0.78 7.50 0.40
3987 1985 90 3540.00 7.50 12.70 0.98 6.20 2.20
3987 1985 91 5460.00 4.90 11.50 1.05 5.20 3.10
3987 1985 92 6380.00 9.00 16.00 1.08 7.10 5.90
3987 1985 93 12770.00 6.80 15.70 0.91 4.60 0.00
3987 1985 94 17570.00 8.20 24.10 1.04 5.40 0.00
3987 1985 95 17340.00 11.20 25.70 0.98 3.70 0.00
3987 1985 96 7220.00 10.50 20.30 1.09 4.30 0.00
3987 1985 97 3620.00 6.90 11.70 0.99 3.70 1.50
3987 1985 98 10150.00 5.30 16.80 0.91 5.30 1.40
3987 1985 99 13590.00 5.20 15.10 0.79 5.40 0.00
3987 1985 100 12170.00 5.20 13.30 0.86 2.90 3.90
3987 1985 101 11370.00 4.90 12.40 0.86 3.10 3.00
3987 1985 102 10830.00 5.50 12.80 0.78 4.90 1.30
3987 1985 103 7480.00 4.70 11.00 0.80 3.90 4.60
3987 1985 104 12250.00 3.10 11.90 0.77 5.10 1.50
3987 1985 105 4840.00 4.90 9.10 0.80 6.10 2.20
3987 1985 106 9770.00 4.90 10.60 0.75 3.60 0.90
3987 1985 107 19440.00 1.30 16.40 0.66 2.30 0.00
3987 1985 108 20250.00 3.60 17.50 0.77 3.00 0.00
3987 1985 109 21950.00 5.00 17.90 0.65 2.90 0.00
3987 1985 110 17610.00 7.10 21.70 0.76 5.40 0.00
3987 1985 111 20290.00 4.80 18.30 0.79 3.30 0.00
3987 1985 112 19540.00 4.90 17.50 0.72 3.20 0.00
3987 1985 113 7690.00 1.00 13.70 0.70 4.60 3.00
3987 1985 114 23810.00 -0.20 11.10 0.48 5.50 1.10
3987 1985 115 9760.00 2.90 7.90 0.53 6.50 1.20
3987 1985 116 16020.00 -1.30 9.40 0.48 5.40 0.40
3987 1985 117 5710.00 -0.20 5.60 0.59 6.10 3.30
3987 1985 118 11850.00 -1.10 9.70 0.58 6.20 2.70
3987 1985 119 10230.00 0.70 7.10 0.60 5.00 4.60
3987 1985 120 2440.00 1.50 7.70 0.65 9.20 5.00
3987 1985 121 13680.00 1.30 11.40 0.63 8.40 0.00
3987 1985 122 11010.00 2.00 9.40 0.68 5.60 4.30
3987 1985 123 4750.00 2.20 7.80 0.68 2.80 2.70
3987 1985 124 14560.00 0.40 12.60 0.63 3.00 0.00
3987 1985 125 16840.00 5.30 15.50 0.78 2.50 0.00
3987 1985 126 17850.00 5.50 22.70 0.93 6.00 0.00
3987 1985 127 15840.00 13.40 23.10 1.23 6.90 1.60
3987 1985 128 17180.00 13.70 21.50 1.14 4.80 0.10
3987 1985 129 18190.00 7.40 19.00 0.97 2.60 0.60
3987 1985 130 21260.00 6.40 20.40 1.03 2.10 0.00
3987 1985 131 17390.00 8.80 22.30 1.05 3.20 0.00
3987 1985 132 13210.00 10.90 19.20 1.22 4.80 0.00
3987 1985 133 16450.00 14.70 26.00 1.54 4.50 0.00
3987 1985 134 22350.00 14.50 31.10 1.49 4.50 6.50
3987 1985 135 12110.00 13.30 19.30 1.33 4.10 0.00
3987 1985 136 16130.00 10.00 19.90 1.10 3.60 0.00
3987 1985 137 20920.00 8.20 20.50 0.77 3.00 0.00
3987 1985 138 26000.00 6.40 22.60 0.94 3.10 0.00
3987 1985 139 24360.00 5.90 24.10 1.00 3.80 0.00
3987 1985 140 20480.00 11.30 23.80 1.05 4.30 0.00
3987 1985 141 27120.00 10.40 24.50 0.89 3.70 0.00
3987 1985 142 18840.00 11.50 23.30 1.14 2.80 1.50
3987 1985 143 6480.00 11.30 16.90 1.28 4.50 5.20
3987 1985 144 19140.00 9.10 18.40 1.03 3.40 0.00
3987 1985 145 20540.00 8.80 25.60 1.21 2.80 0.00
3987 1985 146 26070.00 13.00 28.20 1.34 4.00 0.00
3987 1985 147 27000.00 13.50 30.50 1.43 4.60 0.00
3987 1985 148 19260.00 15.30 27.80 1.68 3.80 0.00
3987 1985 149 4640.00 13.90 21.70 1.47 4.90 0.00
3987 1985 150 23920.00 9.50 22.70 1.24 4.60 0.00
3987 1985 151 25530.00 10.50 24.10 1.29 4.20 0.00
3987 1985 152 23410.00 8.50 24.00 1.02 4.20 0.00
3987 1985 153 30470.00 9.40 25.40 0.89 4.40 0.00
3987 1985 154 28780.00 8.80 27.60 0.98 2.00 0.00
3987 1985 155 28660.00 12.60 28.70 1.23 3.50 0.00
3987 1985 156 22380.00 16.50 30.50 1.65 4.50 7.40
3987 1985 157 17340.00 14.40 22.90 1.64 3.30 0.30
3987 1985 158 18950.00 14.90 23.90 1.60 4.80 10.20
3987 1985 159 18610.00 11.50 17.80 1.10 6.30 0.00
3987 1985 160 16250.00 5.60 17.10 0.86 5.20 0.00
3987 1985 161 13340.00 9.00 16.70 1.08 4.70 2.10
3987 1985 162 21800.00 8.80 17.50 1.05 5.60 0.90
3987 1985 163 8580.00 9.80 15.00 1.17 5.30 9.70
3987 1985 164 13040.00 6.50 15.20 1.03 5.50 12.40
3987 1985 165 15120.00 9.20 16.90 1.05 5.70 0.00
3987 1985 166 14990.00 7.90 15.00 0.97 7.00 4.20
3987 1985 167 15600.00 7.30 15.20 0.94 5.60 0.00
3987 1985 168 12460.00 6.00 12.70 1.05 2.60 8.30
3987 1985 169 19580.00 6.60 16.60 1.02 3.30 0.00
3987 1985 170 22350.00 7.80 21.60 1.03 2.50 0.00
3987 1985 171 8770.00 11.60 18.90 1.29 3.40 4.10
3987 1985 172 7320.00 10.50 16.90 1.47 1.80 0.00
3987 1985 173 14480.00 9.00 20.40 1.42 2.10 0.00
3987 1985 174 9330.00 12.30 18.20 1.47 1.80 3.00
3987 1985 175 15490.00 12.40 20.20 1.39 2.40 0.00
3987 1985 176 16650.00 13.00 21.10 1.47 3.70 0.20
3987 1985 177 17450.00 10.20 19.30 1.32 3.30 3.10
3987 1985 178 9020.00 10.90 16.00 1.32 4.50 2.60
3987 1985 179 17590.00 11.10 18.80 1.27 5.10 1.50
3987 1985 180 17630.00 10.90 19.90 1.29 4.40 0.00
3987 1985 181 9700.00 13.30 19.40 1.58 2.80 9.80
3987 1985 182 12800.00 12.90 17.10 1.48 3.60 1.20
3987 1985 183 15100.00 9.80 17.00 1.28 5.00 0.00
3987 1985 184 25180.00 8.80 22.60 1.28 2.10 0.00
3987 1985 185 28760.00 12.30 26.10 1.31 3.80 0.00
3987 1985 186 30560.00 11.40 26.20 1.27 4.50 0.00
3987 1985 187 30120.00 12.70 27.30 1.28 3.70 1.70
3987 1985 188 22520.00 12.90 24.60 1.41 5.80 0.00
3987 1985 189 11080.00 9.80 18.50 1.24 4.40 5.80
3987 1985 190 14520.00 11.90 19.50 1.38 3.80 0.10
3987 1985 191 12510.00 12.70 20.50 1.51 2.40 0.20
3987 1985 192 16640.00 12.40 22.40 1.50 2.30 0.00
3987 1985 193 21350.00 14.40 24.90 1.50 1.20 0.00
3987 1985 194 23120.00 14.90 27.80 1.50 1.80 0.00
3987 1985 195 26040.00 16.50 31.50 1.60 4.20 0.10
3987 1985 196 19890.00 17.90 28.40 1.69 5.10 2.20
3987 1985 197 23460.00 13.90 28.30 1.39 3.50 0.00
3987 1985 198 25530.00 13.10 25.30 1.32 4.20 0.00
3987 1985 199 26070.00 12.00 29.40 1.36 3.90 3.60
3987 1985 200 16260.00 16.60 25.60 1.69 4.00 0.00
3987 1985 201 14590.00 13.90 25.30 1.58 3.70 9.50
3987 1985 202 23010.00 9.60 19.20 1.23 5.30 0.40
3987 1985 203 15860.00 9.00 19.20 1.30 4.90 7.70
3987 1985 204 13580.00 14.50 20.70 1.51 7.00 0.10
3987 1985 205 27320.00 9.80 24.60 1.34 3.40 0.00
3987 1985 206 13240.00 13.80 22.90 1.60 2.40 0.00
3987 1985 207 24180.00 11.40 26.00 1.26 3.50 0.50
3987 1985 208 14670.00 14.80 23.90 1.52 5.60 0.00
3987 1985 209 19870.00 12.40 25.70 1.44 3.10 0.00
3987 1985 210 12130.00 16.10 25.30 1.81 3.70 1.50
3987 1985 211 18720.00 14.00 23.30 1.31 5.50 0.40
3987 1985 212 12250.00 14.70 20.50 1.47 6.00 6.00
3987 1985 213 17360.00 12.40 20.80 1.31 4.10 0.50
3987 1985 214 17290.00 13.30 20.90 1.32 4.70 0.00
3987 1985 215 11030.00 13.40 22.60 1.35 4.70 1.80
3987 1985 216 19080.00 10.20 20.80 1.10 5.00 0.00
3987 1985 217 16180.00 11.50 27.80 1.20 7.00 0.00
3987 1985 218 12980.00 13.50 24.20 1.14 3.30 0.00
3987 1985 219 14060.00 11.50 19.10 1.21 4.10 0.30
3987 1985 220 18610.00 10.10 21.90 1.34 3.60 0.00
3987 1985 221 26590.00 9.40 25.10 1.13 2.30 0.00
3987 1985 222 16790.00 11.30 27.80 1.31 5.20 5.50
3987 1985 223 24630.00 10.80 24.10 1.02 5.10 0.00
3987 1985 224 13650.00 14.50 24.90 1.47 3.00 0.80
3987 1985 225 16410.00 13.50 26.30 1.85 2.00 2.90
3987 1985 226 21070.00 18.10 32.70 2.17 4.50 0.00
3987 1985 227 13910.00 18.10 27.50 2.11 2.80 21.20
3987 1985 228 8350.00 15.00 23.90 2.00 1.40 1.10
3987 1985 229 14460.00 14.80 20.80 1.67 2.70 6.10
3987 1985 230 14950.00 10.50 18.70 1.45 3.30 0.90
3987 1985 231 18040.00 11.30 22.30 1.47 2.90 4.60
3987 1985 232 10760.00 14.50 22.20 1.64 5.90 0.00
3987 1985 233 11090.00 11.50 22.30 1.55 4.40 1.20
3987 1985 234 17030.00 10.80 26.60 1.62 3.90 4.10
3987 1985 235 15650.00 13.20 22.00 1.51 2.90 0.00
3987 1985 236 17810.00 12.00 27.70 1.56 4.30 5.90
3987 1985 237 10410.00 14.20 22.10 1.57 4.40 0.00
3987 1985 238 15040.00 11.40 21.10 1.33 3.30 0.00
3987 1985 239 13100.00 10.80 19.70 1.26 3.70 0.00
3987 1985 240 21880.00 8.40 21.30 1.14 1.80 0.00
3987 1985 241 20150.00 8.90 23.40 1.14 1.40 0.00
3987 1985 242 19190.00 11.80 25.00 1.32 1.80 0.00
3987 1985 243 19090.00 11.10 28.00 1.39 4.30 0.00
3987 1985 244 11140.00 15.70 22.60 1.54 4.30 0.00
3987 1985 245 15280.00 11.50 21.00 1.10 5.40 0.00
3987 1985 246 4400.00 10.80 18.40 1.38 5.30 11.50
3987 1985 247 10280.00 10.60 17.50 1.32 6.10 1.70
3987 1985 248 8230.00 6.60 17.40 1.28 5.30 2.10
3987 1985 249 14290.00 7.80 15.50 0.96 10.10 2.60
3987 1985 250 13940.00 6.10 13.30 0.94 9.70 1.60
3987 1985 251 16130.00 6.30 15.90 0.89 6.80 0.00
3987 1985 252 11880.00 8.50 16.50 1.02 6.30 0.00
3987 1985 253 11640.00 7.40 17.30 1.16 5.90 0.10
3987 1985 254 12840.00 12.10 20.10 1.34 6.00 0.00
3987 1985 255 16170.00 6.60 19.10 1.08 2.10 0.00
3987 1985 256 16100.00 6.00 22.60 1.07 4.20 0.00
3987 1985 257 9180.00 10.50 17.90 1.32 3.20 0.40
3987 1985 258 5780.00 10.70 18.10 1.32 4.60 1.60
3987 1985 259 10070.00 6.70 17.10 1.08 4.90 9.60
3987 1985 260 6530.00 10.00 19.30 1.40 7.60 8.10
3987 1985 261 15380.00 9.50 18.70 1.24 3.30 0.00
3987 1985 262 15340.00 8.90 26.20 1.54 5.30 0.00
3987 1985 263 8670.00 14.10 21.30 1.58 4.20 0.00
3987 1985 264 7800.00 12.30 21.90 1.61 3.60 0.00
3987 1985 265 3070.00 16.10 20.10 1.69 6.00 0.80
3987 1985 266 8198.79 9.60 17.70 1.06 2.50 0.90
3987 1985 267 6310.00 8.50 17.30 1.33 4.20 0.00
3987 1985 268 5820.00 11.60 16.30 1.37 5.00 0.30
3987 1985 269 10830.00 9.70 16.60 1.19 1.60 0.00
3987 1985 270 11600.00 7.30 18.90 1.20 3.80 0.00
3987 1985 271 7540.00 11.20 17.70 1.35 5.10 0.00
3987 1985 272 12540.00 5.70 16.70 1.03 4.00 0.00
3987 1985 273 11030.00 8.30 21.40 1.23 3.30 0.00
3987 1985 274 12990.00 8.40 23.80 1.20 4.20 0.00
3987 1985 275 10760.00 9.30 24.10 1.47 4.10 3.30
3987 1985 276 10650.00 13.20 25.30 1.71 4.60 0.00
3987 1985 277 11200.00 15.30 27.20 1.60 4.80 0.00
3987 1985 278 9330.00 13.40 22.60 1.52 2.60 0.90
3987 1985 279 4900.00 12.30 17.20 1.53 1.70 0.00
3987 1985 280 6730.00 9.50 19.80 1.55 3.30 0.00
3987 1985 281 5500.00 9.60 18.10 1.33 5.60 0.70
3987 1985 282 9350.00 4.90 14.80 0.95 4.50 0.10
3987 1985 283 8680.00 9.60 15.50 1.12 6.50 2.00
3987 1985 284 3450.00 9.10 16.80 1.36 6.30 0.00
3987 1985 285 8850.00 8.30 16.10 0.94 7.40 0.00
3987 1985 286 11360.00 4.00 13.80 0.83 5.00 1.10
3987 1985 287 2100.00 7.50 12.60 1.21 5.80 0.50
3987 1985 288 9650.00 8.20 15.10 1.10 3.40 0.00
3987 1985 289 2440.00 3.40 9.60 1.02 2.70 0.70
3987 1985 290 1500.00 9.60 11.20 1.25 2.60 0.60
3987 1985 291 1470.00 9.70 11.20 1.15 4.40 0.80
3987 1985 292 3740.00 5.60 10.20 0.97 3.10 0.00
3987 1985 293 5100.00 2.50 11.80 0.87 1.50 0.00
3987 1985 294 8480.00 3.80 12.50 0.85 3.10 0.00
3987 1985 295 7780.00 1.90 12.50 0.84 3.90 0.00
3987 1985 296 6030.00 2.50 9.80 0.81 1.80 0.00
3987 1985 297 2690.00 -1.50 4.50 0.69 1.30 0.00
3987 1985 298 1870.00 0.50 5.30 0.75 4.30 0.00
3987 1985 299 3170.00 1.60 5.30 0.71 2.20 0.20
3987 1985 300 1110.00 0.60 2.50 0.67 1.10 0.00
3987 1985 301 1940.00 -0.90 6.30 0.72 3.60 0.00
3987 1985 302 2100.00 4.70 8.60 0.89 1.60 0.00
3987 1985 303 1980.00 2.70 6.00 0.72 1.50 0.00
3987 1985 304 640.00 0.70 3.40 0.62 1.70 0.00
3987 1985 305 3550.00 1.30 7.20 0.68 3.00 0.00
3987 1985 306 1850.00 3.50 7.80 0.73 7.20 0.50
3987 1985 307 3590.00 2.00 8.00 0.67 7.00 0.00
3987 1985 308 6920.00 -2.50 8.60 0.57 4.90 0.00
3987 1985 309 1950.00 1.60 12.00 0.91 7.10 7.80
3987 1985 310 4470.00 4.40 11.20 0.69 9.30 0.00
3987 1985 311 1090.00 3.60 8.00 0.75 8.50 2.10
3987 1985 312 5670.00 2.00 10.00 0.81 4.40 0.00
3987 1985 313 2070.00 5.10 16.60 1.10 6.60 5.00
3987 1985 314 2960.00 5.80 12.80 0.91 8.50 1.40
3987 1985 315 2750.00 1.40 6.40 0.58 9.80 0.00
3987 1985 316 2150.00 0.80 4.40 0.54 5.60 0.00
3987 1985 317 2720.00 -0.20 4.60 0.56 1.80 0.00
3987 1985 318 3210.00 2.10 6.60 0.67 1.80 0.00
3987 1985 319 2330.00 -1.30 2.30 0.58 1.30 0.00
3987 1985 320 1280.00 -3.20 -0.10 0.52 1.60 0.00
3987 1985 321 920.00 -2.40 -0.20 0.48 2.80 0.30
3987 1985 322 2910.00 -3.50 -0.90 0.40 6.30 0.00
3987 1985 323 1180.00 -5.00 -2.20 0.32 8.90 1.00
3987 1985 324 890.00 -5.50 -2.60 0.39 6.40 0.50
3987 1985 325 250.00 -3.90 -2.20 0.43 3.80 4.00
3987 1985 326 580.00 -3.40 -0.50 0.53 3.10 3.20
3987 1985 327 610.00 -2.90 0.50 0.54 2.90 0.00
3987 1985 328 800.00 -1.50 0.50 0.56 1.90 0.00
3987 1985 329 3140.00 -1.80 0.10 0.54 2.40 0.20
3987 1985 330 2770.00 -5.00 -0.30 0.46 3.10 0.10
3987 1985 331 2170.00 -7.20 -0.20 0.43 4.40 1.50
3987 1985 332 1860.00 -3.40 1.00 0.52 5.80 1.00
3987 1985 333 3730.00 -2.30 1.40 0.49 5.40 0.10
3987 1985 334 2400.00 -4.90 0.60 0.49 2.60 0.00
3987 1985 335 2260.00 -9.60 -1.00 0.42 4.50 1.70
3987 1985 336 410.00 -1.30 9.30 0.94 5.70 5.90
3987 1985 337 2100.00 6.50 13.20 1.04 5.70 0.00
3987 1985 338 1640.00 7.80 12.20 1.09 5.60 0.40
3987 1985 339 3960.00 9.00 14.60 0.95 5.40 1.20
3987 1985 340 2670.00 6.00 11.80 0.79 10.40 3.50
3987 1985 341 970.00 4.50 10.10 0.88 6.70 1.90
3987 1985 342 2450.00 3.60 8.40 0.87 3.20 1.00
3987 1985 343 1788.75 3.10 6.90 0.87 3.80 1.00
3987 1985 344 1590.00 2.50 6.70 0.78 5.80 2.50
3987 1985 345 370.00 2.40 4.60 0.75 3.50 2.00
3987 1985 346 510.00 2.80 4.20 0.75 1.80 0.10
3987 1985 347 1490.00 -1.30 2.80 0.57 5.00 3.10
3987 1985 348 430.00 0.70 6.80 0.83 5.60 1.60
3987 1985 349 350.00 6.80 10.20 1.08 7.80 4.10
3987 1985 350 1080.00 7.40 9.40 0.98 8.30 3.70
3987 1985 351 1060.00 2.20 9.40 0.76 7.30 0.60
3987 1985 352 370.00 -0.60 5.20 0.65 4.50 8.30
3987 1985 353 1150.00 2.80 8.20 0.78 8.60 4.60
3987 1985 354 1110.00 2.50 7.10 0.75 7.00 5.00
3987 1985 355 880.00 3.50 7.60 0.81 6.00 0.50
3987 1985 356 2530.00 1.00 6.50 0.52 6.00 0.00
3987 1985 357 3070.00 0.30 8.80 0.54 5.00 0.00
3987 1985 358 3050.00 -1.00 4.40 0.59 4.90 0.00
3987 1985 359 1010.00 0.00 6.00 0.69 5.90 0.60
3987 1985 360 1810.00 3.60 9.20 0.84 6.00 3.60
3987 1985 361 1070.00 -1.20 7.20 0.53 3.70 2.40
3987 1985 362 1220.00 -3.40 -0.70 0.47 2.70 2.20
3987 1985 363 680.00 -3.50 -1.40 0.45 3.70 5.80
3987 1985 364 2780.00 -6.50 -1.70 0.41 3.80 0.00
3987 1985 365 3910.00 -10.40 -4.40 0.30 3.30 0.00
