*---------------------------------------------------------------------------*
* Station name: Potsdam Saekularstation
* Year: 1960
* Author: Pedro Alencar                                   -999.000: NIL VALUE
* Source: DWD
* Comments: Gaps filled with interpolation and storical means
* Longitude: 13.0622, latitude: 52.3812, altitude: 82.0 m.
*
    * Column  Daily value
    * 1       station number
    * 2       year
    * 3       day
    * 4       irradiation                   (kJ m-2 d-1)
    * 5       minimum temperature           (degrees Celsius
    * 6       maximum temperature           (degrees Celsius)
    * 7       early morning vapour pressure (kPa)
    * 8       mean wind speed (height: 2 m) (m s-1)
    * 9       precipitation                 (mm d-1)
    *
** WCCDESCRIPTION=Potsdam, Germany
** WCCFORMAT=2
** WCCYEARNR=1960
*---------------------------------------------------------------------------*
   13.0622 52.3812 82.0 -0.18 -0.55
3987 1960 1 1210.00 3.30 8.30 0.79 5.10 1.20
3987 1960 2 1230.00 6.60 8.80 1.03 4.00 3.00
3987 1960 3 2320.00 1.60 7.30 0.85 2.90 0.30
3987 1960 4 240.00 3.00 5.60 0.79 1.60 0.30
3987 1960 5 900.00 3.10 7.40 0.85 5.60 10.20
3987 1960 6 2150.00 1.70 6.80 0.68 7.80 4.00
3987 1960 7 2590.00 0.20 5.90 0.72 4.70 3.80
3987 1960 8 490.00 -1.30 2.30 0.60 3.30 1.90
3987 1960 9 2490.00 -6.80 -1.00 0.39 4.40 0.40
3987 1960 10 3990.00 -7.80 -2.60 0.33 4.70 2.70
3987 1960 11 2250.00 -8.30 -2.70 0.39 4.70 0.60
3987 1960 12 870.00 -11.10 -3.80 0.35 3.20 1.70
3987 1960 13 830.00 -10.60 -4.60 0.32 4.00 8.70
3987 1960 14 1900.00 -12.10 -3.10 0.29 4.50 0.00
3987 1960 15 2610.00 -14.80 -8.10 0.24 1.80 0.10
3987 1960 16 1990.00 -8.30 -2.70 0.43 3.30 1.90
3987 1960 17 2150.00 -5.40 -1.60 0.41 2.40 0.20
3987 1960 18 950.00 -6.40 -1.20 0.44 6.00 0.00
3987 1960 19 2160.00 -2.40 4.00 0.61 6.90 2.20
3987 1960 20 2450.00 -0.30 2.60 0.57 9.20 2.30
3987 1960 21 650.00 -1.20 1.50 0.55 5.00 0.00
3987 1960 22 1990.00 -2.60 2.40 0.57 4.40 0.00
3987 1960 23 3480.00 0.60 6.60 0.67 5.10 0.10
3987 1960 24 4280.00 1.50 6.90 0.64 5.50 0.00
3987 1960 25 4150.00 1.10 9.60 0.67 4.40 0.80
3987 1960 26 4030.00 0.50 9.40 0.72 4.50 0.00
3987 1960 27 1170.00 1.20 3.80 0.67 2.10 0.30
3987 1960 28 600.00 1.40 5.90 0.75 5.20 2.30
3987 1960 29 1950.00 2.70 8.10 0.69 7.00 1.30
3987 1960 30 640.00 -1.90 3.60 0.53 6.40 0.80
3987 1960 31 3870.00 -8.00 -1.90 0.29 2.90 0.00
3987 1960 32 6910.00 -10.70 -2.60 0.27 4.00 0.00
3987 1960 33 6330.00 -11.50 -3.20 0.24 4.70 0.00
3987 1960 34 4950.00 -11.20 -2.50 0.28 5.70 0.00
3987 1960 35 3230.00 -6.90 -1.30 0.28 6.10 2.80
3987 1960 36 2330.00 -6.60 -2.90 0.35 4.20 2.30
3987 1960 37 6110.00 -11.60 -2.80 0.23 5.10 0.00
3987 1960 38 7160.00 -14.40 -3.80 0.21 3.20 0.00
3987 1960 39 6870.00 -14.30 -1.10 0.21 2.50 0.00
3987 1960 40 7360.00 -9.90 4.00 0.21 2.70 0.00
3987 1960 41 1600.00 -6.50 2.50 0.56 5.20 0.30
3987 1960 42 3040.00 -1.20 3.10 0.57 3.30 0.10
3987 1960 43 2560.00 -0.70 2.80 0.55 3.70 0.90
3987 1960 44 950.00 -0.70 1.00 0.56 4.00 0.00
3987 1960 45 2240.00 -1.90 3.50 0.61 3.10 2.80
3987 1960 46 2070.00 -1.30 3.70 0.55 6.30 0.70
3987 1960 47 4480.00 -3.00 3.40 0.47 6.60 0.20
3987 1960 48 4250.00 -2.10 3.20 0.45 6.00 0.00
3987 1960 49 7600.00 -5.40 3.80 0.41 3.40 0.00
3987 1960 50 6520.00 -5.60 5.00 0.47 4.90 0.00
3987 1960 51 7260.00 -1.50 6.50 0.57 5.40 0.00
3987 1960 52 4650.00 1.50 8.80 0.67 6.30 0.80
3987 1960 53 5490.00 -3.00 5.60 0.63 4.00 0.20
3987 1960 54 7410.00 0.50 9.90 0.72 3.30 3.80
3987 1960 55 1620.00 0.40 3.80 0.57 4.10 2.00
3987 1960 56 3450.00 -0.90 2.00 0.51 3.20 0.00
3987 1960 57 3860.00 -3.80 -0.60 0.44 5.70 0.00
3987 1960 58 1980.00 -5.00 8.50 0.76 5.40 1.30
3987 1960 59 5030.00 3.70 10.60 0.91 4.90 0.20
3987 1960 60 2650.00 7.10 10.50 1.03 4.40 0.00
3987 1960 61 1170.00 3.70 7.20 0.83 4.40 1.90
3987 1960 62 7900.00 2.40 12.40 0.85 4.60 2.90
3987 1960 63 3650.00 5.80 10.50 0.92 4.50 2.20
3987 1960 64 2370.00 4.40 7.30 0.88 3.00 0.60
3987 1960 65 1240.00 1.50 6.30 0.71 2.90 0.00
3987 1960 66 11990.00 -2.90 3.80 0.41 6.50 0.00
3987 1960 67 11280.00 -3.40 1.30 0.32 7.60 0.00
3987 1960 68 7390.00 -7.70 -1.00 0.33 8.00 0.10
3987 1960 69 11970.00 -5.90 5.40 0.40 8.50 0.00
3987 1960 70 8060.00 -1.60 8.40 0.48 7.10 0.00
3987 1960 71 10020.00 0.90 11.50 0.55 6.00 0.00
3987 1960 72 5140.00 3.00 10.00 0.71 3.60 1.10
3987 1960 73 2150.00 2.50 5.80 0.76 2.30 2.90
3987 1960 74 4860.00 2.50 8.40 0.75 1.90 0.00
3987 1960 75 7170.00 0.30 8.20 0.75 3.60 0.00
3987 1960 76 1420.00 0.00 3.10 0.64 5.10 0.00
3987 1960 77 1240.00 0.10 2.60 0.64 5.40 1.30
3987 1960 78 1330.00 -0.80 0.80 0.53 4.40 0.00
3987 1960 79 940.00 -0.70 0.90 0.57 3.40 0.90
3987 1960 80 1410.00 0.00 3.20 0.65 3.30 0.10
3987 1960 81 6850.00 -0.80 5.20 0.52 4.00 0.00
3987 1960 82 14600.00 -3.30 10.70 0.59 3.40 0.00
3987 1960 83 16340.00 -0.60 13.30 0.56 4.50 0.00
3987 1960 84 16680.00 -1.70 9.90 0.53 6.80 0.00
3987 1960 85 14490.00 -0.10 13.90 0.61 6.80 0.00
3987 1960 86 9940.00 2.80 15.10 0.75 5.10 0.00
3987 1960 87 12500.00 5.40 16.50 0.91 3.20 0.00
3987 1960 88 3230.00 3.20 7.90 0.80 3.30 1.20
3987 1960 89 3000.00 2.80 6.80 0.75 3.50 0.00
3987 1960 90 13240.00 1.80 12.60 0.52 4.90 0.00
3987 1960 91 18090.00 -1.10 10.50 0.44 5.10 0.00
3987 1960 92 19460.00 -2.60 11.00 0.44 4.90 0.00
3987 1960 93 17420.00 -3.50 13.20 0.53 3.80 0.00
3987 1960 94 18900.00 -1.50 16.10 0.55 5.40 0.00
3987 1960 95 16700.00 1.10 12.90 0.59 5.80 0.00
3987 1960 96 18170.00 -3.80 11.00 0.48 3.30 0.00
3987 1960 97 19330.00 -2.90 10.30 0.52 4.60 0.00
3987 1960 98 15580.00 -2.30 10.90 0.57 4.60 0.00
3987 1960 99 2870.00 0.60 10.00 0.84 5.40 12.20
3987 1960 100 3030.00 4.30 8.70 0.84 3.10 0.30
3987 1960 101 6240.00 3.80 12.70 1.01 2.20 5.60
3987 1960 102 7480.00 4.80 11.30 0.84 5.80 0.00
3987 1960 103 10070.00 5.00 13.80 0.80 4.70 0.20
3987 1960 104 12020.00 4.80 17.00 0.80 6.50 0.00
3987 1960 105 4440.00 6.20 13.10 0.91 5.00 0.10
3987 1960 106 13710.00 2.60 12.40 0.76 5.50 0.70
3987 1960 107 13100.00 2.00 11.20 0.73 2.30 0.40
3987 1960 108 15090.00 0.70 14.00 0.69 3.70 0.00
3987 1960 109 15460.00 5.00 17.60 0.89 4.60 0.00
3987 1960 110 18870.00 7.40 23.10 0.76 6.00 0.00
3987 1960 111 18140.00 7.60 22.30 0.79 4.50 0.00
3987 1960 112 15920.00 8.30 19.60 0.75 4.40 0.00
3987 1960 113 1950.00 4.70 9.90 0.83 7.80 0.10
3987 1960 114 10140.00 4.40 9.40 0.56 7.90 0.00
3987 1960 115 10700.00 2.30 9.40 0.64 7.40 1.60
3987 1960 116 17600.00 -0.20 11.90 0.64 6.90 1.10
3987 1960 117 9560.00 1.10 8.00 0.68 3.80 0.60
3987 1960 118 12280.00 0.50 9.80 0.68 2.70 1.40
3987 1960 119 9820.00 1.70 8.00 0.67 2.60 1.20
3987 1960 120 17270.00 -0.60 12.50 0.68 3.40 0.00
3987 1960 121 8650.00 3.60 9.70 0.77 3.10 0.00
3987 1960 122 11080.00 0.30 9.60 0.69 4.60 0.00
3987 1960 123 17170.00 0.50 11.40 0.60 5.40 0.90
3987 1960 124 13270.00 1.10 12.30 0.65 4.20 0.00
3987 1960 125 16360.00 3.40 18.10 0.67 3.50 0.00
3987 1960 126 22870.00 5.30 21.40 0.67 2.90 0.00
3987 1960 127 22310.00 8.60 22.60 0.68 3.10 0.00
3987 1960 128 15040.00 8.40 22.40 0.96 2.90 0.00
3987 1960 129 18180.00 7.60 22.30 0.92 3.30 0.00
3987 1960 130 16910.00 7.50 19.80 1.13 4.30 1.60
3987 1960 131 15650.00 10.20 20.80 1.25 4.00 3.40
3987 1960 132 18560.00 9.70 21.60 1.15 4.70 0.00
3987 1960 133 20390.00 9.60 21.90 1.23 4.20 0.10
3987 1960 134 22310.00 11.60 25.00 1.19 4.80 0.00
3987 1960 135 19640.00 10.60 23.30 0.89 5.20 0.00
3987 1960 136 24380.00 9.90 24.70 0.80 5.10 0.00
3987 1960 137 15020.00 12.50 24.20 1.40 3.60 0.00
3987 1960 138 12190.00 12.80 24.20 1.65 2.20 13.60
3987 1960 139 18000.00 13.40 23.30 1.59 2.40 0.00
3987 1960 140 7360.00 9.80 17.50 1.27 2.50 3.60
3987 1960 141 15640.00 11.10 19.90 1.27 1.80 0.20
3987 1960 142 19220.00 9.50 21.40 1.28 2.70 0.00
3987 1960 143 13780.00 11.00 17.50 1.27 4.00 0.10
3987 1960 144 22730.00 8.60 17.60 0.89 3.00 0.00
3987 1960 145 16170.00 7.00 23.50 1.17 5.50 1.70
3987 1960 146 17730.00 5.80 14.30 0.77 6.40 0.00
3987 1960 147 17680.00 4.40 15.90 0.95 5.40 1.90
3987 1960 148 17760.00 4.10 17.80 0.95 1.70 0.00
3987 1960 149 12580.00 8.40 19.30 1.09 2.20 0.10
3987 1960 150 16390.00 11.40 22.10 1.13 2.40 0.00
3987 1960 151 15180.00 11.00 19.50 1.21 3.60 3.90
3987 1960 152 15390.00 10.60 19.30 1.27 2.10 0.00
3987 1960 153 20220.00 9.20 21.20 1.29 2.40 0.00
3987 1960 154 26980.00 9.70 23.70 1.16 3.20 0.00
3987 1960 155 25960.00 9.00 25.40 1.16 3.20 0.00
3987 1960 156 21260.00 9.80 24.80 1.35 3.00 2.50
3987 1960 157 22890.00 11.60 26.10 1.41 2.00 10.70
3987 1960 158 22940.00 14.50 27.90 1.60 2.80 0.00
3987 1960 159 19140.00 16.30 27.10 1.75 4.50 0.00
3987 1960 160 27090.00 10.80 24.50 1.17 2.70 0.00
3987 1960 161 20190.00 15.50 27.60 1.37 4.80 0.00
3987 1960 162 15650.00 13.50 23.40 1.33 3.30 2.40
3987 1960 163 19190.00 10.50 19.70 1.16 6.10 0.90
3987 1960 164 15430.00 12.00 21.80 1.44 5.40 0.00
3987 1960 165 14310.00 15.00 26.60 1.76 3.80 25.20
3987 1960 166 11720.00 13.60 18.70 1.44 2.70 2.10
3987 1960 167 19530.00 10.60 20.20 1.20 3.00 0.80
3987 1960 168 24640.00 8.40 22.00 1.13 3.50 0.20
3987 1960 169 13760.00 13.40 23.40 1.44 5.20 0.50
3987 1960 170 19100.00 10.60 24.60 1.53 3.80 12.00
3987 1960 171 15640.00 13.50 19.30 1.33 5.90 2.80
3987 1960 172 13390.00 9.50 17.20 1.20 7.00 1.50
3987 1960 173 25480.00 8.90 20.00 1.12 3.80 0.00
3987 1960 174 25540.00 10.00 21.90 1.37 2.80 0.00
3987 1960 175 26410.00 12.10 26.50 1.43 3.70 0.00
3987 1960 176 26090.00 14.20 26.40 1.35 3.90 0.00
3987 1960 177 25380.00 13.80 27.60 1.27 4.60 0.00
3987 1960 178 26600.00 13.80 29.30 1.39 3.10 0.00
3987 1960 179 20470.00 13.90 26.80 1.61 5.00 0.10
3987 1960 180 18680.00 11.30 18.90 1.00 6.30 0.00
3987 1960 181 4950.00 7.30 14.70 1.05 8.30 0.10
3987 1960 182 7950.00 10.40 14.20 0.99 7.90 0.00
3987 1960 183 8970.00 7.80 15.00 0.95 6.60 0.30
3987 1960 184 13350.00 8.30 16.00 1.04 6.20 0.40
3987 1960 185 4230.00 8.70 13.40 1.16 7.20 15.70
3987 1960 186 10010.00 7.60 16.80 1.11 8.30 3.30
3987 1960 187 16320.00 6.80 19.90 1.37 4.00 3.60
3987 1960 188 15640.00 13.80 21.70 1.48 5.20 1.60
3987 1960 189 19450.00 13.40 22.50 1.28 4.80 0.00
3987 1960 190 11350.00 11.70 23.90 1.56 3.70 20.90
3987 1960 191 14860.00 11.10 19.60 1.35 5.40 0.20
3987 1960 192 16430.00 9.00 21.90 1.35 3.30 1.10
3987 1960 193 17740.00 14.30 24.80 1.68 4.70 0.80
3987 1960 194 14470.00 13.90 21.50 1.37 4.80 3.60
3987 1960 195 20270.00 10.70 22.00 1.36 2.90 0.00
3987 1960 196 22140.00 12.20 26.50 1.36 4.00 0.00
3987 1960 197 13010.00 15.30 23.90 1.68 2.60 11.40
3987 1960 198 10860.00 14.70 20.90 1.53 3.80 2.90
3987 1960 199 20920.00 12.70 24.70 1.51 4.00 0.50
3987 1960 200 17920.00 15.30 25.10 1.45 4.90 0.00
3987 1960 201 18750.00 11.80 25.00 1.39 4.10 0.00
3987 1960 202 23260.00 13.20 24.50 1.40 3.20 0.00
3987 1960 203 6470.00 14.10 17.70 1.56 2.90 5.00
3987 1960 204 16360.00 10.40 20.00 1.33 2.80 0.10
3987 1960 205 11430.00 10.00 17.10 1.27 2.30 1.80
3987 1960 206 18170.00 8.20 19.90 1.32 5.00 0.20
3987 1960 207 24730.00 8.70 23.80 1.28 3.80 0.00
3987 1960 208 9890.00 13.60 21.20 1.57 3.00 1.50
3987 1960 209 19750.00 10.10 21.90 1.25 3.60 0.00
3987 1960 210 21310.00 9.10 22.70 1.16 3.90 0.20
3987 1960 211 7300.00 13.80 21.30 1.79 3.80 0.00
3987 1960 212 23710.00 14.00 29.60 1.69 4.30 0.00
3987 1960 213 19090.00 15.20 30.30 1.95 2.80 0.00
3987 1960 214 19140.00 15.70 30.50 1.61 5.20 9.30
3987 1960 215 10850.00 13.70 20.20 1.45 5.00 2.00
3987 1960 216 13150.00 12.00 18.80 1.36 3.70 9.50
3987 1960 217 4250.00 11.30 14.40 1.40 4.90 15.90
3987 1960 218 16260.00 11.70 23.30 1.53 2.10 2.10
3987 1960 219 17820.00 12.40 20.60 1.49 3.90 0.90
3987 1960 220 15570.00 13.00 20.60 1.36 4.40 0.00
3987 1960 221 23780.00 10.30 23.20 1.29 2.30 0.00
3987 1960 222 21130.00 10.90 23.70 1.41 2.40 0.00
3987 1960 223 13470.00 12.30 19.60 1.28 4.20 0.00
3987 1960 224 12060.00 12.50 21.60 1.57 4.20 1.00
3987 1960 225 8450.00 14.60 22.20 1.73 3.70 0.10
3987 1960 226 10350.00 12.90 18.60 1.21 5.80 0.00
3987 1960 227 19270.00 7.80 20.00 1.00 2.40 0.00
3987 1960 228 11490.00 11.80 20.80 1.25 2.80 5.00
3987 1960 229 14020.00 11.40 20.60 1.25 5.40 0.20
3987 1960 230 21020.00 10.10 21.10 1.12 2.90 0.70
3987 1960 231 5420.00 12.50 20.90 1.77 4.00 5.30
3987 1960 232 13940.00 11.40 19.90 1.25 7.50 1.10
3987 1960 233 11550.00 10.60 17.50 1.21 5.40 0.00
3987 1960 234 15600.00 10.30 21.20 1.36 4.00 1.00
3987 1960 235 11530.00 11.20 23.60 1.67 3.20 0.10
3987 1960 236 14900.00 16.30 25.00 1.76 4.40 4.00
3987 1960 237 15430.00 14.70 24.30 1.65 2.70 0.20
3987 1960 238 12370.00 14.80 28.50 1.97 3.20 0.00
3987 1960 239 14090.00 17.50 30.20 2.08 2.70 0.00
3987 1960 240 15810.00 17.80 33.30 2.13 3.30 0.10
3987 1960 241 9730.00 15.80 26.10 1.89 2.50 21.40
3987 1960 242 13100.00 13.90 22.70 1.55 4.40 1.20
3987 1960 243 11470.00 12.80 19.30 1.40 5.60 0.10
3987 1960 244 10270.00 12.20 19.00 1.24 6.90 0.20
3987 1960 245 6750.00 11.60 17.10 1.40 4.50 2.30
3987 1960 246 14690.00 9.50 18.20 1.15 4.70 3.10
3987 1960 247 9730.00 8.80 21.40 1.47 5.60 0.00
3987 1960 248 10110.00 13.80 21.10 1.40 4.20 0.50
3987 1960 249 9540.00 10.30 18.30 1.23 3.90 2.20
3987 1960 250 10560.00 8.60 15.20 1.21 3.70 4.70
3987 1960 251 14840.00 8.60 17.30 1.00 5.20 0.00
3987 1960 252 13460.00 4.80 17.70 0.96 2.90 0.20
3987 1960 253 16480.00 5.90 19.30 0.95 3.00 0.00
3987 1960 254 7770.00 9.10 20.40 1.41 3.70 0.00
3987 1960 255 16290.00 11.60 22.60 1.32 2.60 0.00
3987 1960 256 17560.00 8.90 22.80 1.13 3.90 0.00
3987 1960 257 15570.00 9.00 23.50 1.16 4.30 0.00
3987 1960 258 16190.00 7.60 23.90 1.12 4.90 0.00
3987 1960 259 14270.00 8.10 23.10 1.25 4.80 0.00
3987 1960 260 15070.00 9.60 23.40 1.28 6.40 0.00
3987 1960 261 13660.00 13.10 25.00 1.49 5.00 0.00
3987 1960 262 4200.00 12.50 18.00 1.55 2.00 0.00
3987 1960 263 8050.00 12.40 22.60 1.72 2.20 0.00
3987 1960 264 7280.00 14.70 19.50 1.41 4.20 0.00
3987 1960 265 11900.00 9.50 19.10 1.01 3.70 0.00
3987 1960 266 10880.00 6.40 18.70 1.09 2.80 0.00
3987 1960 267 8251.07 10.50 17.30 1.39 1.70 0.00
3987 1960 268 10650.00 8.70 19.10 1.03 2.80 0.00
3987 1960 269 11900.00 6.40 19.60 1.08 2.90 0.70
3987 1960 270 13100.00 6.30 16.70 0.91 4.30 0.00
3987 1960 271 9190.00 4.40 13.30 0.88 3.50 5.60
3987 1960 272 3310.00 5.70 11.90 0.96 4.70 1.10
3987 1960 273 6820.00 4.80 12.20 0.87 2.70 0.00
3987 1960 274 5940.00 5.00 13.10 0.89 2.40 0.00
3987 1960 275 1200.00 6.00 9.20 1.03 4.50 4.90
3987 1960 276 9150.00 8.20 15.70 1.03 4.30 0.00
3987 1960 277 6920.00 5.80 14.80 1.08 4.80 0.00
3987 1960 278 11230.00 7.40 19.60 1.16 4.70 0.00
3987 1960 279 10470.00 10.40 21.50 1.37 3.50 0.00
3987 1960 280 10110.00 7.10 20.30 1.25 4.30 0.00
3987 1960 281 980.00 8.90 13.40 1.40 1.70 4.40
3987 1960 282 680.00 11.30 12.70 1.39 3.30 7.40
3987 1960 283 6610.00 6.80 15.80 1.17 3.70 3.30
3987 1960 284 6060.00 7.90 14.10 1.09 4.40 1.40
3987 1960 285 3990.00 9.00 13.60 1.20 5.10 1.30
3987 1960 286 3390.00 5.70 10.40 0.81 5.40 0.00
3987 1960 287 3080.00 3.90 9.90 0.87 2.80 0.20
3987 1960 288 4740.00 3.70 9.40 0.91 3.10 13.30
3987 1960 289 6490.00 3.40 10.50 0.84 3.50 2.80
3987 1960 290 1280.00 5.70 8.10 0.96 6.00 8.40
3987 1960 291 780.00 5.40 8.20 0.96 4.90 37.30
3987 1960 292 3150.00 3.80 7.70 0.73 5.90 1.50
3987 1960 293 4650.00 2.80 8.40 0.80 2.50 0.00
3987 1960 294 4400.00 3.50 10.60 0.88 4.40 0.00
3987 1960 295 1120.00 5.40 7.40 0.89 4.80 11.90
3987 1960 296 1870.00 4.50 6.40 0.88 3.60 0.90
3987 1960 297 2960.00 5.90 10.90 1.04 5.60 4.90
3987 1960 298 6270.00 7.50 15.00 1.21 2.90 0.20
3987 1960 299 5070.00 7.80 15.00 1.21 2.90 0.10
3987 1960 300 440.00 6.50 10.50 1.01 5.10 18.50
3987 1960 301 810.00 6.00 9.70 1.00 5.50 13.80
3987 1960 302 7470.00 5.00 14.60 1.01 3.20 0.10
3987 1960 303 4400.00 6.10 11.50 1.01 5.60 0.10
3987 1960 304 2090.00 8.50 13.10 1.12 3.30 1.60
3987 1960 305 1290.00 6.80 9.70 1.07 2.10 4.20
3987 1960 306 3350.00 5.50 11.50 1.09 4.60 11.80
3987 1960 307 6820.00 7.70 15.50 0.97 7.00 0.80
3987 1960 308 5710.00 5.50 13.30 0.83 6.50 0.00
3987 1960 309 2110.00 9.40 14.40 0.89 6.50 0.00
3987 1960 310 2730.00 5.20 10.70 0.85 4.90 0.70
3987 1960 311 4250.00 3.90 12.20 0.84 4.80 0.50
3987 1960 312 4070.00 1.20 8.00 0.73 3.40 0.20
3987 1960 313 1030.00 0.50 3.70 0.72 1.30 2.80
3987 1960 314 2830.00 -0.90 3.80 0.59 3.10 0.00
3987 1960 315 5820.00 -2.80 5.30 0.59 4.40 0.00
3987 1960 316 2240.00 0.60 8.10 0.81 4.90 4.00
3987 1960 317 2120.00 0.80 6.10 0.72 4.50 3.00
3987 1960 318 980.00 1.60 7.30 0.84 3.60 13.40
3987 1960 319 5810.00 4.60 11.20 0.84 4.40 0.00
3987 1960 320 2710.00 5.40 10.30 0.93 4.00 5.20
3987 1960 321 2966.95 4.00 8.70 0.85 5.40 3.70
3987 1960 322 4780.00 -0.10 8.20 0.67 4.10 1.50
3987 1960 323 2460.00 2.00 8.70 0.75 5.00 3.20
3987 1960 324 2290.00 3.60 7.90 0.83 4.50 1.90
3987 1960 325 1530.00 1.70 5.80 0.72 3.90 1.70
3987 1960 326 2550.00 -1.40 3.70 0.65 5.60 0.00
3987 1960 327 2080.00 1.80 4.60 0.68 5.60 0.00
3987 1960 328 1240.00 0.60 7.10 0.81 3.30 5.40
3987 1960 329 3870.00 4.50 10.50 0.87 5.10 0.00
3987 1960 330 2500.00 4.20 11.10 0.88 6.20 7.80
3987 1960 331 1920.00 7.30 13.30 1.13 7.00 1.60
3987 1960 332 2210.00 8.00 12.10 1.00 5.20 6.60
3987 1960 333 4540.00 2.10 8.30 0.71 5.00 0.00
3987 1960 334 2450.00 1.20 6.60 0.69 6.60 1.40
3987 1960 335 690.00 1.70 8.70 0.89 5.40 2.40
3987 1960 336 3130.00 2.00 7.50 0.67 5.50 0.00
3987 1960 337 3270.00 2.00 9.90 0.71 5.80 0.00
3987 1960 338 2450.00 4.60 8.90 0.80 8.00 8.00
3987 1960 339 790.00 5.70 11.80 0.96 11.70 7.30
3987 1960 340 3200.00 4.00 8.90 0.69 7.00 0.00
3987 1960 341 1580.00 3.10 6.10 0.80 3.20 0.00
3987 1960 342 1070.00 2.60 5.80 0.81 2.50 9.70
3987 1960 343 2137.34 1.10 5.50 0.69 3.30 0.00
3987 1960 344 560.00 -0.10 2.20 0.61 4.20 10.80
3987 1960 345 240.00 0.10 1.20 0.63 3.20 10.00
3987 1960 346 440.00 -1.70 0.70 0.55 5.20 0.10
3987 1960 347 2450.00 -4.50 1.00 0.44 3.60 0.00
3987 1960 348 2580.00 -5.30 0.20 0.44 2.00 0.00
3987 1960 349 360.00 -1.50 0.90 0.56 4.60 1.40
3987 1960 350 520.00 0.50 2.90 0.68 2.60 0.00
3987 1960 351 650.00 1.20 2.60 0.69 1.30 0.00
3987 1960 352 280.00 0.60 2.20 0.65 2.00 0.00
3987 1960 353 480.00 0.00 3.90 0.69 4.40 0.30
3987 1960 354 280.00 -1.80 4.10 0.60 4.10 5.20
3987 1960 355 490.00 -1.70 3.20 0.71 3.00 0.10
3987 1960 356 2500.00 2.00 5.80 0.77 2.40 5.20
3987 1960 357 240.00 0.00 4.10 0.64 4.80 6.50
3987 1960 358 1530.00 -0.50 3.30 0.64 4.00 0.10
3987 1960 359 2210.00 -0.90 2.10 0.57 3.00 0.00
3987 1960 360 3120.00 -1.80 0.40 0.45 4.80 0.90
3987 1960 361 2410.00 -1.80 4.20 0.56 5.70 1.50
3987 1960 362 2360.00 0.50 4.40 0.67 4.30 0.00
3987 1960 363 1950.00 -1.40 1.90 0.61 2.40 0.00
3987 1960 364 570.00 -0.30 0.90 0.63 1.10 0.10
3987 1960 365 1490.00 -0.60 1.00 0.52 2.10 0.00
3987 1960 366 780.00 -2.40 0.70 0.55 3.50 1.10
