*---------------------------------------------------------------------------*
* Station name: Potsdam Saekularstation
* Year: 1966
* Author: Pedro Alencar                                   -999.000: NIL VALUE
* Source: DWD
* Comments: Gaps filled with interpolation and storical means
* Longitude: 13.0622, latitude: 52.3812, altitude: 82.0 m.
*
    * Column  Daily value
    * 1       station number
    * 2       year
    * 3       day
    * 4       irradiation                   (kJ m-2 d-1)
    * 5       minimum temperature           (degrees Celsius
    * 6       maximum temperature           (degrees Celsius)
    * 7       early morning vapour pressure (kPa)
    * 8       mean wind speed (height: 2 m) (m s-1)
    * 9       precipitation                 (mm d-1)
    *
** WCCDESCRIPTION=Potsdam, Germany
** WCCFORMAT=2
** WCCYEARNR=1966
*---------------------------------------------------------------------------*
   13.0622 52.3812 82.0 -0.18 -0.55
3987 1966 1 400.00 -0.20 9.00 0.72 6.60 10.70
3987 1966 2 2030.00 3.80 8.30 0.77 7.70 5.40
3987 1966 3 1150.00 0.90 5.40 0.67 7.60 3.70
3987 1966 4 1570.00 -6.10 1.50 0.39 5.70 1.60
3987 1966 5 3200.00 -8.20 -1.40 0.35 1.60 0.30
3987 1966 6 2230.00 -10.20 -5.50 0.33 2.10 0.00
3987 1966 7 1460.00 -7.10 -1.60 0.36 2.10 0.00
3987 1966 8 1280.00 -8.30 -2.90 0.43 2.90 0.50
3987 1966 9 690.00 -7.10 -2.40 0.37 3.40 1.50
3987 1966 10 1990.00 -7.40 -3.20 0.35 2.70 0.30
3987 1966 11 1240.00 -6.20 -3.90 0.35 2.20 0.50
3987 1966 12 1580.00 -7.80 -5.50 0.31 2.80 2.00
3987 1966 13 1580.00 -7.60 -2.30 0.41 2.70 3.60
3987 1966 14 1030.00 -6.40 -3.90 0.37 5.60 6.20
3987 1966 15 2080.00 -6.70 -4.60 0.36 3.20 0.40
3987 1966 16 2580.00 -10.70 -5.50 0.28 1.70 0.00
3987 1966 17 1490.00 -13.00 -7.80 0.25 1.40 0.10
3987 1966 18 2240.00 -15.10 -6.50 0.28 3.00 0.00
3987 1966 19 600.00 -7.10 -2.90 0.41 1.70 0.20
3987 1966 20 4160.00 -10.90 -5.50 0.25 5.00 0.00
3987 1966 21 1910.00 -10.90 -5.10 0.32 5.90 0.00
3987 1966 22 1450.00 -9.30 -3.00 0.37 5.10 0.00
3987 1966 23 1500.00 -4.60 -2.20 0.44 3.90 3.80
3987 1966 24 1030.00 -2.90 -0.90 0.48 1.70 0.10
3987 1966 25 2420.00 -3.20 0.10 0.51 3.50 0.00
3987 1966 26 5520.00 -8.80 -1.00 0.32 7.30 0.00
3987 1966 27 1530.00 -7.90 -1.20 0.39 5.30 1.30
3987 1966 28 560.00 -2.60 3.00 0.65 3.80 1.10
3987 1966 29 4230.00 0.90 5.70 0.67 4.90 0.00
3987 1966 30 2070.00 2.10 7.70 0.69 5.50 0.00
3987 1966 31 1250.00 4.80 8.00 0.93 4.70 4.00
3987 1966 32 3730.00 -0.40 7.50 0.71 3.70 0.00
3987 1966 33 1960.00 -2.20 0.00 0.55 3.60 0.10
3987 1966 34 400.00 -1.10 4.80 0.67 6.20 7.00
3987 1966 35 1120.00 0.00 4.20 0.67 3.30 6.00
3987 1966 36 2740.00 3.70 9.40 0.89 7.00 10.50
3987 1966 37 730.00 6.70 11.60 1.04 6.40 7.20
3987 1966 38 2230.00 -1.00 8.30 0.67 6.80 7.70
3987 1966 39 1190.00 -6.60 -0.60 0.32 7.00 17.30
3987 1966 40 2820.00 -9.60 -6.30 0.27 6.90 4.20
3987 1966 41 3670.00 -13.40 -7.00 0.24 6.30 3.70
3987 1966 42 2450.00 -7.80 -5.00 0.29 4.00 0.10
3987 1966 43 2280.00 -6.40 -4.10 0.33 5.50 1.40
3987 1966 44 930.00 -6.60 -3.50 0.39 4.30 0.00
3987 1966 45 800.00 -3.60 -2.00 0.47 3.00 0.10
3987 1966 46 5210.00 -2.70 1.70 0.43 3.60 0.30
3987 1966 47 4820.00 -7.60 -1.60 0.32 3.20 0.00
3987 1966 48 2950.00 -8.70 -3.30 0.31 3.40 0.00
3987 1966 49 8310.00 -11.40 0.80 0.31 1.90 0.00
3987 1966 50 3400.00 -7.50 2.20 0.49 5.30 0.20
3987 1966 51 7480.00 1.90 12.00 0.79 4.70 0.00
3987 1966 52 8120.00 4.60 16.70 0.84 4.90 0.00
3987 1966 53 2890.00 5.30 10.10 0.89 5.20 4.30
3987 1966 54 5860.00 3.30 10.20 0.67 5.10 0.00
3987 1966 55 5280.00 1.00 10.10 0.69 5.90 1.50
3987 1966 56 4050.00 4.60 11.10 0.95 5.10 0.30
3987 1966 57 5530.00 7.30 14.40 0.88 6.20 3.90
3987 1966 58 5960.00 6.20 12.10 0.87 6.30 1.00
3987 1966 59 2950.00 4.20 9.70 0.92 3.30 7.50
3987 1966 60 3020.00 3.90 8.50 0.79 6.50 3.80
3987 1966 61 4700.00 2.60 7.30 0.72 4.20 0.10
3987 1966 62 11730.00 -0.30 11.50 0.59 4.50 0.00
3987 1966 63 9830.00 0.20 11.60 0.63 3.20 0.00
3987 1966 64 2600.00 1.20 5.60 0.68 3.10 0.00
3987 1966 65 9440.00 2.00 9.70 0.65 3.50 0.00
3987 1966 66 4440.00 6.10 9.70 0.81 3.60 0.00
3987 1966 67 7900.00 5.60 12.30 0.80 3.30 0.00
3987 1966 68 3870.00 3.10 9.00 0.77 3.80 1.50
3987 1966 69 3990.00 2.50 8.40 0.75 5.60 4.40
3987 1966 70 6130.00 3.90 8.20 0.68 6.60 1.10
3987 1966 71 7400.00 1.00 6.60 0.64 4.20 1.20
3987 1966 72 2980.00 -2.30 2.40 0.49 5.20 1.40
3987 1966 73 6860.00 -3.20 0.80 0.39 4.40 6.00
3987 1966 74 11110.00 -1.20 6.80 0.55 7.10 0.80
3987 1966 75 8850.00 -3.30 4.20 0.60 3.90 0.30
3987 1966 76 2160.00 3.50 6.70 0.75 6.20 0.00
3987 1966 77 2170.00 4.50 6.30 0.79 3.00 3.20
3987 1966 78 15780.00 -1.30 5.50 0.39 4.60 0.00
3987 1966 79 15600.00 -4.10 8.70 0.40 4.50 0.00
3987 1966 80 7770.00 -0.80 9.50 0.61 7.50 0.10
3987 1966 81 12030.00 2.20 10.60 0.60 7.80 0.00
3987 1966 82 6190.00 2.10 8.60 0.57 5.60 1.70
3987 1966 83 9370.00 0.60 6.90 0.63 7.60 3.80
3987 1966 84 8620.00 -1.00 6.00 0.53 7.60 0.00
3987 1966 85 9810.00 -0.90 6.10 0.48 6.70 0.20
3987 1966 86 5660.00 0.50 10.00 0.71 7.70 5.80
3987 1966 87 3860.00 2.40 5.90 0.64 9.00 0.70
3987 1966 88 10310.00 0.30 7.20 0.57 6.40 1.20
3987 1966 89 7190.00 -0.30 5.00 0.59 5.60 4.60
3987 1966 90 5010.00 0.50 8.60 0.80 4.50 1.30
3987 1966 91 9770.00 3.30 13.20 0.76 3.60 0.00
3987 1966 92 16350.00 2.00 16.50 0.65 3.70 0.00
3987 1966 93 16820.00 2.50 15.90 0.72 3.40 0.00
3987 1966 94 12490.00 2.30 13.90 0.80 2.80 0.00
3987 1966 95 7440.00 6.20 12.60 0.87 2.50 0.00
3987 1966 96 15680.00 3.70 19.80 0.87 3.40 3.10
3987 1966 97 9980.00 7.50 15.00 0.99 2.40 0.10
3987 1966 98 12470.00 5.30 14.60 0.95 3.70 0.70
3987 1966 99 10610.00 9.60 18.00 1.09 2.90 0.00
3987 1966 100 7390.00 7.50 13.50 1.12 2.60 3.70
3987 1966 101 3430.00 3.60 10.00 0.76 3.20 0.20
3987 1966 102 2080.00 1.60 3.80 0.63 3.50 0.10
3987 1966 103 2860.00 1.80 5.20 0.67 5.60 11.20
3987 1966 104 7620.00 0.50 3.90 0.47 5.90 2.00
3987 1966 105 3820.00 -1.20 2.70 0.59 2.10 0.10
3987 1966 106 6560.00 1.80 10.20 0.83 4.90 0.70
3987 1966 107 4900.00 4.40 8.40 0.83 3.60 0.00
3987 1966 108 7680.00 3.20 13.00 0.93 2.70 5.90
3987 1966 109 11960.00 9.80 17.40 1.07 5.40 0.40
3987 1966 110 14520.00 8.00 17.80 1.01 4.00 0.40
3987 1966 111 2820.00 2.40 10.00 0.67 5.80 2.80
3987 1966 112 22950.00 -0.60 11.60 0.52 4.50 0.00
3987 1966 113 15580.00 2.20 17.70 0.72 6.00 0.00
3987 1966 114 15820.00 9.90 22.20 1.01 2.90 1.60
3987 1966 115 9240.00 9.90 18.20 1.17 3.20 4.20
3987 1966 116 18400.00 6.80 19.30 0.93 2.50 0.00
3987 1966 117 23560.00 6.70 21.00 0.81 4.50 0.00
3987 1966 118 20940.00 8.40 23.00 1.15 4.00 0.00
3987 1966 119 20850.00 9.80 19.20 0.96 4.40 0.00
3987 1966 120 24230.00 4.40 21.90 0.84 2.90 0.00
3987 1966 121 24280.00 8.80 23.20 0.83 2.60 0.00
3987 1966 122 25450.00 9.70 26.00 0.67 2.60 0.00
3987 1966 123 20100.00 9.90 28.70 1.13 3.70 0.10
3987 1966 124 19090.00 13.10 21.90 1.43 3.80 10.20
3987 1966 125 13990.00 11.90 17.70 1.27 7.00 3.80
3987 1966 126 16200.00 9.90 16.80 0.81 4.80 0.00
3987 1966 127 11310.00 7.40 15.40 1.09 2.60 3.00
3987 1966 128 13390.00 5.20 14.40 1.00 2.00 0.10
3987 1966 129 7920.00 8.70 12.90 0.99 3.10 4.50
3987 1966 130 4740.00 6.40 9.00 0.93 4.40 2.60
3987 1966 131 10710.00 6.10 13.10 0.92 3.70 0.00
3987 1966 132 24640.00 4.30 21.70 0.91 4.40 0.00
3987 1966 133 26470.00 7.00 22.70 1.04 4.30 0.00
3987 1966 134 24470.00 9.50 27.30 1.15 2.70 0.00
3987 1966 135 22790.00 11.60 27.20 1.27 4.00 0.00
3987 1966 136 24470.00 11.20 27.00 1.28 4.50 0.00
3987 1966 137 26010.00 13.10 28.30 1.13 4.50 0.00
3987 1966 138 25620.00 12.60 27.00 1.08 5.40 0.00
3987 1966 139 17070.00 12.50 20.90 1.28 4.50 0.00
3987 1966 140 13400.00 8.70 17.00 0.91 4.90 0.70
3987 1966 141 17950.00 5.30 19.20 0.87 4.10 0.00
3987 1966 142 21250.00 12.80 23.80 1.25 4.90 0.00
3987 1966 143 25150.00 12.60 20.10 0.84 6.50 0.00
3987 1966 144 22890.00 7.50 18.40 0.84 4.60 0.00
3987 1966 145 13180.00 9.20 20.10 1.00 3.00 1.40
3987 1966 146 5770.00 7.50 14.30 1.28 3.70 13.80
3987 1966 147 3780.00 7.80 11.40 1.01 5.10 1.10
3987 1966 148 16220.00 8.50 16.30 0.84 4.80 0.00
3987 1966 149 16860.00 3.60 16.80 0.76 4.00 0.00
3987 1966 150 28420.00 2.80 20.30 0.71 3.90 0.00
3987 1966 151 19680.00 8.40 20.00 0.89 2.60 0.00
3987 1966 152 27320.00 8.80 20.80 1.05 4.00 0.30
3987 1966 153 7640.00 9.00 13.70 0.95 6.30 0.30
3987 1966 154 10980.00 6.60 17.80 1.08 4.50 0.00
3987 1966 155 24800.00 9.00 25.20 1.04 4.10 0.00
3987 1966 156 28060.00 13.40 30.30 1.04 4.30 0.00
3987 1966 157 22120.00 14.70 25.90 1.49 4.20 0.00
3987 1966 158 13620.00 15.50 24.00 1.60 1.90 4.80
3987 1966 159 18260.00 14.00 25.10 1.68 2.00 1.40
3987 1966 160 22700.00 13.30 26.60 1.65 3.60 0.00
3987 1966 161 22720.00 14.40 27.30 1.63 3.70 0.00
3987 1966 162 23380.00 15.10 29.00 1.72 4.00 0.00
3987 1966 163 24890.00 17.40 29.80 1.52 5.00 0.20
3987 1966 164 16270.00 17.50 27.00 1.77 2.30 0.00
3987 1966 165 20710.00 17.30 30.20 1.71 2.90 0.00
3987 1966 166 26810.00 16.10 30.30 1.27 4.40 0.00
3987 1966 167 27750.00 16.30 32.20 1.29 4.70 0.00
3987 1966 168 22270.00 17.00 32.80 1.72 3.70 0.00
3987 1966 169 17170.00 20.20 29.00 1.80 3.40 4.30
3987 1966 170 4410.00 12.40 21.70 1.48 4.60 20.20
3987 1966 171 15040.00 11.60 20.50 1.31 2.80 1.40
3987 1966 172 17720.00 12.30 21.00 1.55 2.60 2.00
3987 1966 173 23640.00 11.40 24.00 1.25 2.70 0.00
3987 1966 174 24660.00 13.50 28.40 1.43 4.50 0.00
3987 1966 175 12300.00 15.60 23.90 1.57 2.00 0.00
3987 1966 176 15390.00 12.30 19.60 1.32 4.70 4.20
3987 1966 177 21150.00 12.50 21.60 1.32 5.30 0.20
3987 1966 178 15310.00 13.10 19.20 1.39 4.40 18.90
3987 1966 179 4690.00 10.90 14.60 1.25 8.80 24.30
3987 1966 180 8630.00 11.10 16.70 1.61 4.40 8.90
3987 1966 181 23050.00 14.50 25.00 1.51 5.30 0.00
3987 1966 182 27890.00 10.60 22.40 1.13 3.70 0.00
3987 1966 183 23130.00 11.50 23.90 1.35 1.80 0.00
3987 1966 184 21710.00 14.70 27.80 1.45 2.90 0.00
3987 1966 185 8110.00 16.00 22.30 1.84 2.30 10.30
3987 1966 186 17890.00 15.00 24.60 1.69 3.90 0.30
3987 1966 187 15060.00 13.50 20.10 1.53 3.00 0.00
3987 1966 188 13470.00 12.30 18.60 1.21 5.30 0.00
3987 1966 189 12190.00 10.10 18.80 1.24 7.70 0.00
3987 1966 190 24110.00 8.70 22.10 1.31 4.80 0.00
3987 1966 191 16560.00 15.10 24.00 1.75 3.90 0.40
3987 1966 192 14350.00 13.50 27.10 1.59 4.80 13.50
3987 1966 193 21120.00 11.70 20.10 1.16 6.10 0.00
3987 1966 194 14310.00 15.40 24.10 1.48 4.70 0.00
3987 1966 195 16200.00 12.90 21.40 1.33 5.20 0.00
3987 1966 196 16130.00 10.70 19.00 1.15 5.40 0.00
3987 1966 197 11070.00 10.70 18.90 1.28 3.40 4.00
3987 1966 198 13470.00 11.20 18.80 1.24 4.00 0.00
3987 1966 199 7120.00 12.20 22.70 1.69 3.80 1.60
3987 1966 200 21440.00 17.00 30.00 2.17 5.40 15.10
3987 1966 201 11510.00 17.10 25.70 2.11 3.10 16.30
3987 1966 202 11560.00 16.10 23.20 2.05 2.60 14.50
3987 1966 203 14050.00 17.00 26.80 2.21 2.60 10.10
3987 1966 204 7230.00 15.20 20.60 1.68 3.80 0.00
3987 1966 205 26900.00 11.30 25.30 1.48 2.00 0.00
3987 1966 206 17660.00 14.30 26.20 1.65 4.50 0.90
3987 1966 207 18390.00 9.50 20.40 1.19 3.70 0.00
3987 1966 208 17270.00 13.30 23.20 1.41 2.60 4.40
3987 1966 209 15380.00 11.80 19.00 1.16 4.30 0.00
3987 1966 210 16190.00 10.70 21.20 1.11 2.70 0.90
3987 1966 211 18870.00 12.50 21.30 1.33 4.00 1.60
3987 1966 212 18340.00 10.80 19.60 1.23 5.10 2.00
3987 1966 213 17440.00 8.40 21.80 1.20 3.90 4.00
3987 1966 214 14750.00 12.00 18.60 1.28 4.70 0.00
3987 1966 215 12650.00 9.30 21.70 1.51 3.90 0.00
3987 1966 216 8500.00 14.20 20.70 1.65 3.60 12.00
3987 1966 217 19410.00 13.30 21.30 1.27 4.50 0.00
3987 1966 218 15670.00 8.50 19.30 1.19 5.70 0.70
3987 1966 219 16170.00 8.90 21.00 1.28 3.10 0.00
3987 1966 220 12880.00 15.20 23.00 1.61 2.90 13.00
3987 1966 221 13230.00 11.80 20.60 1.31 4.20 0.00
3987 1966 222 19460.00 10.00 24.70 1.36 5.20 0.00
3987 1966 223 19600.00 16.00 25.40 1.69 5.20 0.00
3987 1966 224 21730.00 14.60 30.00 1.84 3.50 0.00
3987 1966 225 21510.00 18.40 32.90 2.16 3.30 0.00
3987 1966 226 22640.00 17.40 26.70 1.56 6.60 0.00
3987 1966 227 18400.00 10.40 19.60 1.11 5.10 0.00
3987 1966 228 16370.00 8.40 20.10 1.15 2.90 0.00
3987 1966 229 22850.00 9.30 23.60 1.27 3.50 0.00
3987 1966 230 22160.00 11.70 26.60 1.49 4.00 0.00
3987 1966 231 20970.00 13.90 27.30 1.57 3.80 0.00
3987 1966 232 15410.00 15.10 27.50 1.75 3.40 20.20
3987 1966 233 3020.00 15.20 21.20 1.80 2.70 11.90
3987 1966 234 11020.00 14.30 24.00 1.71 2.20 21.60
3987 1966 235 4660.00 13.60 17.70 1.59 5.80 3.50
3987 1966 236 16610.00 9.10 17.50 1.08 5.70 0.00
3987 1966 237 13770.00 7.40 17.50 1.17 2.80 2.50
3987 1966 238 8270.00 11.50 16.90 1.45 2.60 7.50
3987 1966 239 4110.00 13.40 16.40 1.44 3.10 0.00
3987 1966 240 19560.00 9.50 19.90 1.25 3.50 0.00
3987 1966 241 14170.00 12.00 21.20 1.36 3.60 0.00
3987 1966 242 12150.00 10.80 19.00 1.53 3.90 7.50
3987 1966 243 2690.00 13.10 16.00 1.52 2.40 8.20
3987 1966 244 8190.00 12.80 17.60 1.43 4.90 0.70
3987 1966 245 8270.00 10.50 19.10 1.56 4.40 0.70
3987 1966 246 15800.00 12.70 21.40 1.36 5.90 0.70
3987 1966 247 15860.00 11.50 20.70 1.32 4.70 0.80
3987 1966 248 11720.00 13.50 19.70 1.53 5.10 1.80
3987 1966 249 2950.00 9.90 16.70 1.51 5.10 2.10
3987 1966 250 15610.00 12.10 20.00 1.35 6.80 0.00
3987 1966 251 14360.00 9.60 18.10 1.13 4.90 0.00
3987 1966 252 11780.00 8.30 16.50 1.12 2.80 0.00
3987 1966 253 16580.00 8.90 21.70 1.20 2.00 0.00
3987 1966 254 12600.00 10.60 22.40 1.44 2.70 0.00
3987 1966 255 15320.00 13.00 27.50 1.61 4.30 0.40
3987 1966 256 4560.00 13.40 20.70 1.71 5.00 5.10
3987 1966 257 9410.00 11.50 17.50 1.21 7.40 0.00
3987 1966 258 6490.00 11.80 17.20 1.28 7.50 2.90
3987 1966 259 14350.00 8.70 16.60 1.07 5.30 0.00
3987 1966 260 7580.00 7.40 15.00 1.05 3.80 0.00
3987 1966 261 9460.00 8.00 16.30 1.03 3.70 0.00
3987 1966 262 16400.00 5.00 18.00 0.72 1.80 0.00
3987 1966 263 16070.00 5.60 20.00 1.01 3.30 0.00
3987 1966 264 15350.00 7.50 20.20 1.11 3.20 0.10
3987 1966 265 11940.00 7.60 18.10 1.05 3.40 0.00
3987 1966 266 5200.00 5.50 15.60 1.25 4.20 7.80
3987 1966 267 5403.57 8.40 14.00 1.20 5.50 0.10
3987 1966 268 5280.00 11.20 15.50 1.25 5.20 0.10
3987 1966 269 3490.00 11.00 13.40 1.19 3.40 0.00
3987 1966 270 4490.00 10.30 13.10 1.16 4.40 0.00
3987 1966 271 10870.00 8.20 15.30 0.91 2.40 0.00
3987 1966 272 11780.00 4.50 16.90 0.95 4.30 0.00
3987 1966 273 11400.00 5.00 17.90 1.12 3.90 0.00
3987 1966 274 9200.00 8.40 20.50 1.35 3.10 0.00
3987 1966 275 9930.00 12.10 20.60 1.33 4.50 0.00
3987 1966 276 8980.00 13.30 22.10 1.63 5.90 0.00
3987 1966 277 11730.00 16.10 27.80 1.52 5.90 0.00
3987 1966 278 10340.00 13.50 24.20 1.61 3.40 0.00
3987 1966 279 9190.00 13.10 20.80 1.57 3.90 0.00
3987 1966 280 9640.00 13.70 24.10 1.64 3.30 0.00
3987 1966 281 2980.00 11.20 17.50 1.49 3.00 0.00
3987 1966 282 2780.00 11.30 15.70 1.47 1.50 0.20
3987 1966 283 1740.00 13.20 15.10 1.51 2.40 1.60
3987 1966 284 2320.00 11.80 15.10 1.48 1.90 0.80
3987 1966 285 6670.00 7.60 14.10 1.21 2.80 0.00
3987 1966 286 760.00 9.20 11.60 1.12 5.70 1.40
3987 1966 287 1700.00 7.50 10.20 1.08 5.20 0.00
3987 1966 288 5170.00 10.00 16.10 1.25 4.40 0.00
3987 1966 289 8260.00 9.10 19.70 1.40 3.60 0.20
3987 1966 290 6760.00 10.00 17.50 1.24 4.00 0.00
3987 1966 291 9040.00 7.30 16.80 1.25 2.80 0.00
3987 1966 292 6200.00 11.60 17.50 1.35 2.60 0.00
3987 1966 293 2310.00 9.10 13.50 1.16 4.00 0.40
3987 1966 294 2700.00 5.40 11.60 1.08 3.30 2.40
3987 1966 295 5330.00 8.00 13.80 1.05 4.70 0.90
3987 1966 296 1780.00 8.40 16.30 1.25 6.00 10.70
3987 1966 297 4280.00 6.80 10.70 0.96 3.00 2.20
3987 1966 298 3400.00 7.30 10.60 1.04 1.40 4.00
3987 1966 299 3090.00 7.40 10.00 0.96 3.20 1.10
3987 1966 300 480.00 5.80 8.40 0.88 4.30 1.50
3987 1966 301 930.00 5.10 7.60 0.75 4.70 0.00
3987 1966 302 3360.00 4.40 7.70 0.72 3.40 0.00
3987 1966 303 4040.00 0.30 7.20 0.64 2.70 0.10
3987 1966 304 8120.00 -3.10 5.10 0.45 3.30 0.00
3987 1966 305 2330.00 -5.60 -1.30 0.47 3.50 0.00
3987 1966 306 2330.00 -1.90 1.10 0.49 2.30 0.70
3987 1966 307 2450.00 -0.40 3.40 0.64 3.70 0.00
3987 1966 308 2990.00 3.40 11.80 0.95 4.20 0.20
3987 1966 309 4980.00 2.40 11.90 0.71 4.20 0.40
3987 1966 310 5840.00 2.40 12.70 0.84 4.80 0.00
3987 1966 311 5760.00 3.20 12.60 0.93 4.00 0.00
3987 1966 312 4780.00 2.10 12.00 0.96 4.40 0.00
3987 1966 313 3860.00 2.70 10.60 0.87 4.10 0.00
3987 1966 314 520.00 3.70 8.80 0.88 4.90 0.70
3987 1966 315 6310.00 0.20 7.80 0.64 3.50 0.00
3987 1966 316 1330.00 -1.00 1.10 0.59 1.50 0.30
3987 1966 317 2240.00 -2.90 1.20 0.51 2.30 0.00
3987 1966 318 1850.00 -5.70 -2.60 0.43 2.70 0.40
3987 1966 319 1120.00 -3.50 4.00 0.69 4.20 6.00
3987 1966 320 2950.00 1.60 6.90 0.75 5.80 0.70
3987 1966 321 2830.00 1.10 7.50 0.65 3.70 0.00
3987 1966 322 650.00 -0.90 1.60 0.61 3.80 4.60
3987 1966 323 440.00 0.60 1.80 0.64 4.40 5.30
3987 1966 324 2240.00 0.60 3.70 0.61 3.40 0.00
3987 1966 325 2410.00 -0.20 4.00 0.57 4.10 0.10
3987 1966 326 950.00 0.70 3.90 0.69 3.20 0.20
3987 1966 327 4490.00 -1.60 3.90 0.55 3.40 0.00
3987 1966 328 690.00 -2.30 -0.40 0.53 3.10 0.00
3987 1966 329 400.00 -2.60 0.50 0.57 4.00 1.60
3987 1966 330 1530.00 0.10 3.20 0.64 5.30 0.40
3987 1966 331 1500.00 2.20 4.50 0.69 4.10 0.60
3987 1966 332 1330.00 3.50 7.30 0.79 5.80 3.50
3987 1966 333 780.00 0.80 5.60 0.68 6.00 3.70
3987 1966 334 2080.00 -1.20 2.60 0.55 7.10 8.80
3987 1966 335 2870.00 0.10 5.30 0.60 7.60 0.00
3987 1966 336 1270.00 4.30 11.30 0.76 7.60 0.00
3987 1966 337 1440.00 1.00 6.50 0.65 5.40 0.00
3987 1966 338 1400.00 -2.40 2.70 0.56 3.00 2.20
3987 1966 339 910.00 -0.40 3.00 0.67 2.00 0.00
3987 1966 340 1080.00 -1.20 2.50 0.55 2.50 0.00
3987 1966 341 910.00 -1.90 0.80 0.55 2.30 0.00
3987 1966 342 950.00 -0.70 1.10 0.52 4.20 1.10
3987 1966 343 2089.37 0.30 4.50 0.55 7.10 2.50
3987 1966 344 570.00 0.70 3.00 0.68 4.50 3.00
3987 1966 345 400.00 0.50 1.80 0.64 3.50 0.90
3987 1966 346 1130.00 -1.50 1.30 0.59 4.90 7.50
3987 1966 347 1170.00 -0.20 6.40 0.72 5.20 0.10
3987 1966 348 520.00 0.30 4.40 0.69 4.50 4.70
3987 1966 349 660.00 -0.50 2.10 0.60 3.70 1.00
3987 1966 350 2710.00 -3.00 0.30 0.49 2.20 2.20
3987 1966 351 1670.00 -1.20 5.60 0.71 5.30 3.50
3987 1966 352 200.00 3.30 8.50 0.85 8.60 2.90
3987 1966 353 650.00 4.10 6.20 0.71 9.00 5.20
3987 1966 354 440.00 0.00 4.40 0.63 5.10 8.90
3987 1966 355 870.00 -1.50 1.50 0.61 4.50 1.30
3987 1966 356 1450.00 -0.70 1.30 0.60 3.10 0.10
3987 1966 357 1410.00 -3.30 4.40 0.64 5.60 5.60
3987 1966 358 1700.00 0.00 4.70 0.60 6.20 7.10
3987 1966 359 1490.00 -1.20 0.70 0.57 7.30 0.70
3987 1966 360 3320.00 -1.00 2.20 0.53 7.30 0.00
3987 1966 361 1770.00 -2.20 1.10 0.57 1.90 0.00
3987 1966 362 650.00 -4.20 1.80 0.57 4.10 0.10
3987 1966 363 2210.00 0.00 4.90 0.67 7.60 5.80
3987 1966 364 790.00 2.40 7.80 0.79 8.10 4.30
3987 1966 365 1870.00 0.30 4.80 0.67 7.40 7.00
