*---------------------------------------------------------------------------*
* Station name: Potsdam Saekularstation
* Year: 1924
* Author: Pedro Alencar                                   -999.000: NIL VALUE
* Source: DWD
* Comments: Gaps filled with interpolation and storical means
* Longitude: 13.0622, latitude: 52.3812, altitude: 82.0 m.
*
    * Column  Daily value
    * 1       station number
    * 2       year
    * 3       day
    * 4       irradiation                   (kJ m-2 d-1)
    * 5       minimum temperature           (degrees Celsius
    * 6       maximum temperature           (degrees Celsius)
    * 7       early morning vapour pressure (kPa)
    * 8       mean wind speed (height: 2 m) (m s-1)
    * 9       precipitation                 (mm d-1)
    *
** WCCDESCRIPTION=Potsdam, Germany
** WCCFORMAT=2
** WCCYEARNR=1924
*---------------------------------------------------------------------------*
   13.0622 52.3812 82.0 -0.18 -0.55
3987 1924 1 1565.69 -11.20 -6.20 0.28 5.00 0.10
3987 1924 2 2536.25 -12.30 -6.40 0.28 5.50 0.10
3987 1924 3 1587.16 -7.70 -4.90 0.32 4.70 0.00
3987 1924 4 3846.41 -12.00 -5.90 0.24 4.10 2.20
3987 1924 5 4580.88 -10.00 -5.10 0.32 4.30 0.00
3987 1924 6 1627.21 -6.20 -3.00 0.37 4.90 0.30
3987 1924 7 3589.50 -10.50 -4.40 0.28 2.60 1.80
3987 1924 8 1666.52 -10.70 -4.50 0.32 3.90 1.40
3987 1924 9 2464.08 -8.80 -0.40 0.40 5.90 0.00
3987 1924 10 4227.30 -4.90 2.40 0.47 6.60 0.00
3987 1924 11 1756.89 -1.40 3.00 0.59 6.30 1.70
3987 1924 12 4839.92 -2.30 4.10 0.55 5.60 0.20
3987 1924 13 4997.49 -7.20 0.20 0.44 5.70 0.20
3987 1924 14 5046.31 -5.40 4.90 0.45 5.60 0.00
3987 1924 15 4732.99 -11.10 -3.40 0.28 5.90 0.10
3987 1924 16 1859.82 -14.20 -8.10 0.24 4.50 0.80
3987 1924 17 1872.12 -8.10 -1.40 0.43 4.40 0.50
3987 1924 18 4427.07 -2.00 4.30 0.55 5.20 1.30
3987 1924 19 1913.99 0.20 5.60 0.79 8.00 3.00
3987 1924 20 2041.51 2.60 5.60 0.69 8.60 3.60
3987 1924 21 1985.60 -1.00 3.70 0.60 7.50 0.40
3987 1924 22 2026.38 -2.90 -1.00 0.36 4.40 0.00
3987 1924 23 4820.92 -8.60 -2.20 0.23 5.80 0.00
3987 1924 24 5991.27 -11.50 -0.50 0.20 4.20 0.00
3987 1924 25 2291.25 -7.00 -2.00 0.31 2.60 0.00
3987 1924 26 5535.35 -7.50 -0.10 0.31 2.40 0.00
3987 1924 27 2460.20 -6.30 4.00 0.53 6.80 0.40
3987 1924 28 2399.86 -1.00 2.10 0.56 8.70 1.70
3987 1924 29 6504.59 -4.40 2.00 0.44 5.30 0.00
3987 1924 30 2383.85 -4.10 0.40 0.52 3.10 0.00
3987 1924 31 2373.56 -4.60 1.20 0.48 4.10 0.00
3987 1924 32 3188.43 -6.60 1.40 0.49 5.60 0.40
3987 1924 33 2449.87 -1.00 4.40 0.65 11.00 9.00
3987 1924 34 4640.20 0.40 4.70 0.59 10.30 1.70
3987 1924 35 2652.36 1.40 5.40 0.71 12.50 2.20
3987 1924 36 2589.86 1.70 5.20 0.73 12.50 8.00
3987 1924 37 4057.45 -1.20 2.20 0.45 10.70 0.10
3987 1924 38 4299.62 -2.80 2.60 0.51 6.30 0.50
3987 1924 39 6783.88 -3.00 3.40 0.45 5.00 0.00
3987 1924 40 7952.22 -6.80 0.50 0.32 4.50 0.00
3987 1924 41 5724.62 -7.30 -1.70 0.25 8.50 0.00
3987 1924 42 2933.29 -8.80 -4.30 0.28 8.40 0.00
3987 1924 43 2987.56 -7.00 -5.00 0.28 5.00 0.00
3987 1924 44 3038.94 -5.60 -3.00 0.27 6.30 0.00
3987 1924 45 4865.96 -8.20 -3.80 0.25 5.10 0.00
3987 1924 46 6130.22 -12.60 -2.60 0.25 2.80 0.00
3987 1924 47 3277.83 -9.10 -1.30 0.32 3.90 0.00
3987 1924 48 5367.21 -6.80 -1.30 0.31 2.00 0.00
3987 1924 49 9554.63 -8.00 -1.20 0.31 4.90 0.00
3987 1924 50 9822.84 -11.00 1.40 0.29 4.40 0.00
3987 1924 51 9399.30 -9.80 0.90 0.32 3.00 0.00
3987 1924 52 3509.29 -7.10 1.20 0.47 6.20 0.00
3987 1924 53 4786.46 -2.80 2.20 0.44 7.80 0.00
3987 1924 54 7919.85 -7.30 -0.90 0.28 5.50 0.00
3987 1924 55 8089.87 -8.30 1.60 0.33 3.80 0.40
3987 1924 56 3785.61 -4.80 -1.90 0.39 5.80 2.50
3987 1924 57 4535.11 -7.30 -2.80 0.29 5.90 0.60
3987 1924 58 6442.01 -9.00 -3.40 0.27 2.30 0.00
3987 1924 59 6909.78 -11.90 -1.90 0.25 3.50 0.30
3987 1924 60 5537.04 -6.90 -0.60 0.32 5.20 1.60
3987 1924 61 6456.46 -5.60 2.70 0.45 7.40 0.30
3987 1924 62 5964.38 -3.70 7.40 0.52 6.80 0.50
3987 1924 63 6043.75 2.20 10.30 0.49 7.50 0.00
3987 1924 64 6141.34 0.20 7.70 0.51 6.50 0.40
3987 1924 65 12137.95 0.10 8.10 0.51 4.20 0.00
3987 1924 66 5122.61 -2.40 4.30 0.52 3.10 0.00
3987 1924 67 11320.05 -3.60 6.20 0.51 3.50 0.00
3987 1924 68 7894.77 -2.80 1.80 0.43 2.50 0.00
3987 1924 69 13462.91 -5.70 7.30 0.33 3.60 0.00
3987 1924 70 14005.82 -5.30 11.90 0.27 4.30 0.00
3987 1924 71 13012.75 -1.90 5.00 0.43 4.90 0.00
3987 1924 72 10751.36 -3.90 2.10 0.32 4.20 0.00
3987 1924 73 14058.01 -6.40 3.60 0.28 3.90 0.00
3987 1924 74 14796.74 -4.80 5.10 0.25 2.60 0.00
3987 1924 75 14129.63 -3.80 8.60 0.25 4.10 0.00
3987 1924 76 5659.68 0.20 4.80 0.51 6.70 1.10
3987 1924 77 11459.16 -1.00 6.80 0.47 7.20 0.00
3987 1924 78 11837.92 -5.10 2.40 0.31 6.40 0.00
3987 1924 79 14252.05 -8.90 2.70 0.31 4.90 0.00
3987 1924 80 5544.14 -1.90 2.70 0.39 8.10 0.00
3987 1924 81 15550.28 -4.50 5.50 0.36 7.10 3.30
3987 1924 82 5658.42 0.20 6.30 0.80 5.60 0.00
3987 1924 83 10965.27 3.50 17.50 0.79 5.40 1.30
3987 1924 84 9459.13 7.20 17.30 0.99 6.50 0.00
3987 1924 85 12716.93 6.70 16.90 0.96 4.60 0.40
3987 1924 86 7388.23 5.80 14.00 0.99 5.30 0.20
3987 1924 87 6035.08 4.30 9.50 0.91 3.30 1.90
3987 1924 88 6132.70 3.20 6.40 0.67 4.00 0.00
3987 1924 89 7494.15 1.00 9.70 0.55 4.00 0.00
3987 1924 90 18110.61 -2.60 9.10 0.48 3.50 0.00
3987 1924 91 7178.04 -1.70 5.90 0.52 3.70 0.00
3987 1924 92 14124.77 1.20 9.20 0.49 3.50 0.00
3987 1924 93 7039.07 1.30 7.50 0.55 6.80 4.20
3987 1924 94 6597.64 -0.40 6.60 0.61 7.40 0.20
3987 1924 95 17615.36 -0.20 9.80 0.47 4.60 0.00
3987 1924 96 19407.02 -2.80 10.50 0.37 2.20 0.00
3987 1924 97 19815.80 -1.00 13.70 0.44 3.10 0.00
3987 1924 98 7547.03 0.30 5.80 0.57 4.70 0.00
3987 1924 99 18475.64 -0.40 15.40 0.61 4.60 1.00
3987 1924 100 7048.62 3.20 9.70 0.75 2.20 4.10
3987 1924 101 8110.31 0.60 5.30 0.65 7.50 1.20
3987 1924 102 20436.59 -2.10 7.90 0.44 5.40 0.00
3987 1924 103 20079.59 -3.10 10.20 0.40 3.90 1.10
3987 1924 104 7898.20 1.30 5.60 0.72 4.80 5.10
3987 1924 105 10967.34 2.30 10.40 0.64 5.10 1.80
3987 1924 106 16790.27 5.40 21.30 0.93 4.80 0.20
3987 1924 107 7724.63 6.50 15.70 1.07 3.90 12.30
3987 1924 108 8620.42 2.20 8.30 0.75 7.80 4.70
3987 1924 109 16443.71 0.70 9.80 0.56 6.60 0.00
3987 1924 110 7740.90 4.40 11.40 0.88 7.00 3.70
3987 1924 111 13564.18 5.40 13.40 0.83 6.00 6.40
3987 1924 112 10122.85 4.50 11.40 0.83 10.80 0.40
3987 1924 113 11951.56 1.00 6.70 0.57 11.00 0.70
3987 1924 114 16544.08 -0.30 8.50 0.53 7.70 0.00
3987 1924 115 14173.36 0.80 13.00 0.61 2.70 0.00
3987 1924 116 10809.66 6.20 18.10 0.95 3.60 4.50
3987 1924 117 8189.35 6.20 10.90 1.07 6.20 6.70
3987 1924 118 12794.93 9.20 15.00 1.03 5.80 2.00
3987 1924 119 15740.55 7.20 15.90 0.87 7.20 0.80
3987 1924 120 11388.48 6.00 12.40 0.95 6.50 6.60
3987 1924 121 8708.51 5.00 8.10 0.80 5.30 0.10
3987 1924 122 13511.33 3.80 11.70 0.72 3.90 0.00
3987 1924 123 15980.38 2.50 14.70 0.79 4.30 2.00
3987 1924 124 13005.47 8.00 16.00 1.03 5.90 0.80
3987 1924 125 9968.11 6.50 13.40 0.88 7.20 0.00
3987 1924 126 14017.42 0.30 13.40 0.83 2.70 4.10
3987 1924 127 22928.58 5.30 15.10 0.67 5.50 0.00
3987 1924 128 15143.48 6.40 22.50 1.16 6.20 13.50
3987 1924 129 13918.43 9.00 18.90 0.83 6.10 0.10
3987 1924 130 18460.02 7.60 16.60 0.77 5.30 0.00
3987 1924 131 20213.04 4.30 14.60 0.81 3.70 0.00
3987 1924 132 9860.39 7.80 14.10 1.08 4.00 0.00
3987 1924 133 16569.63 8.50 21.90 1.11 4.10 0.40
3987 1924 134 15658.67 10.70 21.30 1.19 3.30 0.00
3987 1924 135 25570.25 12.80 27.70 1.11 3.90 0.00
3987 1924 136 25135.86 13.90 28.80 1.23 4.30 0.00
3987 1924 137 22154.57 14.80 27.90 1.41 5.60 0.00
3987 1924 138 26869.76 7.60 20.20 0.80 6.10 0.00
3987 1924 139 22845.31 7.20 22.00 0.85 4.30 0.00
3987 1924 140 16652.97 9.30 26.90 1.41 5.80 1.50
3987 1924 141 9771.44 12.00 18.40 1.43 4.90 11.20
3987 1924 142 9461.40 10.70 14.10 1.31 6.80 0.00
3987 1924 143 17885.95 11.80 24.10 1.64 3.80 0.00
3987 1924 144 16166.65 14.30 25.30 1.67 5.00 5.00
3987 1924 145 18720.21 12.30 24.00 1.45 5.60 0.00
3987 1924 146 11753.97 12.70 16.30 1.23 5.10 2.10
3987 1924 147 13229.64 9.30 19.90 1.16 3.70 0.10
3987 1924 148 22110.68 9.20 22.20 1.16 2.90 0.00
3987 1924 149 19116.69 10.90 22.30 1.21 5.40 0.00
3987 1924 150 16122.77 12.70 25.50 1.71 4.50 11.30
3987 1924 151 18590.17 14.30 26.10 1.65 4.80 0.20
3987 1924 152 25913.16 11.40 24.10 1.63 3.80 0.00
3987 1924 153 24452.35 13.00 28.00 1.48 4.80 0.00
3987 1924 154 17296.40 12.30 20.00 1.24 5.60 0.00
3987 1924 155 18536.46 6.70 14.40 0.89 6.20 0.60
3987 1924 156 21062.55 5.20 17.20 0.80 4.70 0.00
3987 1924 157 13418.98 7.40 19.00 1.00 4.10 0.40
3987 1924 158 25407.94 3.70 16.50 0.68 4.00 0.00
3987 1924 159 22898.91 4.60 19.30 0.72 4.20 0.00
3987 1924 160 24499.55 7.00 23.60 0.95 5.30 0.00
3987 1924 161 16238.83 13.50 20.70 1.17 5.20 0.00
3987 1924 162 20806.13 9.10 22.40 1.17 4.20 0.00
3987 1924 163 13808.34 12.30 22.60 1.11 3.60 6.00
3987 1924 164 15185.68 12.50 19.90 1.47 5.00 0.00
3987 1924 165 17965.70 10.90 24.30 1.49 3.70 0.70
3987 1924 166 10426.61 10.90 16.20 1.07 7.20 2.20
3987 1924 167 10071.86 8.30 12.10 1.21 6.50 9.00
3987 1924 168 27330.71 8.10 21.80 0.75 4.70 0.00
3987 1924 169 23257.06 10.20 24.00 1.11 3.80 0.00
3987 1924 170 19307.96 12.00 22.60 1.45 4.10 0.00
3987 1924 171 23070.21 12.90 27.10 1.52 3.00 0.00
3987 1924 172 24417.55 16.20 30.20 1.77 3.30 0.00
3987 1924 173 18250.51 17.20 30.50 2.17 5.20 14.30
3987 1924 174 10027.05 14.50 17.20 1.69 5.60 0.00
3987 1924 175 16774.70 14.90 22.30 1.43 4.90 0.00
3987 1924 176 26338.10 8.90 22.60 1.13 4.30 0.00
3987 1924 177 15209.41 13.30 19.00 1.32 5.80 0.00
3987 1924 178 23566.94 9.70 24.60 1.31 4.60 0.00
3987 1924 179 21357.90 14.60 28.50 1.64 5.10 4.60
3987 1924 180 14611.12 12.50 18.80 1.23 4.90 0.40
3987 1924 181 16229.93 11.00 22.60 1.16 4.90 0.00
3987 1924 182 15800.17 12.40 26.70 1.52 3.90 0.00
3987 1924 183 20886.97 13.50 21.40 1.25 3.00 0.00
3987 1924 184 26328.80 11.00 25.10 1.17 3.50 0.40
3987 1924 185 14980.58 15.00 22.30 1.64 4.10 13.60
3987 1924 186 18709.22 15.00 26.20 1.68 6.40 9.50
3987 1924 187 15612.00 16.10 23.50 1.48 5.60 0.00
3987 1924 188 20004.55 13.60 25.00 1.47 4.80 0.00
3987 1924 189 27102.93 12.40 23.40 1.16 5.80 0.10
3987 1924 190 17475.90 13.20 21.70 1.44 6.80 0.00
3987 1924 191 25013.18 10.70 22.00 1.28 4.70 0.00
3987 1924 192 17656.48 11.80 22.90 1.27 6.30 0.00
3987 1924 193 23235.79 12.90 23.00 1.25 4.00 0.00
3987 1924 194 22159.02 13.60 27.20 1.36 3.30 0.00
3987 1924 195 25410.34 13.60 32.40 1.68 5.00 3.70
3987 1924 196 25372.28 14.10 24.90 1.33 7.60 0.00
3987 1924 197 21094.07 10.00 20.50 1.19 4.90 0.00
3987 1924 198 25786.60 11.60 26.50 1.20 4.20 0.00
3987 1924 199 13554.78 13.00 23.70 1.61 4.20 0.10
3987 1924 200 13422.09 14.40 23.60 1.40 6.60 1.70
3987 1924 201 19469.98 12.10 21.10 1.21 9.40 0.00
3987 1924 202 23799.85 11.00 22.00 1.20 5.60 0.00
3987 1924 203 21149.94 11.40 25.70 1.13 4.50 0.00
3987 1924 204 18688.51 15.50 29.40 1.71 4.60 15.30
3987 1924 205 10269.04 13.90 22.00 1.73 5.00 20.70
3987 1924 206 13537.11 11.70 20.20 1.43 6.20 0.70
3987 1924 207 17448.28 9.70 16.90 1.20 4.60 6.90
3987 1924 208 17939.68 8.50 20.00 1.23 3.20 11.70
3987 1924 209 12366.95 11.60 19.30 1.33 4.70 3.80
3987 1924 210 15937.41 10.80 19.00 1.25 4.00 1.70
3987 1924 211 22248.38 10.10 22.40 1.15 4.40 0.00
3987 1924 212 20838.99 14.20 24.90 1.37 5.80 0.00
3987 1924 213 15417.46 14.20 25.10 1.59 3.80 0.00
3987 1924 214 17109.47 14.10 23.50 1.45 3.80 0.00
3987 1924 215 14009.96 13.90 25.00 1.45 3.80 0.00
3987 1924 216 17696.14 14.60 22.90 1.32 4.80 0.00
3987 1924 217 19794.77 12.40 23.10 1.27 5.00 0.00
3987 1924 218 14669.85 14.20 21.90 1.32 5.00 0.40
3987 1924 219 17180.00 15.10 24.60 1.60 5.30 0.10
3987 1924 220 18894.15 15.70 27.90 1.60 2.70 6.00
3987 1924 221 8655.76 12.60 20.20 1.52 4.20 4.00
3987 1924 222 9160.83 12.30 16.50 1.39 3.40 0.00
3987 1924 223 21016.96 10.50 22.40 1.17 2.20 0.00
3987 1924 224 24285.53 10.50 24.70 1.11 5.00 0.00
3987 1924 225 23489.19 12.80 28.50 1.39 4.80 0.00
3987 1924 226 15913.24 15.50 26.00 1.81 4.20 0.20
3987 1924 227 17490.95 17.30 27.00 1.99 4.40 40.10
3987 1924 228 8115.73 12.80 18.30 1.55 7.00 6.50
3987 1924 229 21548.88 10.60 20.80 1.17 4.60 9.20
3987 1924 230 11513.90 13.70 21.00 1.36 5.50 1.30
3987 1924 231 15790.34 12.90 20.80 1.31 7.40 0.10
3987 1924 232 12635.61 11.00 18.40 1.19 6.20 3.40
3987 1924 233 18626.72 8.30 18.30 1.19 5.00 1.00
3987 1924 234 13221.25 9.40 18.50 1.19 4.90 0.00
3987 1924 235 13432.65 9.00 19.90 1.19 5.30 0.00
3987 1924 236 8785.80 9.60 17.40 1.29 3.60 0.00
3987 1924 237 13174.34 10.80 18.40 1.29 4.90 1.60
3987 1924 238 10793.14 9.30 17.80 1.31 4.10 0.10
3987 1924 239 12441.88 11.00 18.90 1.35 4.60 1.70
3987 1924 240 11694.29 9.30 19.20 1.17 4.00 0.00
3987 1924 241 12863.81 9.70 21.00 1.25 3.70 0.00
3987 1924 242 18890.86 9.90 20.40 1.12 3.70 0.00
3987 1924 243 12315.83 9.60 21.50 1.13 3.90 4.40
3987 1924 244 10875.85 13.10 20.40 1.45 4.40 5.90
3987 1924 245 7975.22 12.90 19.00 1.64 5.50 7.40
3987 1924 246 9444.31 12.80 19.60 1.53 4.10 0.40
3987 1924 247 6802.84 12.90 14.50 1.41 5.70 0.60
3987 1924 248 6923.96 12.40 15.80 1.47 4.70 0.20
3987 1924 249 11295.38 13.60 23.70 1.52 4.60 4.90
3987 1924 250 11106.49 12.80 20.60 1.52 2.80 0.00
3987 1924 251 18170.85 11.80 24.90 1.39 3.90 0.00
3987 1924 252 14520.54 12.60 27.40 1.76 4.70 4.90
3987 1924 253 8889.42 15.60 20.30 1.81 5.20 4.40
3987 1924 254 9444.67 10.30 18.10 1.04 10.40 0.30
3987 1924 255 16261.52 7.00 15.40 0.85 6.90 0.00
3987 1924 256 7967.74 7.80 18.50 1.20 4.70 0.00
3987 1924 257 11130.46 13.00 22.10 1.21 4.70 0.00
3987 1924 258 10351.79 10.00 22.70 1.28 5.90 0.30
3987 1924 259 15346.66 9.70 20.00 1.11 5.50 0.00
3987 1924 260 9525.18 8.10 17.10 1.04 5.20 0.20
3987 1924 261 5735.83 11.20 15.80 1.45 6.00 2.90
3987 1924 262 6962.52 12.20 20.20 1.48 5.70 0.00
3987 1924 263 11900.04 7.40 18.90 1.04 3.60 0.00
3987 1924 264 14587.55 8.50 26.70 1.40 6.40 0.00
3987 1924 265 8031.99 16.30 22.90 1.59 7.10 0.30
3987 1924 266 6787.48 14.10 23.00 1.51 8.40 0.90
3987 1924 267 13441.36 7.90 18.70 0.93 5.60 0.40
3987 1924 268 6528.72 11.40 19.90 1.51 3.40 13.10
3987 1924 269 5151.71 10.60 14.90 1.33 2.90 3.00
3987 1924 270 8483.90 9.20 17.20 1.19 2.70 0.20
3987 1924 271 5007.32 10.20 11.20 1.21 4.80 14.10
3987 1924 272 6915.28 7.70 13.80 1.09 4.50 0.00
3987 1924 273 8533.03 8.00 15.70 1.12 3.50 0.00
3987 1924 274 13914.42 3.90 17.60 1.00 5.80 0.00
3987 1924 275 10133.74 7.30 18.10 1.23 5.50 0.00
3987 1924 276 11613.97 8.20 21.90 1.45 5.40 0.40
3987 1924 277 5690.36 12.40 17.80 1.43 4.10 0.50
3987 1924 278 12107.42 8.20 19.70 1.20 3.60 0.00
3987 1924 279 6024.62 8.50 17.30 1.17 5.60 0.00
3987 1924 280 9199.63 6.40 19.20 0.99 5.40 0.00
3987 1924 281 12387.26 5.40 18.10 0.97 6.10 0.00
3987 1924 282 8853.80 6.50 20.30 1.05 6.00 0.00
3987 1924 283 8134.86 11.20 15.50 0.97 7.70 0.20
3987 1924 284 4824.90 8.50 15.50 1.16 4.50 0.00
3987 1924 285 11310.81 7.90 19.40 1.11 4.90 0.00
3987 1924 286 11548.62 6.30 21.00 1.15 5.10 0.00
3987 1924 287 11165.82 6.50 20.20 1.23 4.20 0.00
3987 1924 288 10673.37 5.50 19.50 1.09 3.20 0.20
3987 1924 289 3734.07 8.50 10.40 1.15 2.40 0.00
3987 1924 290 3962.10 6.50 12.50 1.01 2.80 0.00
3987 1924 291 10077.28 1.30 15.00 0.91 4.50 0.30
3987 1924 292 5662.78 5.20 12.70 0.87 6.60 0.20
3987 1924 293 5578.94 4.30 12.00 0.85 3.50 0.00
3987 1924 294 5068.56 4.30 11.60 0.92 4.90 1.40
3987 1924 295 3968.83 7.00 14.00 1.11 5.50 1.00
3987 1924 296 3302.22 6.20 9.60 1.00 5.40 0.80
3987 1924 297 9114.20 2.50 9.10 0.59 6.40 0.00
3987 1924 298 9527.02 -2.20 9.20 0.59 6.80 0.00
3987 1924 299 9317.75 0.40 9.60 0.57 8.20 0.00
3987 1924 300 7808.71 1.80 13.80 0.85 5.70 0.00
3987 1924 301 4896.47 4.70 15.10 1.04 5.60 0.20
3987 1924 302 3687.58 7.90 14.60 0.99 6.50 0.50
3987 1924 303 3628.84 8.60 14.70 1.09 4.70 0.10
3987 1924 304 3142.14 5.50 12.70 1.04 6.30 2.00
3987 1924 305 4171.23 7.80 13.60 1.03 7.10 2.50
3987 1924 306 4458.26 6.30 13.00 0.96 7.40 6.40
3987 1924 307 3669.17 8.10 16.00 1.11 8.70 0.10
3987 1924 308 2635.75 7.70 11.70 1.05 7.00 1.20
3987 1924 309 6343.51 3.60 9.90 0.73 8.30 0.20
3987 1924 310 6723.31 -0.70 8.90 0.65 3.70 0.10
3987 1924 311 2784.95 -0.60 6.90 0.77 5.30 0.00
3987 1924 312 7362.86 -1.10 9.60 0.65 3.50 0.00
3987 1924 313 3786.65 2.60 8.90 0.76 3.00 0.00
3987 1924 314 6404.24 -0.80 7.80 0.52 6.50 0.00
3987 1924 315 6795.53 -2.00 9.80 0.55 7.00 0.00
3987 1924 316 6290.15 -1.60 5.70 0.56 6.00 0.00
3987 1924 317 3726.04 -0.50 5.90 0.55 6.20 0.00
3987 1924 318 5197.71 -4.70 3.30 0.41 6.30 0.00
3987 1924 319 5552.20 -7.00 -0.20 0.39 6.50 0.00
3987 1924 320 4199.55 -6.70 -1.30 0.35 6.10 0.00
3987 1924 321 2154.48 -7.20 1.70 0.40 5.30 0.00
3987 1924 322 4658.05 -2.40 3.50 0.41 2.60 0.00
3987 1924 323 2633.05 -4.60 0.40 0.43 2.20 0.00
3987 1924 324 1996.62 -5.30 3.60 0.64 6.30 1.40
3987 1924 325 2109.03 0.70 3.70 0.64 3.40 0.60
3987 1924 326 1924.90 1.20 6.90 0.88 6.70 1.20
3987 1924 327 1892.36 4.20 6.90 0.79 7.30 0.50
3987 1924 328 1861.57 5.40 8.00 0.88 6.50 0.00
3987 1924 329 3938.57 5.60 11.70 0.79 4.80 0.00
3987 1924 330 4909.88 1.70 8.70 0.68 5.80 0.00
3987 1924 331 4961.07 -2.10 4.50 0.59 5.30 0.00
3987 1924 332 4226.76 -1.20 7.30 0.63 5.00 0.00
3987 1924 333 3299.22 -1.60 4.10 0.59 5.00 0.00
3987 1924 334 4741.82 0.10 9.40 0.72 5.00 0.00
3987 1924 335 3259.89 -1.10 7.60 0.68 5.50 0.10
3987 1924 336 2190.48 2.90 8.60 0.76 5.10 0.10
3987 1924 337 2721.82 2.60 8.60 0.79 4.40 2.60
3987 1924 338 1635.89 2.80 5.00 0.80 2.80 3.50
3987 1924 339 1620.69 2.90 4.90 0.72 3.90 0.00
3987 1924 340 1607.46 -0.70 2.90 0.60 6.10 1.70
3987 1924 341 2621.63 2.40 8.10 0.91 5.10 4.50
3987 1924 342 1570.66 4.60 6.60 0.89 3.20 0.60
3987 1924 343 1604.48 1.20 4.60 0.73 2.20 0.10
3987 1924 344 3322.46 0.10 2.70 0.55 3.90 0.00
3987 1924 345 1546.48 -1.60 0.80 0.51 3.50 0.00
3987 1924 346 1540.70 -4.00 -1.60 0.47 3.30 0.00
3987 1924 347 1537.17 -7.40 -4.00 0.36 1.90 0.00
3987 1924 348 3608.36 -8.00 -2.50 0.37 4.00 0.10
3987 1924 349 1516.15 -7.90 -1.10 0.45 5.40 0.20
3987 1924 350 3558.86 -3.00 3.40 0.59 5.30 0.20
3987 1924 351 3967.17 -5.80 -0.40 0.43 5.10 0.10
3987 1924 352 1494.12 -5.50 2.70 0.61 4.40 0.00
3987 1924 353 3403.01 1.70 8.10 0.68 5.40 0.20
3987 1924 354 2168.54 -1.90 2.70 0.61 5.40 0.00
3987 1924 355 1482.97 1.90 5.80 0.79 4.20 0.00
3987 1924 356 1479.96 3.80 6.80 0.84 4.30 0.00
3987 1924 357 1489.78 -1.60 5.40 0.65 3.10 0.00
3987 1924 358 4019.39 -3.90 4.50 0.49 4.10 0.00
3987 1924 359 3456.66 -1.60 7.90 0.44 5.70 0.00
3987 1924 360 2940.43 -0.40 6.00 0.64 5.10 0.00
3987 1924 361 4170.27 -2.40 3.50 0.45 5.40 0.00
3987 1924 362 2356.12 -1.50 5.30 0.48 7.60 2.80
3987 1924 363 1510.63 1.90 7.30 0.81 8.50 1.40
3987 1924 364 1605.34 2.00 7.20 0.72 5.40 1.00
3987 1924 365 2800.07 -1.40 3.80 0.57 7.00 1.10
3987 1924 366 3176.79 2.60 8.10 0.71 7.00 0.00
