*---------------------------------------------------------------------------*
* Station name: Potsdam Saekularstation
* Year: 1961
* Author: Pedro Alencar                                   -999.000: NIL VALUE
* Source: DWD
* Comments: Gaps filled with interpolation and storical means
* Longitude: 13.0622, latitude: 52.3812, altitude: 82.0 m.
*
    * Column  Daily value
    * 1       station number
    * 2       year
    * 3       day
    * 4       irradiation                   (kJ m-2 d-1)
    * 5       minimum temperature           (degrees Celsius
    * 6       maximum temperature           (degrees Celsius)
    * 7       early morning vapour pressure (kPa)
    * 8       mean wind speed (height: 2 m) (m s-1)
    * 9       precipitation                 (mm d-1)
    *
** WCCDESCRIPTION=Potsdam, Germany
** WCCFORMAT=2
** WCCYEARNR=1961
*---------------------------------------------------------------------------*
   13.0622 52.3812 82.0 -0.18 -0.55
3987 1961 1 2750.00 -0.60 3.70 0.63 3.90 0.00
3987 1961 2 2590.00 -2.20 2.20 0.56 4.80 2.80
3987 1961 3 990.00 0.20 7.00 0.69 6.00 3.70
3987 1961 4 1490.00 0.50 3.90 0.67 4.50 0.80
3987 1961 5 830.00 -0.20 3.00 0.63 6.10 0.50
3987 1961 6 1990.00 -0.50 2.60 0.52 6.00 0.00
3987 1961 7 960.00 -0.80 2.90 0.63 4.40 0.00
3987 1961 8 1290.00 -0.70 3.30 0.65 4.90 3.60
3987 1961 9 1320.00 1.10 3.60 0.71 4.50 5.10
3987 1961 10 1650.00 -0.40 3.40 0.61 5.00 1.80
3987 1961 11 1030.00 -0.50 2.80 0.57 4.10 1.10
3987 1961 12 4370.00 -5.00 0.90 0.43 3.80 0.00
3987 1961 13 1090.00 -6.50 1.60 0.52 4.60 4.70
3987 1961 14 1070.00 -0.20 2.40 0.65 2.90 5.60
3987 1961 15 1000.00 -3.70 0.90 0.48 1.30 0.00
3987 1961 16 940.00 -3.60 0.30 0.55 2.00 0.00
3987 1961 17 4910.00 -6.00 0.80 0.39 4.40 0.00
3987 1961 18 5180.00 -10.50 -4.60 0.23 5.20 0.00
3987 1961 19 5210.00 -12.10 -2.80 0.21 5.60 0.00
3987 1961 20 5030.00 -11.20 0.30 0.27 4.70 0.00
3987 1961 21 2070.00 -8.00 -1.20 0.39 4.20 0.60
3987 1961 22 1810.00 -3.60 1.80 0.60 3.50 5.00
3987 1961 23 780.00 -7.00 0.70 0.43 5.40 0.70
3987 1961 24 5330.00 -11.10 -2.10 0.27 4.60 0.00
3987 1961 25 5870.00 -10.30 -4.70 0.25 7.20 0.00
3987 1961 26 6000.00 -14.50 -7.10 0.19 6.00 0.00
3987 1961 27 5950.00 -17.40 -3.90 0.21 4.40 0.00
3987 1961 28 3690.00 -7.00 -1.40 0.31 5.70 0.10
3987 1961 29 4370.00 -3.70 7.90 0.68 8.80 3.60
3987 1961 30 1160.00 4.00 7.70 0.80 8.30 5.90
3987 1961 31 1060.00 3.50 5.40 0.80 5.30 4.60
3987 1961 32 1640.00 0.60 4.90 0.65 6.30 3.30
3987 1961 33 5250.00 0.40 5.60 0.59 5.10 4.20
3987 1961 34 1870.00 -0.20 1.90 0.59 4.80 0.50
3987 1961 35 2560.00 -0.80 2.60 0.59 4.20 4.20
3987 1961 36 4530.00 -4.90 1.00 0.47 3.80 0.10
3987 1961 37 1910.00 -4.70 4.90 0.69 6.30 0.80
3987 1961 38 4150.00 3.00 7.60 0.69 7.40 1.90
3987 1961 39 3820.00 1.30 6.50 0.69 5.80 10.90
3987 1961 40 1490.00 2.70 8.70 0.95 7.70 6.40
3987 1961 41 2400.00 2.30 5.90 0.69 5.80 0.00
3987 1961 42 1230.00 3.80 7.10 0.80 5.90 4.70
3987 1961 43 1290.00 2.70 6.30 0.80 4.90 0.00
3987 1961 44 2360.00 2.00 6.90 0.81 2.70 0.30
3987 1961 45 4290.00 4.80 10.00 0.85 2.60 0.20
3987 1961 46 7830.00 0.80 17.10 0.84 3.50 0.00
3987 1961 47 2370.00 5.70 8.00 0.84 3.30 0.00
3987 1961 48 7910.00 3.40 12.70 0.81 2.70 0.00
3987 1961 49 8540.00 1.40 11.10 0.69 4.90 0.00
3987 1961 50 1650.00 3.30 6.80 0.85 4.50 0.30
3987 1961 51 2080.00 3.30 6.30 0.79 2.40 0.00
3987 1961 52 5710.00 2.40 9.10 0.71 2.50 0.00
3987 1961 53 9440.00 -1.70 9.70 0.60 4.30 0.00
3987 1961 54 4700.00 -0.60 5.50 0.63 4.70 0.00
3987 1961 55 6190.00 -0.20 11.60 0.69 5.20 0.00
3987 1961 56 9820.00 0.70 13.90 0.65 5.10 0.00
3987 1961 57 7830.00 -0.90 14.30 0.76 4.40 0.00
3987 1961 58 3710.00 4.70 14.80 1.07 5.20 4.30
3987 1961 59 1700.00 2.80 13.10 0.89 7.30 2.10
3987 1961 60 5940.00 2.50 8.70 0.71 4.30 0.00
3987 1961 61 4690.00 1.40 8.50 0.72 4.70 3.30
3987 1961 62 2120.00 3.30 7.90 0.84 3.80 0.00
3987 1961 63 12030.00 -0.30 11.60 0.68 4.30 0.00
3987 1961 64 3790.00 2.60 7.80 0.81 4.00 0.10
3987 1961 65 10240.00 0.50 12.50 0.79 2.70 0.00
3987 1961 66 10730.00 2.30 15.00 0.71 4.70 0.00
3987 1961 67 9910.00 1.60 12.90 0.75 3.30 0.00
3987 1961 68 13480.00 0.90 16.30 0.63 2.80 0.00
3987 1961 69 11380.00 2.50 19.00 0.76 3.80 0.00
3987 1961 70 3240.00 6.40 12.20 0.89 6.30 0.00
3987 1961 71 8580.00 6.30 16.20 0.88 8.90 0.10
3987 1961 72 10570.00 6.10 12.10 0.81 7.30 3.70
3987 1961 73 3860.00 7.00 11.80 1.01 7.90 0.10
3987 1961 74 4790.00 8.80 12.50 1.07 7.40 0.00
3987 1961 75 13320.00 6.60 15.10 0.87 7.60 0.00
3987 1961 76 13770.00 4.00 19.50 0.79 5.10 0.00
3987 1961 77 14440.00 5.70 12.90 0.67 7.70 0.50
3987 1961 78 9400.00 0.70 7.50 0.56 5.90 2.50
3987 1961 79 6940.00 -4.60 4.90 0.53 5.90 8.40
3987 1961 80 5570.00 0.10 5.20 0.63 7.20 2.00
3987 1961 81 11240.00 -3.50 5.30 0.60 5.70 0.90
3987 1961 82 4180.00 3.50 8.90 0.83 7.40 0.30
3987 1961 83 5160.00 5.80 10.90 0.84 7.70 0.00
3987 1961 84 11270.00 4.60 13.00 0.85 5.80 0.00
3987 1961 85 10910.00 4.30 13.20 0.79 7.80 1.30
3987 1961 86 11440.00 0.40 8.50 0.56 10.50 2.10
3987 1961 87 8880.00 -1.00 5.90 0.63 10.00 2.90
3987 1961 88 2440.00 2.50 8.80 0.81 8.70 1.50
3987 1961 89 1480.00 5.00 9.20 0.93 6.00 21.90
3987 1961 90 14390.00 -0.30 8.90 0.52 5.50 4.00
3987 1961 91 2560.00 -1.60 7.40 0.73 6.70 4.00
3987 1961 92 6830.00 0.50 5.30 0.64 3.80 7.40
3987 1961 93 5860.00 1.60 8.50 0.69 5.30 1.20
3987 1961 94 14320.00 2.00 10.00 0.59 3.30 5.70
3987 1961 95 9000.00 4.20 18.40 1.12 5.20 0.60
3987 1961 96 16310.00 9.30 23.80 1.19 4.60 0.00
3987 1961 97 16350.00 11.90 24.40 1.28 5.00 4.30
3987 1961 98 5980.00 4.50 13.30 0.87 3.80 6.00
3987 1961 99 21200.00 1.10 10.60 0.52 3.30 0.00
3987 1961 100 8850.00 0.70 9.70 0.57 5.60 0.00
3987 1961 101 17930.00 3.80 16.70 0.60 3.40 0.00
3987 1961 102 20020.00 2.10 19.40 0.77 3.60 0.00
3987 1961 103 18130.00 6.60 22.40 1.00 3.20 0.00
3987 1961 104 16700.00 9.40 26.40 1.15 4.70 22.50
3987 1961 105 11360.00 8.70 17.60 1.17 3.50 0.50
3987 1961 106 5470.00 7.10 12.30 1.11 2.30 5.80
3987 1961 107 16220.00 7.50 16.80 1.04 2.00 0.00
3987 1961 108 14310.00 8.80 16.50 1.16 3.00 0.30
3987 1961 109 22200.00 4.00 16.60 0.77 2.50 0.00
3987 1961 110 17430.00 5.50 17.00 0.75 5.20 0.00
3987 1961 111 21330.00 5.20 19.60 0.71 6.00 0.00
3987 1961 112 19940.00 5.70 22.40 1.04 5.50 0.00
3987 1961 113 21700.00 8.30 21.20 1.04 5.20 0.00
3987 1961 114 22050.00 9.60 22.50 1.01 4.60 0.00
3987 1961 115 23610.00 6.80 17.20 0.85 5.30 0.00
3987 1961 116 23720.00 5.60 19.10 0.95 5.30 0.00
3987 1961 117 6940.00 6.80 16.60 1.27 2.30 8.00
3987 1961 118 13800.00 7.10 16.90 1.05 2.80 0.60
3987 1961 119 14060.00 8.90 16.70 1.12 5.20 0.00
3987 1961 120 13770.00 8.20 19.10 1.12 3.50 0.00
3987 1961 121 8550.00 7.80 13.40 1.08 2.30 0.00
3987 1961 122 16340.00 7.70 19.00 1.35 2.90 2.70
3987 1961 123 15820.00 9.80 17.80 1.08 4.20 1.80
3987 1961 124 19430.00 8.00 20.90 1.08 3.30 0.00
3987 1961 125 13730.00 10.30 22.70 1.51 4.80 19.70
3987 1961 126 13760.00 12.10 18.20 1.44 3.60 2.70
3987 1961 127 8610.00 8.00 14.20 1.21 5.00 12.10
3987 1961 128 14030.00 6.50 13.50 0.97 6.70 12.50
3987 1961 129 9300.00 6.50 13.80 1.03 7.00 6.90
3987 1961 130 13730.00 7.30 14.10 0.95 7.10 1.00
3987 1961 131 16880.00 6.60 14.10 0.91 4.90 2.50
3987 1961 132 10860.00 4.10 12.90 0.91 4.20 0.70
3987 1961 133 12360.00 4.00 14.50 0.99 5.30 0.10
3987 1961 134 14750.00 6.10 13.40 0.88 5.90 1.80
3987 1961 135 12970.00 5.90 15.10 0.97 2.80 0.50
3987 1961 136 7810.00 4.00 11.40 0.99 4.20 0.10
3987 1961 137 16600.00 7.00 16.90 0.95 3.70 0.00
3987 1961 138 18950.00 5.40 18.10 0.91 2.90 0.00
3987 1961 139 18340.00 6.90 15.10 0.96 4.90 0.00
3987 1961 140 10080.00 8.40 13.00 1.09 2.90 0.80
3987 1961 141 16480.00 7.90 18.80 1.15 2.20 0.10
3987 1961 142 26800.00 5.70 19.60 0.92 2.90 0.00
3987 1961 143 26340.00 9.10 18.60 1.01 3.80 0.00
3987 1961 144 15410.00 6.10 16.40 1.00 3.30 0.00
3987 1961 145 22500.00 5.80 21.10 1.11 3.30 0.50
3987 1961 146 16850.00 8.90 23.50 1.27 5.00 3.80
3987 1961 147 3270.00 5.00 13.10 0.89 4.50 9.10
3987 1961 148 6580.00 5.20 11.10 0.96 1.90 1.10
3987 1961 149 3900.00 5.70 9.30 1.07 3.60 28.10
3987 1961 150 2410.00 7.00 10.10 1.09 4.70 17.20
3987 1961 151 4660.00 7.30 10.90 1.11 2.70 0.60
3987 1961 152 24600.00 9.10 24.70 1.35 2.90 0.00
3987 1961 153 26380.00 13.80 23.00 1.28 4.80 0.00
3987 1961 154 26050.00 9.70 24.90 1.49 3.10 0.00
3987 1961 155 26010.00 13.50 27.90 1.63 3.60 10.90
3987 1961 156 22150.00 14.30 27.40 1.81 2.80 2.20
3987 1961 157 26130.00 14.50 26.70 1.55 3.90 0.00
3987 1961 158 20050.00 15.40 25.20 1.75 2.40 2.30
3987 1961 159 14470.00 14.80 23.00 1.55 3.70 0.00
3987 1961 160 21220.00 14.60 25.70 1.55 2.80 10.70
3987 1961 161 3000.00 12.40 17.20 1.53 4.50 7.00
3987 1961 162 20020.00 11.60 21.70 1.33 2.40 7.60
3987 1961 163 14980.00 11.30 17.60 1.43 2.60 22.80
3987 1961 164 8330.00 9.60 15.80 1.52 3.50 5.90
3987 1961 165 8840.00 11.60 16.90 1.29 7.20 1.50
3987 1961 166 9650.00 9.00 13.40 1.00 5.10 0.00
3987 1961 167 30120.00 6.40 21.00 1.08 3.90 0.00
3987 1961 168 22850.00 10.50 24.60 1.37 3.90 0.00
3987 1961 169 23830.00 14.10 27.10 1.72 5.50 0.90
3987 1961 170 25480.00 11.50 20.60 1.08 5.20 0.00
3987 1961 171 29850.00 7.60 20.70 1.01 2.80 0.00
3987 1961 172 21320.00 11.40 20.10 1.11 3.70 0.00
3987 1961 173 27020.00 9.60 25.00 1.31 3.10 0.10
3987 1961 174 21880.00 13.00 23.80 1.37 5.60 0.00
3987 1961 175 25090.00 13.40 26.00 1.45 5.50 0.00
3987 1961 176 27540.00 14.60 29.40 1.67 4.70 0.00
3987 1961 177 25010.00 14.80 30.30 1.65 3.50 0.00
3987 1961 178 14180.00 15.20 25.80 1.77 5.60 1.50
3987 1961 179 19670.00 10.10 19.40 1.17 6.50 0.00
3987 1961 180 29540.00 9.70 25.20 1.23 2.90 0.00
3987 1961 181 27660.00 13.60 28.50 1.25 2.20 0.00
3987 1961 182 27010.00 14.60 31.40 1.56 3.50 0.00
3987 1961 183 25260.00 16.40 34.00 1.69 2.20 0.00
3987 1961 184 22180.00 18.50 33.00 1.96 4.60 0.00
3987 1961 185 8690.00 13.50 19.00 1.43 6.40 1.00
3987 1961 186 19290.00 9.40 16.30 1.08 8.00 6.50
3987 1961 187 11690.00 8.00 16.90 1.17 6.90 1.50
3987 1961 188 21190.00 8.40 19.70 1.09 4.30 0.00
3987 1961 189 16270.00 12.40 22.90 1.37 4.30 9.70
3987 1961 190 14080.00 12.00 19.10 1.43 6.10 4.70
3987 1961 191 18340.00 10.20 18.90 1.13 5.30 0.00
3987 1961 192 13180.00 11.70 23.20 1.57 3.00 0.00
3987 1961 193 24470.00 14.10 27.20 1.72 3.20 0.00
3987 1961 194 9170.00 15.30 21.40 1.76 4.60 7.50
3987 1961 195 14770.00 10.30 20.70 1.27 7.00 0.10
3987 1961 196 21760.00 11.60 23.90 1.24 3.80 0.00
3987 1961 197 17350.00 10.50 21.50 1.35 3.60 13.60
3987 1961 198 9210.00 9.60 16.20 1.44 3.90 5.10
3987 1961 199 18990.00 11.60 19.60 1.44 4.70 2.50
3987 1961 200 16930.00 11.80 20.30 1.36 3.70 0.00
3987 1961 201 8350.00 12.20 16.50 1.48 5.50 5.60
3987 1961 202 6390.00 12.30 16.60 1.55 5.90 26.50
3987 1961 203 8860.00 11.80 16.10 1.44 5.40 0.00
3987 1961 204 9980.00 12.00 17.80 1.32 5.50 0.00
3987 1961 205 9740.00 10.80 16.00 1.28 4.80 0.00
3987 1961 206 16180.00 11.70 20.50 1.32 3.90 0.00
3987 1961 207 18440.00 13.90 24.90 1.39 5.80 0.00
3987 1961 208 9190.00 15.30 20.30 1.47 6.00 8.30
3987 1961 209 7960.00 11.60 15.90 1.35 4.00 1.20
3987 1961 210 15230.00 9.10 17.50 1.21 4.70 0.00
3987 1961 211 11860.00 10.00 17.40 1.24 4.10 0.00
3987 1961 212 19380.00 9.70 18.60 1.24 5.30 0.00
3987 1961 213 23670.00 9.50 22.00 1.35 4.90 0.00
3987 1961 214 9190.00 12.50 20.00 1.56 2.30 1.70
3987 1961 215 19990.00 10.90 19.50 1.21 5.10 0.00
3987 1961 216 4770.00 9.80 16.70 1.47 6.00 3.70
3987 1961 217 17120.00 14.50 24.80 1.80 4.10 0.00
3987 1961 218 22130.00 16.40 27.80 1.79 3.90 0.50
3987 1961 219 14770.00 14.10 22.60 1.49 3.30 0.20
3987 1961 220 10080.00 9.90 24.40 1.52 5.00 0.00
3987 1961 221 16490.00 13.90 24.70 1.51 2.40 0.00
3987 1961 222 6200.00 13.50 21.90 1.75 2.50 10.90
3987 1961 223 7790.00 15.50 21.90 1.80 1.90 2.10
3987 1961 224 13720.00 12.50 19.80 1.47 3.60 0.10
3987 1961 225 15660.00 8.60 18.50 1.15 3.90 0.10
3987 1961 226 12800.00 10.80 20.00 1.27 3.60 2.10
3987 1961 227 8570.00 11.80 16.80 1.28 5.90 3.00
3987 1961 228 10560.00 9.40 16.80 1.23 7.30 3.30
3987 1961 229 12900.00 9.00 18.00 1.20 3.40 4.10
3987 1961 230 9080.00 10.00 16.70 1.37 5.20 1.10
3987 1961 231 8400.00 12.20 17.20 1.41 5.30 1.50
3987 1961 232 15560.00 11.80 20.50 1.32 6.40 0.40
3987 1961 233 8930.00 13.20 20.80 1.43 6.30 2.60
3987 1961 234 12360.00 12.70 18.50 1.47 7.10 8.30
3987 1961 235 13730.00 11.00 17.80 1.29 7.10 2.60
3987 1961 236 11400.00 10.30 19.30 1.31 4.60 0.30
3987 1961 237 10110.00 12.60 19.70 1.53 3.50 0.00
3987 1961 238 13760.00 12.50 24.00 1.68 3.80 0.00
3987 1961 239 17880.00 14.30 25.00 1.76 4.90 0.00
3987 1961 240 17990.00 11.90 22.60 1.47 2.30 0.00
3987 1961 241 19880.00 12.80 25.90 1.49 2.20 0.00
3987 1961 242 21270.00 12.00 27.70 1.47 3.60 0.00
3987 1961 243 20500.00 12.90 29.00 1.48 3.80 0.00
3987 1961 244 18510.00 12.90 30.20 1.51 4.00 0.00
3987 1961 245 17260.00 14.40 30.90 1.57 2.70 0.00
3987 1961 246 14800.00 16.10 29.30 2.05 2.40 0.00
3987 1961 247 12070.00 14.80 26.20 2.00 1.50 0.00
3987 1961 248 11780.00 15.20 27.20 1.79 3.60 0.00
3987 1961 249 13910.00 12.80 23.10 1.44 4.20 1.80
3987 1961 250 8250.00 9.60 18.40 1.28 6.20 15.00
3987 1961 251 6120.00 9.70 16.80 1.37 5.90 0.20
3987 1961 252 5440.00 11.90 15.20 1.28 6.20 0.90
3987 1961 253 6560.00 10.70 15.40 1.24 4.70 0.00
3987 1961 254 14700.00 11.00 20.80 1.24 3.80 0.40
3987 1961 255 8900.00 12.20 19.50 1.39 4.60 0.10
3987 1961 256 7700.00 11.60 18.70 1.33 3.90 4.80
3987 1961 257 9060.00 13.50 20.90 1.64 6.40 1.70
3987 1961 258 14100.00 10.40 20.60 1.27 5.30 0.00
3987 1961 259 16820.00 13.80 29.00 1.75 4.60 0.00
3987 1961 260 15640.00 15.30 30.90 1.88 3.60 0.00
3987 1961 261 13640.00 16.10 25.70 1.91 3.20 0.00
3987 1961 262 16540.00 11.50 23.20 1.31 4.30 0.00
3987 1961 263 17140.00 8.60 22.10 1.11 5.50 0.00
3987 1961 264 16610.00 7.50 22.20 1.13 5.20 0.00
3987 1961 265 16520.00 7.40 21.70 1.03 4.10 0.00
3987 1961 266 15980.00 6.10 20.90 0.95 4.00 0.00
3987 1961 267 12619.30 5.70 21.30 1.04 3.50 0.00
3987 1961 268 4210.00 10.20 18.80 1.43 3.70 0.00
3987 1961 269 5270.00 9.70 15.90 1.19 1.60 0.00
3987 1961 270 13100.00 5.40 19.40 1.16 4.70 0.00
3987 1961 271 11780.00 9.70 25.30 1.63 4.00 0.00
3987 1961 272 9990.00 12.40 26.40 1.61 4.50 0.00
3987 1961 273 6920.00 14.20 23.70 1.65 4.70 0.00
3987 1961 274 5330.00 10.60 18.10 1.09 6.40 0.00
3987 1961 275 12570.00 7.00 18.10 1.05 6.70 0.00
3987 1961 276 13140.00 7.30 20.20 1.05 5.50 0.00
3987 1961 277 8880.00 8.30 18.80 1.09 5.20 0.00
3987 1961 278 11440.00 8.30 21.60 1.23 4.30 0.00
3987 1961 279 11690.00 8.60 23.20 1.15 5.30 0.00
3987 1961 280 10270.00 11.50 21.20 1.04 6.20 0.00
3987 1961 281 2210.00 9.50 16.20 1.27 4.50 4.60
3987 1961 282 12360.00 6.20 19.30 1.05 4.40 0.00
3987 1961 283 10850.00 7.40 21.40 1.19 4.00 0.00
3987 1961 284 10110.00 9.30 20.90 1.21 4.50 0.00
3987 1961 285 10700.00 8.80 18.00 1.04 2.80 0.00
3987 1961 286 10090.00 5.30 15.90 0.93 2.60 0.00
3987 1961 287 3950.00 5.70 12.20 1.07 3.30 0.00
3987 1961 288 2580.00 7.20 11.70 1.07 2.70 0.00
3987 1961 289 7320.00 2.10 14.70 0.99 4.40 0.20
3987 1961 290 2160.00 7.70 11.30 1.07 5.60 4.10
3987 1961 291 4880.00 7.00 10.90 0.87 4.90 0.00
3987 1961 292 8940.00 4.40 13.10 0.75 5.30 0.00
3987 1961 293 7740.00 3.20 13.70 0.88 4.30 0.00
3987 1961 294 560.00 7.20 9.10 1.07 3.20 18.20
3987 1961 295 8220.00 5.60 12.90 0.95 4.30 0.00
3987 1961 296 8490.00 3.30 16.40 0.99 5.20 1.70
3987 1961 297 7280.00 4.30 15.80 1.16 5.00 1.60
3987 1961 298 3060.00 9.80 16.10 1.32 6.10 4.40
3987 1961 299 3250.00 9.90 15.40 1.40 4.30 2.00
3987 1961 300 5240.00 8.00 17.90 1.28 4.10 1.00
3987 1961 301 5170.00 7.60 14.20 1.04 4.50 0.00
3987 1961 302 6320.00 6.60 14.80 1.01 3.40 0.00
3987 1961 303 6660.00 5.40 13.60 0.96 3.50 0.00
3987 1961 304 4320.00 5.40 11.90 0.89 6.80 3.00
3987 1961 305 810.00 7.30 10.70 1.07 6.20 1.90
3987 1961 306 4110.00 5.50 12.80 1.08 5.30 0.90
3987 1961 307 3120.00 5.00 10.60 0.85 7.10 1.50
3987 1961 308 2410.00 0.60 5.70 0.64 5.00 0.10
3987 1961 309 2080.00 -0.10 4.10 0.69 3.10 0.00
3987 1961 310 3120.00 -0.40 7.40 0.76 3.40 4.30
3987 1961 311 520.00 5.60 9.40 1.07 3.60 2.00
3987 1961 312 3450.00 1.80 7.60 0.72 4.20 0.10
3987 1961 313 2410.00 4.10 9.50 0.91 4.40 4.80
3987 1961 314 1820.00 4.20 8.40 0.91 3.40 1.40
3987 1961 315 1520.00 2.80 7.00 0.88 3.20 1.70
3987 1961 316 850.00 5.70 9.20 0.96 6.20 0.00
3987 1961 317 280.00 2.20 7.50 0.75 9.00 24.70
3987 1961 318 400.00 0.90 3.40 0.69 4.00 1.30
3987 1961 319 480.00 0.30 2.80 0.60 2.10 0.00
3987 1961 320 2530.00 -1.60 3.40 0.64 4.00 1.80
3987 1961 321 1030.00 2.60 7.10 0.80 6.00 0.20
3987 1961 322 2070.00 1.00 6.90 0.71 5.60 0.00
3987 1961 323 5570.00 -2.30 6.20 0.56 3.10 0.10
3987 1961 324 4930.00 -2.90 5.20 0.56 2.70 0.00
3987 1961 325 5370.00 -5.70 2.80 0.47 3.70 0.20
3987 1961 326 5160.00 -5.60 4.70 0.47 4.90 0.20
3987 1961 327 4330.00 -5.00 4.90 0.49 4.50 0.10
3987 1961 328 560.00 0.30 4.60 0.79 2.10 9.70
3987 1961 329 1280.00 2.00 4.40 0.80 2.20 0.20
3987 1961 330 1570.00 1.70 4.20 0.76 3.90 0.00
3987 1961 331 830.00 1.80 4.10 0.76 2.80 8.50
3987 1961 332 1070.00 2.40 4.50 0.79 2.80 3.80
3987 1961 333 1780.00 1.60 6.10 0.75 5.10 0.10
3987 1961 334 780.00 2.50 7.90 0.80 8.80 6.30
3987 1961 335 820.00 3.90 9.10 0.91 6.60 21.60
3987 1961 336 1910.00 4.00 12.10 0.83 9.60 0.20
3987 1961 337 3860.00 -1.00 5.50 0.60 6.00 1.90
3987 1961 338 1710.00 1.50 5.20 0.77 3.20 8.30
3987 1961 339 2110.00 5.00 15.30 1.01 9.10 0.00
3987 1961 340 2530.00 0.30 9.90 0.53 7.30 0.00
3987 1961 341 1360.00 -2.70 1.50 0.56 4.30 0.00
3987 1961 342 720.00 -2.60 2.20 0.56 4.40 0.00
3987 1961 343 1574.31 -4.10 1.80 0.47 4.60 0.30
3987 1961 344 870.00 1.00 5.30 0.73 3.60 4.10
3987 1961 345 820.00 3.90 11.70 1.11 7.40 11.70
3987 1961 346 730.00 3.10 9.20 0.93 5.10 5.40
3987 1961 347 3400.00 -3.90 3.60 0.41 5.70 0.00
3987 1961 348 3360.00 -8.50 -2.20 0.28 5.80 0.00
3987 1961 349 3360.00 -9.40 0.00 0.35 4.80 0.00
3987 1961 350 3820.00 -13.40 -1.30 0.23 4.20 0.00
3987 1961 351 3280.00 -16.20 -8.70 0.21 3.30 0.00
3987 1961 352 2740.00 -14.10 -6.80 0.25 2.50 0.00
3987 1961 353 520.00 -11.30 -2.00 0.33 4.20 0.00
3987 1961 354 360.00 -2.30 2.50 0.65 6.60 0.30
3987 1961 355 3320.00 -1.40 3.00 0.57 4.60 2.80
3987 1961 356 700.00 -5.60 0.40 0.49 4.10 2.50
3987 1961 357 3570.00 -12.50 -4.70 0.29 2.10 0.30
3987 1961 358 1000.00 -10.10 -6.60 0.31 1.20 0.00
3987 1961 359 2910.00 -16.80 -9.80 0.20 2.10 0.10
3987 1961 360 2960.00 -19.50 -10.70 0.19 3.10 0.00
3987 1961 361 1150.00 -16.60 -7.80 0.25 2.60 0.00
3987 1961 362 990.00 -14.50 -7.50 0.25 2.10 0.00
3987 1961 363 2780.00 -7.80 0.40 0.52 3.10 0.10
3987 1961 364 2820.00 -3.20 3.50 0.55 5.80 0.00
3987 1961 365 1700.00 1.50 4.70 0.68 6.10 0.30
