*---------------------------------------------------------------------------*
* Station name: Potsdam Saekularstation
* Year: 1963
* Author: Pedro Alencar                                   -999.000: NIL VALUE
* Source: DWD
* Comments: Gaps filled with interpolation and storical means
* Longitude: 13.0622, latitude: 52.3812, altitude: 82.0 m.
*
    * Column  Daily value
    * 1       station number
    * 2       year
    * 3       day
    * 4       irradiation                   (kJ m-2 d-1)
    * 5       minimum temperature           (degrees Celsius
    * 6       maximum temperature           (degrees Celsius)
    * 7       early morning vapour pressure (kPa)
    * 8       mean wind speed (height: 2 m) (m s-1)
    * 9       precipitation                 (mm d-1)
    *
** WCCDESCRIPTION=Potsdam, Germany
** WCCFORMAT=2
** WCCYEARNR=1963
*---------------------------------------------------------------------------*
   13.0622 52.3812 82.0 -0.18 -0.55
3987 1963 1 3350.00 -14.80 -9.40 0.17 6.50 0.00
3987 1963 2 3240.00 -15.30 -9.00 0.20 6.40 0.00
3987 1963 3 1820.00 -10.00 -6.30 0.29 7.80 0.20
3987 1963 4 1170.00 -7.20 0.40 0.47 5.30 2.20
3987 1963 5 2440.00 -1.10 3.30 0.59 4.40 0.00
3987 1963 6 280.00 -4.90 0.00 0.49 3.80 0.20
3987 1963 7 3030.00 -7.80 0.30 0.36 4.00 0.10
3987 1963 8 3030.00 -12.90 -5.30 0.27 3.30 0.00
3987 1963 9 3070.00 -14.20 -7.80 0.25 2.50 0.00
3987 1963 10 3160.00 -17.50 -10.10 0.20 1.30 0.20
3987 1963 11 2500.00 -17.90 -8.40 0.23 1.30 0.30
3987 1963 12 2610.00 -16.80 -8.70 0.21 1.30 0.20
3987 1963 13 2630.00 -15.60 -9.60 0.23 3.60 3.60
3987 1963 14 4120.00 -11.80 -3.70 0.29 8.20 1.50
3987 1963 15 4750.00 -13.40 -8.00 0.21 8.30 0.00
3987 1963 16 4340.00 -14.40 -3.50 0.29 3.80 0.10
3987 1963 17 5170.00 -13.60 -6.50 0.25 3.60 0.90
3987 1963 18 4190.00 -14.60 -8.80 0.23 4.30 0.60
3987 1963 19 5130.00 -19.00 -10.10 0.13 6.00 0.00
3987 1963 20 2440.00 -19.40 -4.60 0.24 3.80 0.00
3987 1963 21 4850.00 -15.00 -4.40 0.29 3.50 0.20
3987 1963 22 2280.00 -14.70 -6.40 0.29 3.30 0.10
3987 1963 23 2610.00 -9.50 -1.90 0.41 4.70 0.20
3987 1963 24 770.00 -2.80 -0.30 0.49 6.50 6.00
3987 1963 25 780.00 -1.70 0.60 0.60 4.00 0.30
3987 1963 26 1360.00 -3.30 0.20 0.52 7.20 4.70
3987 1963 27 3190.00 -3.70 0.00 0.44 3.50 0.30
3987 1963 28 2980.00 -6.00 -0.30 0.44 2.40 0.10
3987 1963 29 4610.00 -12.60 -3.10 0.25 2.40 0.20
3987 1963 30 5280.00 -18.50 -9.80 0.16 3.20 0.00
3987 1963 31 5570.00 -20.90 -11.90 0.17 1.60 0.50
3987 1963 32 4950.00 -12.30 -5.30 0.27 1.80 0.80
3987 1963 33 2240.00 -15.00 -5.20 0.28 2.90 1.30
3987 1963 34 4230.00 -15.80 -8.30 0.25 2.70 0.60
3987 1963 35 3570.00 -11.50 -6.00 0.31 3.80 0.80
3987 1963 36 5280.00 -9.30 -2.30 0.31 2.90 0.00
3987 1963 37 3410.00 -12.80 -4.10 0.28 2.80 0.00
3987 1963 38 4280.00 -12.80 -4.10 0.35 2.80 0.00
3987 1963 39 5860.00 -8.60 -1.60 0.36 4.30 0.00
3987 1963 40 3660.00 -7.80 -3.90 0.35 4.80 0.00
3987 1963 41 3490.00 -6.30 -2.60 0.43 6.40 0.00
3987 1963 42 1660.00 -3.60 -0.40 0.51 5.30 0.00
3987 1963 43 1320.00 -1.90 -0.30 0.52 4.10 0.10
3987 1963 44 1910.00 -2.50 -0.60 0.51 1.70 2.30
3987 1963 45 1960.00 -3.70 -1.20 0.47 3.60 0.60
3987 1963 46 7240.00 -7.70 -2.10 0.41 3.10 0.10
3987 1963 47 3030.00 -4.70 1.50 0.48 3.70 0.70
3987 1963 48 1370.00 -2.50 0.10 0.53 1.60 4.30
3987 1963 49 2200.00 -2.50 -0.20 0.51 2.10 0.40
3987 1963 50 2950.00 -5.10 -1.80 0.40 2.70 0.00
3987 1963 51 3060.00 -6.50 -2.90 0.36 2.60 0.20
3987 1963 52 7890.00 -6.40 -1.40 0.37 2.50 0.10
3987 1963 53 9990.00 -16.20 -4.40 0.23 1.40 0.00
3987 1963 54 10210.00 -14.70 -2.70 0.27 1.80 0.00
3987 1963 55 7200.00 -14.70 -2.50 0.28 1.90 0.00
3987 1963 56 6660.00 -11.70 -0.50 0.37 4.60 0.00
3987 1963 57 3360.00 -5.20 1.80 0.47 3.00 0.10
3987 1963 58 10970.00 -16.00 -0.90 0.17 3.70 0.00
3987 1963 59 11650.00 -13.70 3.20 0.15 2.40 0.00
3987 1963 60 11500.00 -12.50 3.00 0.25 1.70 0.00
3987 1963 61 11570.00 -9.40 3.60 0.31 2.00 0.00
3987 1963 62 10520.00 -8.70 4.40 0.36 5.20 0.00
3987 1963 63 10780.00 -6.20 5.00 0.33 4.00 0.00
3987 1963 64 12630.00 -9.40 8.70 0.33 3.30 0.00
3987 1963 65 7450.00 -0.20 10.20 0.61 5.50 0.00
3987 1963 66 7800.00 3.30 11.10 0.67 6.20 0.00
3987 1963 67 9140.00 3.90 12.30 0.87 5.60 1.60
3987 1963 68 4820.00 4.10 9.60 0.80 4.80 1.60
3987 1963 69 5650.00 0.10 9.00 0.68 4.90 0.80
3987 1963 70 7880.00 3.10 11.30 0.75 4.40 0.40
3987 1963 71 10470.00 2.30 12.90 0.69 6.60 3.20
3987 1963 72 1230.00 -0.70 5.60 0.61 6.00 5.20
3987 1963 73 13360.00 -3.50 2.20 0.36 4.10 0.00
3987 1963 74 8520.00 -6.20 2.10 0.29 7.10 0.00
3987 1963 75 8190.00 -2.50 7.30 0.48 5.90 1.30
3987 1963 76 2830.00 0.40 4.20 0.71 2.90 4.60
3987 1963 77 3200.00 2.00 5.10 0.73 3.60 0.00
3987 1963 78 10210.00 -0.10 10.20 0.67 4.20 0.00
3987 1963 79 10270.00 0.60 10.30 0.59 5.10 0.00
3987 1963 80 10150.00 -3.30 2.70 0.45 4.10 0.00
3987 1963 81 15240.00 -4.10 4.60 0.31 4.70 0.00
3987 1963 82 15250.00 -7.10 5.90 0.32 3.30 0.00
3987 1963 83 6320.00 -3.20 4.40 0.53 5.20 0.00
3987 1963 84 12820.00 -2.30 13.40 0.59 7.00 0.20
3987 1963 85 5990.00 4.40 10.60 0.75 5.30 6.00
3987 1963 86 10950.00 2.50 10.20 0.72 3.10 0.00
3987 1963 87 10530.00 -1.30 10.70 0.61 4.00 0.00
3987 1963 88 10520.00 1.60 11.10 0.61 5.50 0.00
3987 1963 89 11780.00 -0.40 10.70 0.63 6.70 0.00
3987 1963 90 11360.00 1.50 11.30 0.63 6.30 0.00
3987 1963 91 3940.00 2.20 5.80 0.60 3.30 0.00
3987 1963 92 5500.00 0.60 4.30 0.55 1.90 0.00
3987 1963 93 18800.00 -2.50 9.00 0.49 3.50 0.00
3987 1963 94 14980.00 -2.30 12.60 0.55 3.60 0.00
3987 1963 95 15810.00 -1.40 14.30 0.63 4.00 0.00
3987 1963 96 17910.00 1.00 14.90 0.61 6.80 0.00
3987 1963 97 19750.00 1.70 14.60 0.59 7.10 0.00
3987 1963 98 21970.00 -0.70 14.60 0.55 4.80 0.00
3987 1963 99 19760.00 -1.70 17.90 0.61 4.20 0.00
3987 1963 100 12560.00 3.50 20.30 0.92 5.80 0.00
3987 1963 101 2980.00 8.50 14.20 1.16 4.50 21.80
3987 1963 102 15600.00 7.60 19.00 0.95 4.30 0.20
3987 1963 103 18990.00 1.50 10.40 0.57 3.30 0.00
3987 1963 104 15880.00 -0.50 13.20 0.60 4.00 0.00
3987 1963 105 12030.00 3.20 14.50 0.72 5.30 0.00
3987 1963 106 6610.00 8.40 12.60 1.04 2.80 1.20
3987 1963 107 19300.00 8.00 19.80 0.93 3.90 0.60
3987 1963 108 10480.00 9.50 18.70 1.20 2.80 3.60
3987 1963 109 5210.00 9.40 12.00 1.19 3.50 13.10
3987 1963 110 4330.00 7.60 10.00 1.04 2.10 1.70
3987 1963 111 11340.00 8.20 17.80 1.23 2.60 17.00
3987 1963 112 12750.00 9.90 16.70 1.20 3.10 0.90
3987 1963 113 7570.00 6.10 12.40 0.93 2.40 0.00
3987 1963 114 5780.00 6.10 10.20 0.95 2.40 0.00
3987 1963 115 3230.00 3.40 7.30 0.72 3.20 0.00
3987 1963 116 23620.00 2.40 13.40 0.53 3.70 0.00
3987 1963 117 24170.00 1.00 16.80 0.60 2.80 0.00
3987 1963 118 9840.00 7.20 15.70 0.84 2.90 0.80
3987 1963 119 8630.00 8.20 16.30 1.15 2.40 9.30
3987 1963 120 11220.00 7.80 14.50 0.92 6.30 0.20
3987 1963 121 12210.00 4.10 15.80 0.93 4.20 0.30
3987 1963 122 8250.00 7.50 12.40 1.00 4.80 3.10
3987 1963 123 16150.00 3.80 13.20 0.81 2.90 0.00
3987 1963 124 6000.00 3.60 8.90 0.85 3.60 5.30
3987 1963 125 12640.00 4.10 14.00 0.91 3.50 0.00
3987 1963 126 14600.00 4.90 16.90 0.89 4.10 0.00
3987 1963 127 20520.00 4.50 17.90 0.81 2.80 0.00
3987 1963 128 25510.00 5.90 21.80 0.97 4.20 0.00
3987 1963 129 25130.00 7.90 23.30 1.17 4.00 2.60
3987 1963 130 5230.00 9.30 15.50 1.25 2.80 1.40
3987 1963 131 23760.00 9.70 20.00 1.00 4.30 0.00
3987 1963 132 11890.00 9.30 15.10 0.99 2.90 0.00
3987 1963 133 24460.00 5.60 21.70 1.09 3.80 0.00
3987 1963 134 15800.00 10.30 17.80 1.04 4.40 0.00
3987 1963 135 15180.00 7.10 18.10 1.09 2.50 0.20
3987 1963 136 18620.00 11.10 20.20 1.05 3.70 0.00
3987 1963 137 11270.00 8.80 16.30 1.13 2.80 0.00
3987 1963 138 24670.00 8.10 16.90 0.85 4.30 0.00
3987 1963 139 20270.00 7.30 15.80 0.87 5.80 0.00
3987 1963 140 19090.00 3.90 14.20 0.80 3.00 0.80
3987 1963 141 27190.00 3.30 19.80 0.76 4.60 0.00
3987 1963 142 27780.00 6.30 24.20 0.95 4.30 0.00
3987 1963 143 26070.00 11.30 27.20 1.43 4.10 0.00
3987 1963 144 15620.00 13.80 27.40 1.69 3.70 7.60
3987 1963 145 4700.00 11.70 16.20 1.45 4.40 6.10
3987 1963 146 13810.00 11.70 20.30 1.60 3.70 2.70
3987 1963 147 10530.00 13.50 21.10 1.75 2.50 0.00
3987 1963 148 15230.00 14.20 25.30 1.73 2.40 18.80
3987 1963 149 30220.00 11.60 24.30 1.07 5.30 0.00
3987 1963 150 28930.00 10.30 25.70 1.07 3.80 0.00
3987 1963 151 29810.00 11.20 24.90 1.28 4.50 0.00
3987 1963 152 26210.00 9.90 21.30 1.03 5.30 0.00
3987 1963 153 21060.00 6.60 17.20 0.83 4.10 0.00
3987 1963 154 30140.00 5.70 23.80 0.93 2.20 0.00
3987 1963 155 25350.00 9.90 25.30 1.17 2.70 0.00
3987 1963 156 22160.00 11.10 26.40 1.32 5.20 0.00
3987 1963 157 23400.00 14.60 28.30 1.41 5.20 0.00
3987 1963 158 24820.00 15.80 29.30 1.47 4.80 0.00
3987 1963 159 21180.00 17.00 28.50 1.45 4.00 0.00
3987 1963 160 27320.00 10.00 28.20 1.36 3.30 0.00
3987 1963 161 9530.00 11.40 25.70 1.48 2.40 5.00
3987 1963 162 20940.00 13.70 25.60 1.37 2.20 0.50
3987 1963 163 28520.00 10.90 24.30 1.20 5.50 0.00
3987 1963 164 23410.00 10.50 26.00 1.31 2.20 0.00
3987 1963 165 12850.00 14.60 26.40 1.55 3.10 6.30
3987 1963 166 16930.00 13.50 22.30 1.35 3.90 0.00
3987 1963 167 13170.00 10.50 20.10 1.43 4.70 0.10
3987 1963 168 17350.00 11.20 20.40 1.48 3.50 0.00
3987 1963 169 15890.00 13.90 24.50 1.59 4.10 4.40
3987 1963 170 14710.00 9.40 18.40 1.12 6.70 1.60
3987 1963 171 11290.00 8.70 15.80 1.20 3.80 11.80
3987 1963 172 8120.00 12.30 19.30 1.57 4.40 1.30
3987 1963 173 10800.00 12.20 20.40 1.41 3.30 2.20
3987 1963 174 22130.00 10.90 21.80 1.39 3.70 0.00
3987 1963 175 25470.00 9.50 22.10 1.13 2.40 0.00
3987 1963 176 18720.00 12.30 25.00 1.35 3.50 0.20
3987 1963 177 22480.00 13.80 21.40 1.20 6.40 0.80
3987 1963 178 24080.00 10.30 25.80 1.35 3.30 0.00
3987 1963 179 17780.00 15.40 33.20 2.00 5.20 11.90
3987 1963 180 25390.00 11.90 24.10 1.28 3.50 0.00
3987 1963 181 24550.00 12.80 26.40 1.45 2.80 0.00
3987 1963 182 8020.00 16.50 22.40 1.67 2.20 0.00
3987 1963 183 24230.00 14.70 26.20 1.48 2.50 0.00
3987 1963 184 24660.00 13.10 27.50 1.45 2.70 0.00
3987 1963 185 26130.00 14.10 29.60 1.40 3.20 0.00
3987 1963 186 20790.00 14.50 28.40 1.67 2.90 0.00
3987 1963 187 19680.00 15.70 24.30 1.63 3.30 0.00
3987 1963 188 22690.00 15.80 28.30 1.49 6.20 5.90
3987 1963 189 12200.00 11.40 18.30 1.17 5.20 0.00
3987 1963 190 12770.00 9.10 20.20 1.21 4.00 0.00
3987 1963 191 21550.00 13.80 23.60 1.23 3.70 0.00
3987 1963 192 17510.00 12.80 20.80 1.36 4.00 0.00
3987 1963 193 13110.00 9.90 20.90 1.31 1.90 0.00
3987 1963 194 16810.00 13.50 25.60 1.45 3.40 1.70
3987 1963 195 19890.00 13.90 22.50 1.31 4.90 0.00
3987 1963 196 23030.00 10.60 27.30 1.31 2.90 0.00
3987 1963 197 21480.00 16.90 30.70 1.53 3.90 1.10
3987 1963 198 18260.00 16.70 25.40 1.68 2.30 1.30
3987 1963 199 18360.00 15.40 28.30 1.85 2.80 0.00
3987 1963 200 6780.00 16.30 21.30 1.93 2.30 4.20
3987 1963 201 19190.00 16.50 26.20 1.85 3.70 0.00
3987 1963 202 29900.00 9.50 25.00 1.25 2.70 0.00
3987 1963 203 29120.00 11.30 28.90 1.09 3.70 0.00
3987 1963 204 25070.00 14.30 33.40 1.28 3.30 0.00
3987 1963 205 22800.00 18.50 34.00 1.77 4.00 0.00
3987 1963 206 17840.00 20.00 33.30 2.16 3.10 19.50
3987 1963 207 15120.00 12.70 24.40 1.32 5.00 0.30
3987 1963 208 18060.00 8.30 20.40 1.11 2.60 0.00
3987 1963 209 22640.00 9.20 23.10 1.16 2.00 0.00
3987 1963 210 27050.00 10.50 25.20 1.23 2.70 0.00
3987 1963 211 18550.00 10.70 24.20 1.24 2.60 0.00
3987 1963 212 24800.00 11.70 26.00 1.41 3.20 0.10
3987 1963 213 19880.00 14.20 27.50 1.39 2.60 0.00
3987 1963 214 22850.00 15.50 34.30 1.64 2.60 0.00
3987 1963 215 22790.00 19.40 35.90 1.72 3.80 0.00
3987 1963 216 20920.00 19.10 34.60 2.07 5.50 1.70
3987 1963 217 21640.00 15.10 28.20 1.49 3.60 0.00
3987 1963 218 22210.00 16.90 31.90 1.75 3.60 0.00
3987 1963 219 15650.00 18.20 30.60 2.08 3.60 7.70
3987 1963 220 6560.00 15.00 18.70 1.71 4.00 2.10
3987 1963 221 6360.00 13.60 17.60 1.53 3.80 5.20
3987 1963 222 13520.00 11.30 19.80 1.16 5.20 6.00
3987 1963 223 11680.00 13.10 21.40 1.56 6.00 0.20
3987 1963 224 20840.00 13.00 22.90 1.32 3.90 0.00
3987 1963 225 15320.00 12.20 21.30 1.45 4.30 0.00
3987 1963 226 20150.00 10.90 24.40 1.31 2.90 0.00
3987 1963 227 6640.00 12.80 18.80 1.65 4.20 5.50
3987 1963 228 19190.00 11.10 21.80 1.20 4.70 0.00
3987 1963 229 19440.00 12.90 26.20 1.19 3.60 0.50
3987 1963 230 7180.00 11.00 19.40 1.33 4.60 3.30
3987 1963 231 6050.00 9.90 15.20 1.28 6.50 13.80
3987 1963 232 9990.00 11.70 19.60 1.39 6.20 1.80
3987 1963 233 13660.00 10.50 18.70 1.19 5.10 1.80
3987 1963 234 5440.00 8.00 16.50 1.25 4.80 0.00
3987 1963 235 14890.00 9.30 21.40 1.48 3.00 0.00
3987 1963 236 18980.00 11.50 20.70 1.37 5.30 6.00
3987 1963 237 16110.00 12.50 20.30 1.33 6.90 2.20
3987 1963 238 12450.00 12.40 25.10 1.76 4.80 1.40
3987 1963 239 10850.00 11.40 21.10 1.55 2.80 3.30
3987 1963 240 11880.00 10.10 19.80 1.35 2.40 3.90
3987 1963 241 10390.00 11.40 17.90 1.31 2.40 4.80
3987 1963 242 11650.00 8.20 18.50 1.28 1.90 0.00
3987 1963 243 9930.00 11.50 19.40 1.44 2.20 0.60
3987 1963 244 14060.00 13.30 23.90 1.55 2.70 0.10
3987 1963 245 14160.00 12.40 25.00 1.59 3.50 0.00
3987 1963 246 17600.00 12.00 23.80 1.28 4.00 0.00
3987 1963 247 17980.00 9.00 22.00 1.23 3.60 0.00
3987 1963 248 4460.00 11.80 16.70 1.47 2.10 0.60
3987 1963 249 12200.00 9.20 19.50 1.28 2.30 0.00
3987 1963 250 6740.00 10.50 16.10 1.25 3.40 0.00
3987 1963 251 13840.00 7.40 19.70 1.13 2.00 0.00
3987 1963 252 11690.00 9.40 21.40 1.25 2.80 0.00
3987 1963 253 17980.00 8.00 20.80 1.05 2.80 0.00
3987 1963 254 14780.00 8.20 20.20 1.07 3.20 0.00
3987 1963 255 15620.00 8.10 22.40 1.19 3.60 0.00
3987 1963 256 11860.00 13.00 22.90 1.39 2.20 0.00
3987 1963 257 14750.00 10.60 25.00 1.35 2.60 0.00
3987 1963 258 12730.00 9.50 20.20 1.28 1.70 0.00
3987 1963 259 15780.00 8.90 25.80 1.37 2.80 0.00
3987 1963 260 12480.00 11.50 26.60 1.55 2.70 0.00
3987 1963 261 12490.00 14.30 26.90 1.75 2.40 0.00
3987 1963 262 12920.00 13.10 21.50 1.45 4.20 0.00
3987 1963 263 4690.00 12.00 17.30 1.27 5.90 2.00
3987 1963 264 11640.00 10.50 24.40 1.51 3.40 2.30
3987 1963 265 8620.00 12.00 20.90 1.61 1.80 0.20
3987 1963 266 6860.00 14.40 20.60 1.63 1.90 0.00
3987 1963 267 7643.45 13.30 25.20 1.72 3.80 8.10
3987 1963 268 4480.00 8.90 17.10 1.33 5.70 4.40
3987 1963 269 8870.00 6.10 13.20 1.04 6.10 2.70
3987 1963 270 7390.00 7.30 15.40 1.11 7.70 3.90
3987 1963 271 9040.00 6.20 11.80 0.89 7.90 1.00
3987 1963 272 5910.00 4.70 11.50 1.07 7.00 6.80
3987 1963 273 5850.00 9.20 14.80 1.13 7.90 0.70
3987 1963 274 7000.00 7.60 13.80 1.04 6.00 0.20
3987 1963 275 4610.00 8.70 14.30 1.07 4.90 0.40
3987 1963 276 10190.00 6.30 14.70 0.84 5.80 0.00
3987 1963 277 4130.00 7.90 13.10 1.11 4.90 1.10
3987 1963 278 9990.00 5.60 13.70 0.88 5.40 4.90
3987 1963 279 4400.00 4.70 11.00 0.95 4.80 2.80
3987 1963 280 8910.00 3.10 14.40 0.88 2.90 0.00
3987 1963 281 9790.00 2.40 14.80 0.91 2.30 0.00
3987 1963 282 2000.00 6.50 10.80 1.07 3.80 1.60
3987 1963 283 2590.00 4.60 9.90 1.05 4.90 0.10
3987 1963 284 3650.00 8.50 13.60 1.16 6.40 0.00
3987 1963 285 2860.00 8.80 14.20 1.12 7.30 0.00
3987 1963 286 10400.00 6.90 22.10 1.04 7.90 0.50
3987 1963 287 4000.00 7.20 11.30 0.91 11.20 0.80
3987 1963 288 7040.00 4.80 11.70 0.83 5.20 0.00
3987 1963 289 8450.00 1.30 12.80 0.75 4.40 0.00
3987 1963 290 7730.00 4.80 16.30 1.00 4.60 0.00
3987 1963 291 8150.00 8.80 15.80 1.04 4.50 0.00
3987 1963 292 3570.00 8.80 14.60 1.17 2.90 0.00
3987 1963 293 8480.00 3.60 18.10 1.07 4.60 0.00
3987 1963 294 3710.00 9.60 17.10 1.25 3.30 0.00
3987 1963 295 3400.00 6.60 15.50 1.17 7.30 0.90
3987 1963 296 3660.00 5.80 11.20 1.01 4.00 0.00
3987 1963 297 3820.00 7.60 12.40 1.04 2.80 0.00
3987 1963 298 7740.00 5.60 12.40 0.95 3.80 0.00
3987 1963 299 6320.00 3.80 11.90 0.89 2.60 0.00
3987 1963 300 3210.00 3.70 10.50 0.84 2.10 0.00
3987 1963 301 3070.00 3.80 10.20 0.77 2.70 0.00
3987 1963 302 6310.00 -1.90 9.90 0.72 2.20 0.00
3987 1963 303 6240.00 -1.10 9.60 0.72 4.60 0.00
3987 1963 304 6740.00 1.10 11.20 0.79 6.00 0.00
3987 1963 305 5020.00 3.80 14.30 0.93 4.90 0.40
3987 1963 306 5810.00 1.90 13.20 0.85 3.30 0.00
3987 1963 307 2530.00 2.50 9.80 0.95 3.60 0.90
3987 1963 308 3370.00 6.10 12.70 1.04 2.20 0.00
3987 1963 309 1360.00 6.40 9.00 1.03 5.80 0.00
3987 1963 310 1170.00 8.10 11.20 1.19 5.20 0.70
3987 1963 311 3040.00 6.50 12.60 1.07 4.50 0.10
3987 1963 312 2700.00 6.50 11.20 1.01 7.30 8.10
3987 1963 313 5520.00 6.00 12.80 0.91 6.00 0.00
3987 1963 314 2490.00 5.80 12.00 1.01 4.00 9.90
3987 1963 315 2740.00 9.30 14.60 1.25 5.50 20.20
3987 1963 316 2420.00 8.10 13.20 1.11 6.50 0.10
3987 1963 317 5370.00 4.20 11.90 0.83 6.50 3.00
3987 1963 318 3770.00 1.30 7.50 0.68 6.90 0.00
3987 1963 319 2130.00 -2.00 10.40 0.83 6.20 6.20
3987 1963 320 1570.00 6.20 13.60 0.84 6.50 0.10
3987 1963 321 3690.00 4.30 8.70 0.79 6.00 2.90
3987 1963 322 4000.00 3.90 13.40 1.00 8.90 2.60
3987 1963 323 780.00 10.60 14.70 1.17 9.30 6.40
3987 1963 324 1830.00 3.80 14.80 0.93 9.00 0.10
3987 1963 325 4820.00 1.90 7.70 0.61 9.30 3.70
3987 1963 326 2420.00 0.90 10.40 0.87 11.30 2.80
3987 1963 327 2960.00 2.80 7.80 0.80 6.80 0.00
3987 1963 328 3570.00 4.20 11.30 0.93 5.00 0.00
3987 1963 329 2690.00 2.90 11.50 0.93 4.80 1.90
3987 1963 330 1280.00 4.90 8.80 0.88 2.70 9.10
3987 1963 331 980.00 4.40 6.20 0.88 2.20 0.30
3987 1963 332 910.00 3.40 7.00 0.89 1.90 0.20
3987 1963 333 690.00 2.30 6.90 0.84 3.50 0.20
3987 1963 334 2310.00 1.20 5.80 0.76 4.40 0.00
3987 1963 335 1870.00 -1.00 5.70 0.61 4.00 0.00
3987 1963 336 3950.00 -3.20 4.60 0.51 4.80 0.00
3987 1963 337 3790.00 -5.60 2.40 0.45 5.10 0.00
3987 1963 338 3200.00 -5.70 0.40 0.48 3.20 0.00
3987 1963 339 1160.00 -5.50 1.10 0.59 2.10 0.10
3987 1963 340 1870.00 -1.10 2.30 0.61 1.30 0.00
3987 1963 341 1110.00 -1.00 0.70 0.56 3.00 0.00
3987 1963 342 1080.00 -2.80 0.60 0.53 1.80 0.00
3987 1963 343 1494.00 -5.70 -2.30 0.44 1.80 0.00
3987 1963 344 1660.00 -9.10 -5.00 0.36 2.60 0.00
3987 1963 345 950.00 -6.70 -3.60 0.41 1.30 0.70
3987 1963 346 1740.00 -4.60 -0.40 0.51 3.20 0.80
3987 1963 347 1990.00 -7.20 -0.70 0.33 6.00 1.50
3987 1963 348 2570.00 -12.00 -6.40 0.27 2.50 0.70
3987 1963 349 1200.00 -13.00 -1.30 0.39 3.20 1.10
3987 1963 350 2780.00 -10.40 -4.90 0.32 2.00 0.00
3987 1963 351 1610.00 -10.40 -5.10 0.35 2.80 2.30
3987 1963 352 1300.00 -7.00 -3.50 0.40 3.50 0.40
3987 1963 353 870.00 -6.50 -2.10 0.41 5.10 0.00
3987 1963 354 1870.00 -8.40 -1.80 0.43 3.90 0.00
3987 1963 355 1160.00 -5.80 -2.80 0.40 2.20 0.10
3987 1963 356 1360.00 -9.70 -2.80 0.32 1.30 0.00
3987 1963 357 1320.00 -11.70 -7.80 0.28 1.20 0.00
3987 1963 358 3860.00 -13.20 -5.90 0.27 5.00 0.00
3987 1963 359 2990.00 -9.30 -1.80 0.32 5.50 0.00
3987 1963 360 920.00 -5.40 3.20 0.61 4.70 3.40
3987 1963 361 1580.00 1.30 3.40 0.67 5.80 0.00
3987 1963 362 1420.00 -2.50 2.20 0.63 3.80 0.00
3987 1963 363 2650.00 -2.00 2.70 0.57 3.70 0.00
3987 1963 364 610.00 -0.80 3.50 0.65 5.60 0.00
3987 1963 365 3240.00 -2.80 3.60 0.49 4.30 0.00
