*---------------------------------------------------------------------------*
* Station name: Potsdam Saekularstation
* Year: 1951
* Author: Pedro Alencar                                   -999.000: NIL VALUE
* Source: DWD
* Comments: Gaps filled with interpolation and storical means
* Longitude: 13.0622, latitude: 52.3812, altitude: 82.0 m.
*
    * Column  Daily value
    * 1       station number
    * 2       year
    * 3       day
    * 4       irradiation                   (kJ m-2 d-1)
    * 5       minimum temperature           (degrees Celsius
    * 6       maximum temperature           (degrees Celsius)
    * 7       early morning vapour pressure (kPa)
    * 8       mean wind speed (height: 2 m) (m s-1)
    * 9       precipitation                 (mm d-1)
    *
** WCCDESCRIPTION=Potsdam, Germany
** WCCFORMAT=2
** WCCYEARNR=1951
*---------------------------------------------------------------------------*
   13.0622 52.3812 82.0 -0.18 -0.55
3987 1951 1 2970.00 -12.60 -1.50 0.37 5.20 1.50
3987 1951 2 2090.00 -5.10 -0.30 0.48 5.20 0.00
3987 1951 3 1420.00 -5.00 1.20 0.51 3.90 0.00
3987 1951 4 1990.00 -1.00 3.40 0.53 5.30 0.00
3987 1951 5 1580.00 -1.10 4.10 0.64 5.70 4.80
3987 1951 6 360.00 3.00 6.00 0.85 5.10 1.90
3987 1951 7 480.00 1.80 6.90 0.68 7.90 1.10
3987 1951 8 940.00 2.90 6.10 0.67 8.30 0.70
3987 1951 9 1340.00 2.00 5.60 0.65 7.90 5.20
3987 1951 10 3710.00 0.00 5.80 0.55 5.40 0.00
3987 1951 11 960.00 -0.60 7.30 0.68 7.60 0.00
3987 1951 12 2480.00 5.50 11.20 0.71 5.30 0.60
3987 1951 13 2250.00 0.60 5.60 0.67 4.40 0.00
3987 1951 14 3510.00 1.10 6.40 0.64 6.60 2.00
3987 1951 15 840.00 1.00 5.50 0.69 5.30 5.00
3987 1951 16 2320.00 -1.50 3.40 0.60 5.80 0.00
3987 1951 17 2240.00 -1.80 3.20 0.64 6.00 8.00
3987 1951 18 760.00 1.80 4.50 0.79 5.90 12.60
3987 1951 19 2080.00 2.30 4.50 0.72 7.40 14.60
3987 1951 20 1300.00 0.00 3.30 0.61 8.00 0.00
3987 1951 21 4610.00 -4.60 2.50 0.40 5.40 0.00
3987 1951 22 1960.00 -6.60 0.80 0.43 3.70 0.70
3987 1951 23 1000.00 0.50 3.60 0.72 1.60 0.90
3987 1951 24 680.00 -3.50 1.60 0.53 4.30 0.10
3987 1951 25 5100.00 -8.50 -2.40 0.24 7.40 0.00
3987 1951 26 760.00 -7.60 -4.90 0.35 4.90 1.60
3987 1951 27 2620.00 -5.10 1.90 0.55 4.90 0.00
3987 1951 28 1650.00 -3.40 0.40 0.43 6.10 0.00
3987 1951 29 2160.00 -2.20 3.20 0.56 4.00 0.00
3987 1951 30 5510.00 -4.90 -0.10 0.36 4.00 0.00
3987 1951 31 4200.00 -7.80 -2.00 0.33 4.20 0.00
3987 1951 32 2200.00 -4.40 -0.30 0.40 1.30 0.00
3987 1951 33 1690.00 -5.80 -1.40 0.40 4.10 0.00
3987 1951 34 4970.00 -10.30 -1.10 0.32 5.90 0.00
3987 1951 35 2700.00 -3.20 1.90 0.48 5.70 0.00
3987 1951 36 4300.00 -3.60 4.70 0.49 4.90 0.00
3987 1951 37 4600.00 0.00 7.30 0.65 4.00 0.00
3987 1951 38 5530.00 0.70 9.40 0.64 3.20 0.00
3987 1951 39 5850.00 0.90 9.10 0.61 5.20 0.00
3987 1951 40 6190.00 3.10 12.00 0.67 5.60 0.00
3987 1951 41 3860.00 1.10 8.50 0.69 3.80 0.00
3987 1951 42 5700.00 1.50 8.40 0.64 3.30 0.00
3987 1951 43 1570.00 -0.50 5.40 0.71 2.90 0.00
3987 1951 44 1320.00 0.40 3.70 0.67 4.10 0.20
3987 1951 45 640.00 0.00 1.20 0.60 2.70 6.80
3987 1951 46 2480.00 -0.20 2.30 0.64 1.90 0.00
3987 1951 47 840.00 -0.30 1.10 0.61 2.10 7.90
3987 1951 48 5500.00 -0.30 6.50 0.67 5.20 6.40
3987 1951 49 4730.00 1.10 6.30 0.59 7.60 4.20
3987 1951 50 6680.00 0.50 8.60 0.63 5.70 2.40
3987 1951 51 5700.00 0.90 7.30 0.61 5.30 1.40
3987 1951 52 3380.00 2.10 8.60 0.65 6.50 0.20
3987 1951 53 5040.00 -0.30 6.60 0.57 5.30 0.00
3987 1951 54 4660.00 -0.40 5.80 0.64 5.50 0.90
3987 1951 55 5960.00 0.90 6.60 0.56 3.50 0.00
3987 1951 56 6880.00 0.20 8.40 0.56 3.30 0.00
3987 1951 57 1590.00 -1.40 1.80 0.53 1.60 0.00
3987 1951 58 4560.00 -3.70 2.80 0.53 2.90 1.00
3987 1951 59 3170.00 -1.70 0.00 0.43 4.40 0.00
3987 1951 60 1990.00 -3.60 -0.10 0.49 4.60 6.70
3987 1951 61 7470.00 -5.10 2.00 0.48 3.70 0.00
3987 1951 62 11790.00 -5.50 1.40 0.32 4.90 0.00
3987 1951 63 12150.00 -9.30 3.20 0.31 3.00 0.00
3987 1951 64 10290.00 -9.40 -0.60 0.32 1.50 0.00
3987 1951 65 4360.00 -4.20 0.30 0.37 1.50 0.00
3987 1951 66 11360.00 -7.00 4.30 0.41 5.40 0.00
3987 1951 67 3980.00 -3.60 1.40 0.40 8.40 0.00
3987 1951 68 4200.00 -3.10 -0.10 0.39 7.60 0.00
3987 1951 69 3910.00 -3.90 -1.30 0.37 5.30 0.00
3987 1951 70 11250.00 -3.80 4.70 0.44 5.80 0.30
3987 1951 71 4330.00 -1.60 9.80 0.64 5.60 0.00
3987 1951 72 11670.00 1.00 13.60 0.64 5.60 0.00
3987 1951 73 7700.00 3.90 12.80 0.68 6.20 0.40
3987 1951 74 5460.00 3.40 8.70 0.71 8.40 0.20
3987 1951 75 11720.00 0.60 8.40 0.59 5.00 0.60
3987 1951 76 2490.00 1.90 10.60 0.92 4.90 6.80
3987 1951 77 5980.00 6.80 14.80 0.99 6.50 2.50
3987 1951 78 5570.00 1.30 10.20 0.73 6.40 15.20
3987 1951 79 11820.00 -2.40 5.70 0.53 6.30 1.70
3987 1951 80 16630.00 -3.20 5.70 0.36 6.10 0.00
3987 1951 81 8760.00 -3.40 7.10 0.53 6.90 13.30
3987 1951 82 1080.00 2.30 8.50 0.96 8.60 6.20
3987 1951 83 7810.00 2.60 9.20 0.63 7.60 1.60
3987 1951 84 6920.00 -1.30 4.70 0.53 2.30 0.00
3987 1951 85 10150.00 -2.60 5.90 0.56 5.90 1.70
3987 1951 86 5090.00 -0.60 8.40 0.68 6.50 8.20
3987 1951 87 14760.00 -1.00 6.70 0.49 8.30 0.90
3987 1951 88 11820.00 -1.70 6.10 0.51 3.40 0.10
3987 1951 89 15060.00 -3.00 10.20 0.47 4.10 0.00
3987 1951 90 12770.00 -1.40 10.00 0.69 3.60 0.00
3987 1951 91 12880.00 0.40 11.50 0.67 4.90 0.00
3987 1951 92 12770.00 4.40 14.70 0.68 4.90 0.00
3987 1951 93 11940.00 2.90 11.30 0.65 4.60 0.00
3987 1951 94 15340.00 0.20 14.00 0.59 5.20 0.60
3987 1951 95 17280.00 5.50 14.40 0.65 5.10 0.00
3987 1951 96 14860.00 4.50 12.00 0.64 3.30 0.00
3987 1951 97 14300.00 6.40 20.00 0.87 5.70 0.40
3987 1951 98 11400.00 7.30 14.00 0.63 5.50 0.00
3987 1951 99 17090.00 1.90 14.40 0.63 5.10 0.00
3987 1951 100 6890.00 5.30 10.00 0.71 8.00 8.10
3987 1951 101 5000.00 3.80 7.40 0.69 7.30 0.50
3987 1951 102 16070.00 -0.40 10.60 0.53 3.90 0.00
3987 1951 103 17720.00 1.10 15.60 0.57 7.00 0.00
3987 1951 104 14030.00 1.30 10.60 0.59 5.20 0.00
3987 1951 105 12320.00 -2.00 9.70 0.56 4.70 0.20
3987 1951 106 19420.00 1.00 17.50 0.47 6.10 0.00
3987 1951 107 18880.00 4.30 13.00 0.56 7.10 0.00
3987 1951 108 21770.00 0.50 13.70 0.53 3.60 0.00
3987 1951 109 7590.00 5.30 12.40 0.71 4.40 0.30
3987 1951 110 22800.00 -1.60 12.40 0.41 3.10 0.00
3987 1951 111 16270.00 2.90 9.70 0.56 3.90 0.00
3987 1951 112 24920.00 -2.30 13.40 0.39 2.40 0.00
3987 1951 113 23760.00 0.40 16.50 0.40 3.40 0.00
3987 1951 114 24930.00 2.10 19.70 0.37 3.90 0.00
3987 1951 115 24270.00 4.70 25.70 0.72 3.50 0.00
3987 1951 116 23690.00 9.70 27.70 0.87 4.70 0.00
3987 1951 117 14930.00 10.50 20.00 0.95 4.40 4.30
3987 1951 118 5460.00 5.80 12.50 0.92 2.40 6.80
3987 1951 119 4530.00 5.10 8.10 0.85 2.60 8.60
3987 1951 120 4440.00 5.00 9.10 0.93 2.60 9.70
3987 1951 121 22090.00 2.40 15.70 0.83 3.10 0.00
3987 1951 122 16360.00 7.20 17.10 0.96 5.00 0.00
3987 1951 123 13120.00 7.90 17.60 0.95 4.60 0.00
3987 1951 124 16310.00 9.40 18.80 0.88 5.00 0.00
3987 1951 125 8050.00 10.80 17.00 1.23 3.40 19.10
3987 1951 126 4900.00 7.70 11.20 1.04 2.80 1.30
3987 1951 127 21340.00 5.70 19.20 0.99 3.00 1.60
3987 1951 128 13040.00 10.10 17.50 1.17 4.90 0.00
3987 1951 129 8800.00 11.00 17.00 1.31 2.10 0.00
3987 1951 130 9650.00 7.90 13.20 0.85 6.10 0.00
3987 1951 131 17970.00 4.30 12.90 0.68 6.10 0.00
3987 1951 132 27500.00 1.20 17.50 0.65 2.50 0.00
3987 1951 133 23540.00 4.90 18.10 0.85 3.60 0.40
3987 1951 134 9980.00 7.20 12.20 0.89 3.40 0.00
3987 1951 135 10350.00 6.50 10.80 0.81 4.80 0.00
3987 1951 136 13370.00 6.20 12.10 0.75 3.00 1.50
3987 1951 137 12190.00 6.80 15.40 1.03 3.30 2.30
3987 1951 138 17410.00 8.70 19.70 0.97 4.20 0.40
3987 1951 139 14460.00 10.00 20.40 1.29 4.20 3.50
3987 1951 140 25190.00 11.00 24.40 1.29 4.00 0.00
3987 1951 141 21410.00 9.30 24.20 1.29 3.00 14.30
3987 1951 142 17190.00 9.80 19.20 1.20 3.00 4.60
3987 1951 143 17690.00 9.10 19.10 1.09 3.00 4.00
3987 1951 144 20670.00 7.80 19.30 1.11 2.40 0.00
3987 1951 145 25200.00 8.30 19.20 0.95 5.50 0.20
3987 1951 146 13300.00 6.90 15.20 0.81 7.30 1.50
3987 1951 147 18340.00 8.80 21.20 1.28 4.80 10.80
3987 1951 148 9720.00 11.80 16.40 1.16 6.50 0.00
3987 1951 149 5860.00 7.20 12.30 0.88 5.50 0.00
3987 1951 150 24870.00 5.10 15.00 0.67 3.70 0.00
3987 1951 151 30320.00 3.70 19.20 0.65 3.80 0.00
3987 1951 152 30480.00 7.20 22.30 0.81 3.70 0.00
3987 1951 153 24920.00 8.80 24.50 0.91 3.00 0.00
3987 1951 154 12710.00 12.90 21.20 1.39 3.00 0.20
3987 1951 155 22870.00 13.20 24.10 1.47 2.10 0.10
3987 1951 156 18600.00 12.20 23.50 1.52 2.00 11.90
3987 1951 157 28410.00 12.50 25.40 1.36 3.20 0.00
3987 1951 158 19830.00 9.30 20.20 1.23 4.10 0.00
3987 1951 159 27000.00 9.50 19.20 0.75 4.70 0.00
3987 1951 160 29430.00 6.80 19.40 0.71 3.70 0.00
3987 1951 161 11980.00 7.90 17.50 1.16 4.40 6.80
3987 1951 162 17200.00 9.40 19.20 1.15 4.50 0.00
3987 1951 163 26730.00 9.70 24.60 1.25 3.30 17.70
3987 1951 164 11830.00 13.50 19.60 1.43 4.90 0.10
3987 1951 165 24290.00 11.70 25.10 1.43 3.20 0.00
3987 1951 166 25100.00 14.80 29.40 1.68 3.50 1.70
3987 1951 167 11650.00 15.60 22.50 1.76 1.90 0.10
3987 1951 168 20190.00 14.50 28.40 1.71 3.80 11.20
3987 1951 169 23300.00 14.60 27.10 1.59 2.60 11.00
3987 1951 170 23070.00 12.10 20.70 1.20 4.50 1.10
3987 1951 171 26550.00 11.30 21.80 1.15 2.80 0.00
3987 1951 172 30350.00 10.20 23.70 1.05 4.20 0.00
3987 1951 173 23130.00 11.70 25.70 1.43 5.10 0.00
3987 1951 174 15920.00 17.70 26.40 1.89 4.00 0.00
3987 1951 175 19280.00 16.70 23.80 1.52 4.30 0.00
3987 1951 176 5820.00 12.70 17.60 1.51 2.20 25.30
3987 1951 177 18760.00 12.10 22.50 1.39 4.10 1.50
3987 1951 178 16430.00 9.20 18.50 1.16 5.70 1.20
3987 1951 179 15660.00 11.80 19.10 1.32 4.40 0.20
3987 1951 180 12340.00 11.90 15.40 1.09 4.40 0.00
3987 1951 181 17670.00 11.00 18.60 1.05 3.00 0.00
3987 1951 182 30390.00 8.80 24.10 1.08 1.90 0.00
3987 1951 183 26130.00 10.60 24.30 1.35 3.10 0.00
3987 1951 184 10990.00 15.50 21.40 1.65 4.80 6.30
3987 1951 185 12070.00 12.10 17.90 1.35 4.60 15.40
3987 1951 186 18060.00 9.20 18.00 0.97 6.60 0.00
3987 1951 187 18780.00 7.60 18.10 1.09 4.20 0.40
3987 1951 188 16960.00 15.40 25.70 1.59 4.50 0.00
3987 1951 189 20630.00 14.90 28.20 1.88 1.90 4.30
3987 1951 190 20310.00 16.50 25.50 1.80 3.80 0.00
3987 1951 191 22140.00 13.80 27.50 1.57 3.60 0.00
3987 1951 192 27770.00 17.60 32.30 1.69 4.70 0.00
3987 1951 193 20260.00 18.90 26.10 1.65 3.10 0.00
3987 1951 194 19450.00 16.90 28.50 1.71 3.00 0.50
3987 1951 195 18070.00 15.20 25.50 1.79 3.30 1.50
3987 1951 196 8110.00 15.30 22.10 1.93 2.60 0.10
3987 1951 197 6910.00 13.70 18.70 1.39 4.40 0.00
3987 1951 198 27140.00 9.80 23.70 1.41 3.60 0.00
3987 1951 199 17740.00 13.40 23.80 1.41 5.90 0.00
3987 1951 200 15980.00 9.80 19.20 1.09 6.50 0.00
3987 1951 201 15860.00 13.30 23.10 1.19 6.90 0.00
3987 1951 202 25240.00 11.10 22.10 1.11 5.40 0.00
3987 1951 203 15290.00 9.90 21.50 1.20 2.30 0.00
3987 1951 204 12020.00 10.80 24.10 1.57 2.90 0.00
3987 1951 205 12020.00 13.70 24.50 1.61 2.10 1.30
3987 1951 206 8850.00 14.30 21.40 1.64 2.70 2.60
3987 1951 207 17780.00 12.70 22.30 1.47 3.30 0.00
3987 1951 208 21250.00 11.50 23.90 1.48 2.80 0.00
3987 1951 209 22910.00 13.10 26.90 1.45 2.30 0.00
3987 1951 210 21810.00 17.20 26.20 1.49 3.30 0.00
3987 1951 211 22660.00 12.90 25.00 1.20 2.60 0.00
3987 1951 212 24800.00 11.60 28.20 1.21 4.10 0.00
3987 1951 213 15860.00 16.70 31.00 1.71 4.00 3.70
3987 1951 214 18410.00 17.90 29.40 2.04 2.70 0.50
3987 1951 215 13130.00 17.80 26.20 2.00 2.70 0.00
3987 1951 216 11410.00 16.70 25.10 2.13 3.70 0.00
3987 1951 217 15690.00 17.20 24.70 1.87 3.50 11.70
3987 1951 218 19320.00 14.00 26.70 1.53 2.20 0.00
3987 1951 219 15130.00 14.80 27.40 1.72 4.10 0.00
3987 1951 220 8380.00 16.30 24.90 1.88 3.90 0.50
3987 1951 221 10360.00 14.40 22.90 1.55 4.70 4.10
3987 1951 222 14160.00 14.50 20.80 1.32 7.30 0.40
3987 1951 223 17120.00 11.60 20.40 1.35 4.50 0.00
3987 1951 224 18910.00 10.80 25.80 1.28 5.50 0.00
3987 1951 225 19200.00 14.70 22.60 1.09 4.90 1.00
3987 1951 226 12020.00 11.60 18.90 1.29 2.90 11.80
3987 1951 227 15780.00 11.30 21.50 1.31 2.60 0.20
3987 1951 228 18060.00 12.30 22.30 1.19 2.50 0.00
3987 1951 229 16570.00 8.40 21.20 1.03 2.40 0.00
3987 1951 230 10680.00 11.50 22.20 1.19 2.40 0.00
3987 1951 231 19820.00 11.20 26.20 1.11 4.30 0.00
3987 1951 232 14550.00 14.20 26.40 1.43 4.30 0.00
3987 1951 233 18880.00 14.30 26.70 1.64 3.40 0.00
3987 1951 234 10770.00 13.40 22.40 1.48 3.40 0.00
3987 1951 235 6490.00 13.20 19.70 1.45 2.50 0.00
3987 1951 236 20460.00 11.40 25.90 1.35 2.20 0.00
3987 1951 237 17150.00 12.80 26.50 1.49 2.40 0.00
3987 1951 238 13770.00 14.40 26.90 1.52 2.40 0.00
3987 1951 239 15040.00 16.00 25.70 1.33 3.90 0.00
3987 1951 240 7200.00 12.00 21.50 1.39 4.70 0.00
3987 1951 241 20640.00 14.50 32.70 1.35 4.00 0.00
3987 1951 242 20100.00 16.80 33.40 1.61 4.20 0.00
3987 1951 243 13170.00 17.20 26.40 1.44 4.40 28.50
3987 1951 244 11120.00 11.60 19.90 1.35 4.80 9.50
3987 1951 245 10470.00 10.40 21.70 1.24 5.10 0.00
3987 1951 246 7270.00 10.40 18.80 1.56 3.60 11.00
3987 1951 247 17940.00 11.70 21.70 1.27 3.20 0.00
3987 1951 248 19550.00 14.50 26.60 1.44 3.40 0.00
3987 1951 249 17840.00 14.60 30.00 1.85 4.10 0.00
3987 1951 250 16420.00 17.10 28.60 2.00 2.50 0.00
3987 1951 251 9180.00 17.40 23.70 1.84 2.50 0.00
3987 1951 252 19130.00 13.50 23.30 1.27 4.10 0.00
3987 1951 253 20280.00 10.50 23.60 1.08 5.30 0.00
3987 1951 254 18230.00 9.10 26.10 1.13 4.80 0.00
3987 1951 255 15640.00 14.70 28.90 1.81 2.90 0.00
3987 1951 256 14910.00 18.30 31.50 1.79 4.30 0.00
3987 1951 257 4580.00 13.30 24.50 1.64 4.40 2.80
3987 1951 258 17180.00 9.90 21.80 1.23 3.50 0.00
3987 1951 259 7030.00 12.00 20.50 1.40 4.80 3.90
3987 1951 260 9670.00 10.40 17.30 1.16 4.20 0.90
3987 1951 261 7370.00 8.70 15.20 1.09 6.50 0.50
3987 1951 262 11130.00 8.00 14.70 1.01 7.00 0.90
3987 1951 263 13990.00 7.70 16.70 0.93 4.90 0.00
3987 1951 264 11950.00 6.00 15.20 0.92 3.30 0.00
3987 1951 265 9460.00 6.80 16.10 1.03 2.70 0.00
3987 1951 266 13610.00 5.30 19.20 0.95 4.40 0.40
3987 1951 267 11842.73 8.10 17.40 1.17 5.40 8.80
3987 1951 268 14720.00 7.10 20.40 1.03 3.40 0.00
3987 1951 269 12880.00 7.50 22.60 1.40 3.80 2.30
3987 1951 270 13990.00 12.30 20.30 1.28 2.80 0.00
3987 1951 271 13790.00 8.40 20.60 1.17 3.50 0.00
3987 1951 272 3750.00 11.20 16.60 1.44 2.60 0.00
3987 1951 273 8800.00 10.60 18.60 1.27 3.90 0.00
3987 1951 274 11120.00 10.00 16.80 1.15 6.10 0.00
3987 1951 275 14150.00 7.70 17.50 0.87 4.50 0.00
3987 1951 276 11060.00 7.10 17.10 1.01 3.20 0.00
3987 1951 277 13380.00 5.80 18.20 1.00 3.20 0.10
3987 1951 278 12720.00 6.00 16.80 0.93 4.00 0.00
3987 1951 279 9080.00 4.40 11.80 0.72 4.70 0.00
3987 1951 280 12580.00 0.20 11.40 0.65 5.20 0.00
3987 1951 281 13140.00 0.30 12.90 0.59 4.60 0.00
3987 1951 282 12700.00 0.10 14.30 0.60 4.40 0.00
3987 1951 283 12300.00 1.20 14.30 0.63 3.60 0.00
3987 1951 284 10960.00 2.10 15.10 0.67 2.40 0.00
3987 1951 285 11270.00 1.40 16.10 0.68 5.10 0.00
3987 1951 286 11200.00 2.20 14.20 0.76 5.70 0.00
3987 1951 287 11300.00 2.60 16.40 0.71 5.50 0.00
3987 1951 288 10800.00 2.10 14.60 0.71 5.20 0.00
3987 1951 289 10860.00 0.80 14.70 0.67 5.50 0.00
3987 1951 290 10760.00 0.10 16.40 0.64 3.40 0.00
3987 1951 291 9220.00 -0.90 15.90 0.68 2.50 0.00
3987 1951 292 8890.00 0.80 14.70 0.75 3.40 0.00
3987 1951 293 6720.00 -0.70 11.70 0.73 2.60 0.00
3987 1951 294 5220.00 1.30 16.70 0.92 3.10 0.00
3987 1951 295 3580.00 7.60 14.80 1.08 3.40 1.20
3987 1951 296 920.00 6.20 9.40 0.88 3.80 2.50
3987 1951 297 4270.00 5.30 10.00 0.88 3.30 0.00
3987 1951 298 6930.00 6.10 13.40 0.88 2.70 0.00
3987 1951 299 5310.00 4.80 13.50 0.84 3.30 0.00
3987 1951 300 8120.00 2.20 12.20 0.73 4.90 0.00
3987 1951 301 7950.00 0.90 12.90 0.75 5.60 0.00
3987 1951 302 7740.00 0.80 12.70 0.73 4.60 0.10
3987 1951 303 6890.00 0.50 13.70 0.75 4.20 0.00
3987 1951 304 5180.00 6.40 13.40 0.81 5.00 0.00
3987 1951 305 2040.00 6.70 10.10 1.00 3.00 4.60
3987 1951 306 1790.00 6.70 8.50 0.99 2.10 0.50
3987 1951 307 3010.00 0.00 8.00 0.84 2.70 0.40
3987 1951 308 4320.00 3.20 9.40 0.85 2.30 0.00
3987 1951 309 2010.00 2.40 5.80 0.80 4.90 0.00
3987 1951 310 3740.00 4.10 7.80 0.80 7.20 0.00
3987 1951 311 2410.00 3.80 8.60 0.81 4.90 0.00
3987 1951 312 4770.00 1.50 12.30 0.91 5.00 0.00
3987 1951 313 3080.00 5.60 12.10 1.05 3.20 0.00
3987 1951 314 2070.00 6.10 10.00 1.08 3.60 0.10
3987 1951 315 440.00 7.90 10.20 1.11 3.70 0.00
3987 1951 316 200.00 5.60 10.10 1.04 4.90 20.60
3987 1951 317 680.00 6.10 8.20 0.96 6.10 11.50
3987 1951 318 520.00 4.70 7.80 0.92 4.90 3.60
3987 1951 319 1920.00 3.60 6.60 0.79 3.80 1.50
3987 1951 320 1790.00 4.00 9.80 1.04 4.10 1.90
3987 1951 321 3540.00 4.70 10.90 0.83 4.10 0.00
3987 1951 322 4360.00 5.70 12.90 0.81 4.60 0.00
3987 1951 323 3500.00 3.40 10.10 0.83 5.20 0.00
3987 1951 324 1950.00 3.50 9.00 0.88 3.70 0.80
3987 1951 325 1950.00 5.60 11.40 0.89 6.00 0.00
3987 1951 326 3860.00 5.30 9.80 0.71 6.10 0.00
3987 1951 327 2890.00 3.90 8.90 0.77 4.60 0.00
3987 1951 328 1130.00 2.50 11.50 1.00 5.70 6.40
3987 1951 329 930.00 4.60 13.20 0.92 7.50 1.10
3987 1951 330 2540.00 1.80 4.90 0.67 7.40 0.00
3987 1951 331 890.00 2.60 7.10 0.75 7.90 0.00
3987 1951 332 560.00 4.50 7.10 0.80 8.10 4.30
3987 1951 333 3330.00 2.20 6.70 0.69 8.40 4.90
3987 1951 334 400.00 2.60 9.80 1.05 9.20 2.00
3987 1951 335 1460.00 5.10 9.50 0.79 8.70 0.00
3987 1951 336 2490.00 2.40 6.40 0.69 5.70 0.00
3987 1951 337 720.00 2.00 3.60 0.67 3.20 1.00
3987 1951 338 320.00 0.10 9.50 0.87 9.10 6.50
3987 1951 339 360.00 8.20 9.80 0.91 9.00 0.00
3987 1951 340 1340.00 5.70 9.40 0.75 6.30 1.60
3987 1951 341 1540.00 2.10 5.90 0.65 7.50 0.00
3987 1951 342 1870.00 1.80 5.70 0.60 7.70 2.10
3987 1951 343 1713.88 3.30 8.40 0.69 9.10 0.00
3987 1951 344 640.00 0.90 5.30 0.67 7.80 2.60
3987 1951 345 3460.00 -0.90 3.50 0.56 5.50 0.00
3987 1951 346 1840.00 -2.10 2.60 0.59 4.80 0.00
3987 1951 347 600.00 0.40 4.30 0.55 7.00 0.00
3987 1951 348 3260.00 -3.70 3.50 0.40 3.60 0.00
3987 1951 349 2760.00 -4.80 4.70 0.59 5.50 0.10
3987 1951 350 360.00 4.20 6.50 0.88 6.00 0.00
3987 1951 351 680.00 3.30 5.50 0.76 2.10 0.00
3987 1951 352 1670.00 2.70 6.00 0.83 3.00 0.20
3987 1951 353 1660.00 3.30 6.50 0.83 2.70 0.00
3987 1951 354 3000.00 -0.20 6.30 0.67 4.40 0.00
3987 1951 355 360.00 -0.90 5.40 0.80 3.50 0.70
3987 1951 356 880.00 2.80 5.20 0.80 2.80 0.00
3987 1951 357 560.00 -0.30 3.30 0.65 2.60 0.00
3987 1951 358 2970.00 0.90 6.50 0.61 5.40 0.00
3987 1951 359 960.00 0.90 5.20 0.67 7.70 3.90
3987 1951 360 1680.00 3.90 8.60 0.79 6.00 0.50
3987 1951 361 2770.00 -0.50 4.20 0.63 5.50 0.50
3987 1951 362 3180.00 0.60 6.00 0.61 5.70 0.00
3987 1951 363 3510.00 -2.90 3.40 0.56 3.90 0.30
3987 1951 364 1920.00 0.20 3.40 0.61 3.70 0.70
3987 1951 365 2430.00 1.20 6.30 0.64 5.70 0.00
