*---------------------------------------------------------------------------*
* Station name: Potsdam Saekularstation
* Year: 1978
* Author: Pedro Alencar                                   -999.000: NIL VALUE
* Source: DWD
* Comments: Gaps filled with interpolation and storical means
* Longitude: 13.0622, latitude: 52.3812, altitude: 82.0 m.
*
    * Column  Daily value
    * 1       station number
    * 2       year
    * 3       day
    * 4       irradiation                   (kJ m-2 d-1)
    * 5       minimum temperature           (degrees Celsius
    * 6       maximum temperature           (degrees Celsius)
    * 7       early morning vapour pressure (kPa)
    * 8       mean wind speed (height: 2 m) (m s-1)
    * 9       precipitation                 (mm d-1)
    *
** WCCDESCRIPTION=Potsdam, Germany
** WCCFORMAT=2
** WCCYEARNR=1978
*---------------------------------------------------------------------------*
   13.0622 52.3812 82.0 -0.18 -0.55
3987 1978 1 2480.00 -1.50 4.80 0.66 6.00 0.20
3987 1978 2 770.00 4.10 6.00 0.71 7.00 1.50
3987 1978 3 730.00 1.00 4.90 0.64 11.10 2.80
3987 1978 4 2220.00 -1.20 3.40 0.52 9.10 0.00
3987 1978 5 3290.00 -5.10 -0.80 0.35 5.90 4.80
3987 1978 6 200.00 -4.50 3.00 0.61 8.40 0.10
3987 1978 7 730.00 2.40 3.90 0.69 4.00 0.00
3987 1978 8 1280.00 -2.40 2.50 0.55 1.50 0.00
3987 1978 9 240.00 -1.50 0.00 0.55 2.70 2.10
3987 1978 10 1760.00 -0.60 4.20 0.63 7.00 0.80
3987 1978 11 1720.00 0.20 3.60 0.57 6.70 0.00
3987 1978 12 1930.00 -0.30 5.20 0.58 3.10 0.00
3987 1978 13 770.00 0.10 3.30 0.64 2.10 0.00
3987 1978 14 520.00 -0.80 3.30 0.67 2.70 0.00
3987 1978 15 3340.00 -0.90 3.30 0.55 5.60 0.00
3987 1978 16 3650.00 -2.30 4.00 0.48 5.80 0.00
3987 1978 17 3890.00 -2.70 4.00 0.52 5.00 0.30
3987 1978 18 690.00 -0.20 2.10 0.59 4.00 0.10
3987 1978 19 3350.00 -0.80 3.80 0.61 4.90 0.00
3987 1978 20 2520.00 -1.10 2.00 0.55 4.20 0.00
3987 1978 21 940.00 -2.50 0.40 0.48 5.00 0.00
3987 1978 22 510.00 -2.60 0.10 0.53 2.50 0.00
3987 1978 23 1160.00 -1.60 1.60 0.54 2.30 0.00
3987 1978 24 1280.00 -0.70 4.00 0.64 5.80 2.10
3987 1978 25 990.00 3.30 4.90 0.67 8.90 1.30
3987 1978 26 1420.00 0.60 3.80 0.61 7.40 2.20
3987 1978 27 3890.00 -1.90 3.60 0.58 5.60 0.60
3987 1978 28 3460.00 -1.10 4.60 0.53 6.50 0.00
3987 1978 29 1330.00 -0.30 2.60 0.59 3.00 0.40
3987 1978 30 4150.00 0.20 5.40 0.65 3.30 0.00
3987 1978 31 2950.00 -0.50 4.50 0.59 4.30 0.00
3987 1978 32 4370.00 -5.00 1.60 0.49 4.00 0.00
3987 1978 33 1760.00 -1.70 2.20 0.53 6.50 10.00
3987 1978 34 940.00 -0.10 1.10 0.61 2.80 2.80
3987 1978 35 1280.00 -1.10 0.00 0.54 1.20 0.00
3987 1978 36 1840.00 -3.00 -0.60 0.46 2.50 0.20
3987 1978 37 4320.00 -5.80 0.90 0.44 3.30 0.00
3987 1978 38 2320.00 -4.40 -1.40 0.42 1.80 0.00
3987 1978 39 3160.00 -4.40 -0.40 0.48 3.40 2.00
3987 1978 40 4320.00 -5.30 -0.90 0.42 2.90 0.80
3987 1978 41 3330.00 -7.60 -2.80 0.37 4.30 0.00
3987 1978 42 900.00 -7.50 -0.50 0.39 5.80 0.20
3987 1978 43 2610.00 -5.00 -0.10 0.44 4.00 4.30
3987 1978 44 7170.00 -8.10 0.80 0.38 4.50 0.00
3987 1978 45 6240.00 -7.20 1.70 0.41 4.00 0.90
3987 1978 46 3210.00 -3.50 -1.10 0.47 2.20 0.30
3987 1978 47 3880.00 -6.50 -1.40 0.39 1.80 0.70
3987 1978 48 5650.00 -10.40 -2.70 0.31 2.40 0.00
3987 1978 49 10170.00 -10.10 -0.70 0.33 4.20 0.00
3987 1978 50 9980.00 -9.10 -1.20 0.32 2.90 0.00
3987 1978 51 8860.00 -13.80 -1.20 0.23 2.30 0.00
3987 1978 52 8050.00 -12.50 1.80 0.26 3.60 0.00
3987 1978 53 2350.00 -6.80 4.20 0.57 5.00 3.00
3987 1978 54 1320.00 1.50 3.40 0.71 5.80 0.90
3987 1978 55 6900.00 1.10 12.10 0.72 5.10 0.70
3987 1978 56 8590.00 2.50 15.90 0.81 4.20 0.00
3987 1978 57 7540.00 2.20 14.50 0.82 3.00 0.00
3987 1978 58 8690.00 4.10 15.40 0.86 3.80 0.00
3987 1978 59 7020.00 2.00 12.20 0.82 1.80 0.00
3987 1978 60 7750.00 2.60 13.60 0.85 2.70 0.00
3987 1978 61 5010.00 -0.30 10.70 0.79 3.20 0.10
3987 1978 62 5890.00 3.10 13.20 0.79 3.70 0.00
3987 1978 63 10190.00 1.80 14.10 0.77 2.30 0.10
3987 1978 64 1070.00 4.00 9.60 0.81 5.20 2.80
3987 1978 65 6070.00 -1.70 4.80 0.53 6.50 0.00
3987 1978 66 6240.00 0.00 7.10 0.55 4.90 0.50
3987 1978 67 2360.00 3.00 6.80 0.78 4.00 5.50
3987 1978 68 4030.00 3.00 9.30 0.76 8.70 0.60
3987 1978 69 7580.00 2.10 11.60 0.78 5.80 1.10
3987 1978 70 12670.00 5.10 11.20 0.74 7.40 0.00
3987 1978 71 14470.00 -1.30 11.30 0.55 4.30 0.00
3987 1978 72 4590.00 1.80 9.50 0.70 6.20 4.10
3987 1978 73 8560.00 3.40 12.10 0.66 6.80 0.00
3987 1978 74 8220.00 6.60 12.70 0.68 8.80 1.00
3987 1978 75 4320.00 3.90 12.20 0.83 7.30 2.30
3987 1978 76 6270.00 -0.10 7.20 0.51 9.00 1.30
3987 1978 77 12010.00 -4.50 4.80 0.44 6.40 1.30
3987 1978 78 3560.00 -1.00 2.10 0.56 5.50 5.60
3987 1978 79 9370.00 -3.10 7.50 0.61 6.80 7.00
3987 1978 80 5450.00 -0.80 4.70 0.63 3.30 1.00
3987 1978 81 15670.00 -3.40 4.60 0.46 5.90 0.00
3987 1978 82 4490.00 -0.40 8.40 0.63 7.10 5.50
3987 1978 83 7060.00 -0.20 8.80 0.65 6.00 1.00
3987 1978 84 12180.00 -1.40 10.50 0.65 7.20 5.20
3987 1978 85 8010.00 2.30 7.00 0.64 10.60 1.10
3987 1978 86 12450.00 -0.20 10.10 0.65 6.60 1.00
3987 1978 87 11700.00 4.90 15.30 0.95 4.80 0.00
3987 1978 88 12660.00 6.60 19.60 0.99 4.40 0.00
3987 1978 89 15540.00 9.90 21.50 1.01 2.80 0.00
3987 1978 90 5840.00 6.90 16.20 1.05 3.60 0.00
3987 1978 91 10630.00 4.10 13.00 0.92 1.80 0.00
3987 1978 92 12590.00 4.40 18.60 0.91 3.40 0.00
3987 1978 93 3730.00 5.80 14.50 0.99 3.70 6.30
3987 1978 94 6700.00 4.40 11.20 0.91 3.90 3.00
3987 1978 95 16940.00 2.70 10.20 0.55 6.50 0.00
3987 1978 96 19350.00 -3.40 7.10 0.40 4.00 0.00
3987 1978 97 20570.00 -3.00 12.20 0.38 2.90 0.00
3987 1978 98 11500.00 0.10 11.50 0.61 3.00 0.00
3987 1978 99 20560.00 2.30 14.10 0.58 3.40 0.00
3987 1978 100 14620.00 0.00 16.40 0.71 3.10 0.30
3987 1978 101 4550.00 2.90 12.30 0.84 3.00 5.30
3987 1978 102 15160.00 0.00 8.10 0.50 6.00 0.00
3987 1978 103 17090.00 -1.40 12.50 0.49 4.10 0.00
3987 1978 104 10510.00 -1.30 10.70 0.60 2.80 0.10
3987 1978 105 14480.00 1.80 10.60 0.59 2.80 0.00
3987 1978 106 20110.00 -1.40 10.90 0.53 2.90 0.00
3987 1978 107 17160.00 0.00 12.70 0.51 2.60 0.00
3987 1978 108 19770.00 2.20 13.30 0.43 2.20 0.00
3987 1978 109 20380.00 0.50 12.90 0.49 3.50 0.00
3987 1978 110 7700.00 0.90 10.70 0.75 2.30 0.00
3987 1978 111 5270.00 4.60 12.00 0.91 2.30 0.20
3987 1978 112 8990.00 5.00 13.30 0.97 1.90 0.00
3987 1978 113 15350.00 7.00 19.00 0.93 1.70 0.00
3987 1978 114 16180.00 5.80 18.10 0.91 3.00 0.00
3987 1978 115 22520.00 2.50 14.00 0.63 5.40 0.00
3987 1978 116 20880.00 -0.80 9.50 0.55 6.90 0.00
3987 1978 117 16400.00 0.70 13.10 0.62 8.20 0.00
3987 1978 118 14080.00 3.40 14.00 0.65 3.80 0.50
3987 1978 119 14450.00 4.70 16.90 0.92 4.30 5.50
3987 1978 120 13860.00 6.20 17.40 0.98 6.20 0.00
3987 1978 121 10350.00 6.80 15.60 0.99 7.10 4.20
3987 1978 122 3640.00 6.40 13.00 0.98 4.20 2.20
3987 1978 123 23740.00 2.20 17.20 0.63 2.60 0.00
3987 1978 124 23340.00 2.40 19.70 0.63 4.50 0.00
3987 1978 125 20880.00 6.30 23.00 0.89 5.80 0.00
3987 1978 126 14140.00 12.20 23.00 1.21 5.20 4.90
3987 1978 127 11170.00 10.40 18.50 1.38 3.00 0.10
3987 1978 128 3470.00 8.30 15.00 1.10 4.80 0.00
3987 1978 129 25290.00 5.40 17.90 0.66 5.50 0.00
3987 1978 130 14890.00 4.40 12.20 0.51 4.70 0.20
3987 1978 131 17940.00 -2.60 8.70 0.50 3.30 0.00
3987 1978 132 21300.00 -2.10 10.50 0.55 2.70 0.00
3987 1978 133 5940.00 3.90 8.90 0.79 1.70 0.00
3987 1978 134 11920.00 3.00 11.60 0.84 2.20 1.80
3987 1978 135 11470.00 5.70 14.30 1.01 2.30 12.90
3987 1978 136 16180.00 6.50 15.50 1.00 2.00 0.20
3987 1978 137 16280.00 7.20 16.60 0.97 2.10 1.70
3987 1978 138 20110.00 7.40 19.00 0.96 3.00 0.00
3987 1978 139 21430.00 7.70 21.80 1.02 5.00 1.70
3987 1978 140 13270.00 10.60 21.70 1.26 4.20 0.30
3987 1978 141 19050.00 11.40 21.70 1.32 2.80 0.00
3987 1978 142 16300.00 11.90 23.80 1.49 5.30 2.80
3987 1978 143 8180.00 14.10 19.20 1.68 3.70 7.10
3987 1978 144 15160.00 12.80 21.00 1.52 1.50 4.50
3987 1978 145 10650.00 12.50 19.80 1.54 2.80 2.10
3987 1978 146 23120.00 6.80 21.40 1.09 3.00 0.00
3987 1978 147 23060.00 9.40 24.80 0.99 2.80 0.00
3987 1978 148 25790.00 11.00 25.10 0.98 2.80 0.00
3987 1978 149 24030.00 10.40 27.30 1.15 3.30 0.00
3987 1978 150 27300.00 10.70 26.70 1.08 2.70 0.00
3987 1978 151 26960.00 13.70 28.40 1.16 3.70 0.00
3987 1978 152 24630.00 15.50 29.60 1.21 2.10 0.00
3987 1978 153 23210.00 14.40 30.60 1.18 2.50 0.00
3987 1978 154 18750.00 16.60 27.60 1.35 2.30 0.00
3987 1978 155 14600.00 15.60 25.00 1.52 3.50 0.50
3987 1978 156 21540.00 14.90 27.00 1.46 2.60 0.00
3987 1978 157 22420.00 14.00 28.30 1.56 2.50 0.00
3987 1978 158 18110.00 17.40 29.00 1.74 4.20 5.10
3987 1978 159 18230.00 16.40 22.10 1.55 5.80 0.00
3987 1978 160 15270.00 8.40 20.20 1.22 3.50 1.10
3987 1978 161 14030.00 9.40 16.80 0.98 6.20 0.00
3987 1978 162 13850.00 7.90 15.30 0.96 10.00 0.20
3987 1978 163 15350.00 8.00 13.90 1.04 8.00 2.50
3987 1978 164 13740.00 9.40 17.10 1.12 5.20 1.00
3987 1978 165 11340.00 9.90 17.30 1.25 1.80 4.90
3987 1978 166 21390.00 7.40 19.50 1.12 1.40 0.00
3987 1978 167 25810.00 8.30 21.30 0.95 4.30 0.00
3987 1978 168 28550.00 6.80 22.40 0.87 5.90 0.00
3987 1978 169 30030.00 4.60 20.30 0.77 3.50 0.00
3987 1978 170 29060.00 8.40 25.20 0.82 2.60 0.00
3987 1978 171 22190.00 12.30 25.30 1.07 2.30 0.00
3987 1978 172 21820.00 13.20 24.10 1.28 3.00 0.00
3987 1978 173 20370.00 11.00 25.40 1.21 3.10 0.00
3987 1978 174 17470.00 13.20 23.10 1.30 6.00 2.00
3987 1978 175 19290.00 10.80 20.30 1.07 5.30 0.00
3987 1978 176 17930.00 6.80 19.40 1.04 4.00 1.20
3987 1978 177 10390.00 7.40 15.00 1.14 5.90 1.50
3987 1978 178 10240.00 10.10 15.50 1.18 6.20 3.20
3987 1978 179 9460.00 9.20 15.00 1.13 5.00 0.70
3987 1978 180 18800.00 8.70 20.30 1.17 3.30 0.00
3987 1978 181 18960.00 12.80 25.20 1.49 3.80 7.20
3987 1978 182 20410.00 12.60 22.00 1.36 3.60 0.00
3987 1978 183 20420.00 10.20 23.20 1.25 3.80 4.80
3987 1978 184 9870.00 14.20 21.40 1.65 5.50 0.50
3987 1978 185 13900.00 13.50 20.30 1.44 4.00 0.50
3987 1978 186 15790.00 10.30 19.10 1.13 4.10 0.00
3987 1978 187 18050.00 10.10 18.40 1.10 5.60 0.00
3987 1978 188 9110.00 11.10 15.70 1.14 6.60 0.70
3987 1978 189 15500.00 9.40 17.60 1.14 5.00 8.00
3987 1978 190 8530.00 11.10 16.00 1.35 4.00 3.30
3987 1978 191 17220.00 9.90 18.00 1.26 4.90 0.60
3987 1978 192 29020.00 9.40 23.60 1.20 3.80 0.00
3987 1978 193 25580.00 11.50 24.90 1.32 2.90 0.00
3987 1978 194 26110.00 10.10 22.30 1.22 2.90 0.00
3987 1978 195 17630.00 9.40 20.30 1.19 5.00 0.00
3987 1978 196 9970.00 11.40 15.40 1.06 6.80 0.00
3987 1978 197 6590.00 9.90 13.70 1.10 6.00 0.40
3987 1978 198 10540.00 10.40 15.80 1.08 4.10 0.00
3987 1978 199 24100.00 8.00 22.30 1.05 1.70 0.70
3987 1978 200 13150.00 12.30 20.50 1.34 3.80 0.90
3987 1978 201 9730.00 11.70 16.60 1.33 6.30 2.80
3987 1978 202 16630.00 11.20 17.20 1.09 8.50 0.00
3987 1978 203 10970.00 10.40 16.20 1.10 6.00 0.00
3987 1978 204 20570.00 9.40 24.00 1.08 2.80 0.00
3987 1978 205 19310.00 11.80 25.80 1.06 2.40 0.00
3987 1978 206 19300.00 13.90 26.40 1.38 3.30 0.00
3987 1978 207 22010.00 14.30 31.00 1.47 4.30 0.00
3987 1978 208 18230.00 17.60 27.90 1.62 2.40 0.00
3987 1978 209 18110.00 18.80 30.80 1.80 2.30 0.00
3987 1978 210 19520.00 18.20 32.20 1.85 2.80 0.00
3987 1978 211 24210.00 18.30 31.30 1.39 4.40 0.00
3987 1978 212 22680.00 16.00 30.40 1.27 5.30 0.00
3987 1978 213 23360.00 16.60 32.60 1.22 5.80 0.00
3987 1978 214 15060.00 18.20 28.80 1.50 4.00 0.00
3987 1978 215 16600.00 15.70 27.70 1.40 3.30 0.30
3987 1978 216 17570.00 14.00 25.20 1.41 4.00 0.00
3987 1978 217 13430.00 15.80 23.20 1.35 4.80 0.00
3987 1978 218 12840.00 14.20 23.90 1.41 2.70 2.20
3987 1978 219 15720.00 14.90 23.90 1.56 3.30 8.80
3987 1978 220 1330.00 14.10 20.10 1.64 9.80 104.80
3987 1978 221 8880.00 13.20 17.30 1.53 7.00 0.90
3987 1978 222 21560.00 12.50 23.10 1.36 3.90 0.00
3987 1978 223 8180.00 11.80 19.10 1.28 4.60 0.00
3987 1978 224 7920.00 12.00 16.20 1.29 4.70 0.00
3987 1978 225 16750.00 9.60 21.80 1.26 2.90 0.00
3987 1978 226 17400.00 11.40 23.20 1.31 3.70 0.00
3987 1978 227 22190.00 13.80 27.00 1.33 5.00 0.20
3987 1978 228 14550.00 17.20 25.00 1.63 3.90 0.00
3987 1978 229 14210.00 11.80 21.40 1.41 3.30 4.00
3987 1978 230 14640.00 9.70 19.70 1.25 4.30 0.00
3987 1978 231 17680.00 9.90 22.60 1.36 2.90 0.00
3987 1978 232 23700.00 11.30 25.80 1.25 1.50 0.00
3987 1978 233 21960.00 12.50 27.30 1.30 3.30 0.00
3987 1978 234 18360.00 13.50 28.80 1.48 2.50 2.50
3987 1978 235 16210.00 16.30 23.60 1.56 3.80 0.00
3987 1978 236 17260.00 9.90 20.50 1.20 3.00 0.00
3987 1978 237 12320.00 11.40 18.50 1.14 7.00 0.00
3987 1978 238 17870.00 10.30 19.70 1.02 7.80 0.00
3987 1978 239 13270.00 7.80 15.90 1.08 8.20 4.40
3987 1978 240 14140.00 7.20 15.10 1.06 7.10 1.10
3987 1978 241 3510.00 10.70 14.10 1.31 5.80 9.00
3987 1978 242 8580.00 11.00 14.90 1.20 3.90 5.70
3987 1978 243 13830.00 7.00 15.70 1.08 4.70 0.40
3987 1978 244 12970.00 7.70 15.50 1.13 5.80 1.30
3987 1978 245 11080.00 10.50 15.70 1.18 7.80 3.00
3987 1978 246 10660.00 9.20 14.60 1.15 7.40 2.40
3987 1978 247 4860.00 9.10 13.40 1.07 8.40 0.00
3987 1978 248 5520.00 9.30 15.10 1.13 5.90 0.00
3987 1978 249 13020.00 8.00 18.30 1.16 2.10 2.20
3987 1978 250 650.00 10.60 14.20 1.28 4.00 19.70
3987 1978 251 16510.00 7.50 19.00 1.20 2.10 0.00
3987 1978 252 6190.00 10.30 17.40 1.44 4.20 1.70
3987 1978 253 2230.00 12.90 16.40 1.60 8.00 21.90
3987 1978 254 6770.00 14.40 23.10 1.75 9.90 6.70
3987 1978 255 11150.00 11.10 17.10 1.13 10.20 0.00
3987 1978 256 5270.00 8.70 13.60 1.19 5.80 0.70
3987 1978 257 6630.00 11.70 18.80 1.40 5.90 0.60
3987 1978 258 9760.00 9.90 17.50 1.22 8.80 0.10
3987 1978 259 11240.00 10.40 17.50 1.14 7.60 0.00
3987 1978 260 8190.00 10.40 18.00 1.23 7.80 0.10
3987 1978 261 10790.00 8.10 15.20 1.05 7.70 0.00
3987 1978 262 7120.00 8.70 13.50 1.04 8.00 1.20
3987 1978 263 8970.00 4.70 11.60 0.84 5.90 6.50
3987 1978 264 4490.00 8.00 15.70 1.19 8.40 0.20
3987 1978 265 1300.00 9.50 13.90 1.37 7.50 19.90
3987 1978 266 3990.00 12.60 13.80 1.42 6.00 6.10
3987 1978 267 5737.60 11.60 17.10 1.52 5.70 0.40
3987 1978 268 8390.00 13.30 17.50 1.42 7.20 1.00
3987 1978 269 10740.00 7.50 15.30 1.10 3.10 0.00
3987 1978 270 8520.00 7.80 15.60 1.10 4.50 3.60
3987 1978 271 8350.00 7.50 13.00 1.04 4.50 0.00
3987 1978 272 2740.00 3.90 9.20 0.99 3.00 7.30
3987 1978 273 6460.00 8.20 13.40 1.11 4.40 2.60
3987 1978 274 10360.00 3.50 14.30 0.97 3.30 0.00
3987 1978 275 1380.00 6.90 9.80 0.91 1.70 1.50
3987 1978 276 1720.00 6.80 9.00 0.98 2.50 0.30
3987 1978 277 1460.00 7.30 8.60 1.01 4.20 8.40
3987 1978 278 8000.00 5.50 12.30 1.01 8.50 8.00
3987 1978 279 1410.00 9.20 14.20 1.35 10.30 0.20
3987 1978 280 4960.00 11.80 17.20 1.34 3.50 0.00
3987 1978 281 11220.00 7.30 19.40 1.23 4.60 0.00
3987 1978 282 9720.00 7.90 21.20 1.29 4.80 0.00
3987 1978 283 9450.00 11.20 22.00 1.44 2.80 0.00
3987 1978 284 8840.00 10.10 22.20 1.40 4.30 0.00
3987 1978 285 9080.00 9.80 22.00 1.40 4.80 0.00
3987 1978 286 9800.00 8.60 20.30 1.22 5.70 0.00
3987 1978 287 7830.00 6.60 16.90 1.12 4.00 0.00
3987 1978 288 2660.00 10.10 12.40 1.17 1.70 0.00
3987 1978 289 3520.00 8.00 15.40 1.19 3.20 4.20
3987 1978 290 2930.00 6.80 12.30 0.98 3.60 1.20
3987 1978 291 4290.00 3.90 8.90 0.85 2.30 0.00
3987 1978 292 4370.00 2.70 11.00 0.94 3.70 0.00
3987 1978 293 3570.00 7.90 13.10 0.96 5.50 1.80
3987 1978 294 7850.00 4.70 9.90 0.69 9.30 0.10
3987 1978 295 1120.00 4.20 10.30 0.88 8.30 7.20
3987 1978 296 3950.00 5.70 10.60 0.91 7.80 0.00
3987 1978 297 6200.00 5.80 12.90 0.94 8.30 4.50
3987 1978 298 3090.00 7.00 12.30 1.00 9.70 3.80
3987 1978 299 5660.00 3.20 9.50 0.75 6.40 0.00
3987 1978 300 4760.00 0.10 7.00 0.75 3.00 3.10
3987 1978 301 2190.00 5.80 11.20 1.04 5.90 0.10
3987 1978 302 1680.00 9.50 11.30 1.14 6.60 0.30
3987 1978 303 1980.00 9.00 11.70 1.12 5.00 0.00
3987 1978 304 1660.00 8.50 11.70 1.01 2.90 0.00
3987 1978 305 5280.00 2.80 10.70 0.87 2.80 0.00
3987 1978 306 3800.00 1.60 10.60 0.83 3.80 0.00
3987 1978 307 1160.00 1.90 6.70 0.85 2.60 0.10
3987 1978 308 2480.00 5.30 11.50 0.98 3.40 0.00
3987 1978 309 3860.00 5.30 11.30 0.92 2.70 0.00
3987 1978 310 1070.00 5.40 9.10 0.98 1.30 0.20
3987 1978 311 900.00 4.40 8.40 0.89 2.50 0.00
3987 1978 312 2870.00 -0.40 6.10 0.66 3.00 0.00
3987 1978 313 3290.00 -2.00 6.10 0.70 0.50 0.00
3987 1978 314 2050.00 -3.40 5.00 0.60 1.90 0.00
3987 1978 315 690.00 -2.10 -0.10 0.56 1.00 0.00
3987 1978 316 980.00 -1.90 1.60 0.57 2.60 0.10
3987 1978 317 4830.00 -2.50 9.90 0.70 5.60 1.10
3987 1978 318 5100.00 1.00 8.90 0.78 6.40 0.00
3987 1978 319 4190.00 5.50 9.90 0.74 7.60 0.00
3987 1978 320 3380.00 5.40 11.20 0.74 9.50 0.20
3987 1978 321 940.00 2.30 9.80 0.79 7.50 0.00
3987 1978 322 2180.00 7.30 10.90 0.83 7.90 0.00
3987 1978 323 3940.00 8.40 12.40 0.86 7.10 0.00
3987 1978 324 2320.00 4.50 10.30 0.74 7.20 0.00
3987 1978 325 4160.00 -0.60 7.90 0.69 6.50 1.00
3987 1978 326 1510.00 6.70 11.10 1.02 8.20 0.00
3987 1978 327 1230.00 9.90 12.00 1.09 8.10 0.00
3987 1978 328 1240.00 9.70 11.30 0.93 7.30 0.00
3987 1978 329 580.00 4.50 9.70 0.82 4.80 2.20
3987 1978 330 980.00 2.20 5.20 0.71 4.50 0.00
3987 1978 331 1710.00 -1.60 3.70 0.59 5.00 0.00
3987 1978 332 1880.00 -2.20 1.20 0.53 2.50 0.00
3987 1978 333 770.00 -1.30 3.20 0.66 7.00 2.00
3987 1978 334 250.00 0.20 2.70 0.65 6.30 10.00
3987 1978 335 740.00 1.60 5.20 0.78 3.50 7.40
3987 1978 336 520.00 3.90 5.20 0.80 1.60 0.10
3987 1978 337 900.00 -1.20 4.10 0.63 4.50 0.00
3987 1978 338 3680.00 -5.10 0.10 0.38 6.10 0.00
3987 1978 339 3430.00 -8.10 -3.40 0.33 4.10 0.00
3987 1978 340 1200.00 -8.00 -1.30 0.40 2.90 0.00
3987 1978 341 2570.00 -8.80 -4.50 0.30 5.70 0.00
3987 1978 342 2350.00 -11.20 -4.60 0.28 6.30 5.10
3987 1978 343 1649.64 -4.60 5.30 0.39 6.80 1.30
3987 1978 344 1120.00 5.20 8.30 0.86 5.40 0.00
3987 1978 345 520.00 3.20 6.80 0.82 6.20 5.70
3987 1978 346 1380.00 0.70 7.30 0.79 6.00 2.50
3987 1978 347 1710.00 4.60 8.90 0.87 7.60 2.10
3987 1978 348 1660.00 3.90 7.00 0.80 6.00 6.00
3987 1978 349 1370.00 4.40 6.30 0.85 4.90 3.20
3987 1978 350 440.00 -1.30 5.20 0.65 3.90 4.70
3987 1978 351 2610.00 -4.40 -0.80 0.47 2.20 0.00
3987 1978 352 2810.00 -7.60 -2.80 0.37 2.30 0.00
3987 1978 353 2510.00 -9.30 -6.20 0.33 3.10 0.00
3987 1978 354 1150.00 -7.80 -1.90 0.39 7.70 1.20
3987 1978 355 810.00 -2.30 -0.90 0.48 7.40 0.00
3987 1978 356 440.00 -5.00 -2.10 0.41 7.30 0.00
3987 1978 357 390.00 -3.00 -2.40 0.45 1.20 0.10
3987 1978 358 770.00 -2.80 1.00 0.55 3.60 2.40
3987 1978 359 1790.00 0.20 6.00 0.70 6.60 5.10
3987 1978 360 1470.00 3.60 6.80 0.79 6.80 5.10
3987 1978 361 1170.00 2.90 7.20 0.78 3.80 4.70
3987 1978 362 1060.00 3.00 8.80 0.87 7.20 9.10
3987 1978 363 160.00 -7.80 8.50 0.55 6.50 6.90
3987 1978 364 770.00 -14.50 -7.80 0.21 8.00 6.60
3987 1978 365 470.00 -19.00 -14.30 0.14 7.10 10.80
