*---------------------------------------------------------------------------*
* Station name: Potsdam Saekularstation
* Year: 1950
* Author: Pedro Alencar                                   -999.000: NIL VALUE
* Source: DWD
* Comments: Gaps filled with interpolation and storical means
* Longitude: 13.0622, latitude: 52.3812, altitude: 82.0 m.
*
    * Column  Daily value
    * 1       station number
    * 2       year
    * 3       day
    * 4       irradiation                   (kJ m-2 d-1)
    * 5       minimum temperature           (degrees Celsius
    * 6       maximum temperature           (degrees Celsius)
    * 7       early morning vapour pressure (kPa)
    * 8       mean wind speed (height: 2 m) (m s-1)
    * 9       precipitation                 (mm d-1)
    *
** WCCDESCRIPTION=Potsdam, Germany
** WCCFORMAT=2
** WCCYEARNR=1950
*---------------------------------------------------------------------------*
   13.0622 52.3812 82.0 -0.18 -0.55
3987 1950 1 2570.00 -5.60 -1.40 0.37 3.30 1.80
3987 1950 2 240.00 -3.90 1.30 0.60 7.20 11.10
3987 1950 3 800.00 1.20 3.50 0.67 6.80 1.00
3987 1950 4 2360.00 -1.20 1.40 0.52 4.70 0.80
3987 1950 5 960.00 -3.90 -1.20 0.44 3.60 11.90
3987 1950 6 3260.00 -4.20 4.90 0.57 7.90 3.30
3987 1950 7 930.00 2.80 6.40 0.80 7.00 0.50
3987 1950 8 1540.00 5.40 8.60 0.96 5.40 0.20
3987 1950 9 2120.00 3.70 6.70 0.76 3.90 5.20
3987 1950 10 1000.00 -4.00 4.90 0.49 5.90 3.50
3987 1950 11 720.00 -9.00 -4.00 0.33 5.80 1.30
3987 1950 12 520.00 -9.40 3.70 0.56 6.40 7.80
3987 1950 13 2490.00 1.30 4.20 0.65 5.40 0.00
3987 1950 14 720.00 1.10 6.00 0.77 6.60 0.00
3987 1950 15 1500.00 3.90 7.60 0.80 7.30 2.50
3987 1950 16 2250.00 1.50 7.40 0.76 5.10 0.00
3987 1950 17 770.00 -0.10 3.30 0.64 2.90 2.00
3987 1950 18 4080.00 -7.20 -0.10 0.28 4.10 0.00
3987 1950 19 3740.00 -11.90 -5.70 0.21 5.00 0.00
3987 1950 20 4650.00 -10.90 -2.40 0.23 3.80 0.20
3987 1950 21 1200.00 -9.20 -1.40 0.45 2.30 0.60
3987 1950 22 1000.00 -4.80 1.00 0.52 3.10 0.20
3987 1950 23 1660.00 -8.70 -3.90 0.32 4.70 0.00
3987 1950 24 5300.00 -11.60 -5.00 0.24 6.20 0.00
3987 1950 25 5220.00 -11.40 -0.80 0.24 5.80 0.00
3987 1950 26 4680.00 -8.60 -0.70 0.28 3.40 0.00
3987 1950 27 4720.00 -10.60 -2.90 0.28 4.10 0.00
3987 1950 28 2980.00 -7.40 -4.00 0.29 6.60 0.00
3987 1950 29 6580.00 -9.80 -2.80 0.25 5.20 0.00
3987 1950 30 3220.00 -12.10 -3.50 0.35 2.20 0.10
3987 1950 31 4400.00 -9.10 -3.20 0.35 3.90 0.00
3987 1950 32 1460.00 -10.60 -6.40 0.29 6.10 3.80
3987 1950 33 2660.00 -7.00 -3.50 0.33 6.20 0.00
3987 1950 34 5060.00 -8.60 1.10 0.33 6.20 0.10
3987 1950 35 3040.00 -1.40 1.80 0.45 5.10 0.10
3987 1950 36 2910.00 -1.30 2.50 0.51 5.70 1.20
3987 1950 37 4440.00 -2.10 7.00 0.64 6.80 0.20
3987 1950 38 2370.00 2.90 5.60 0.75 6.20 0.30
3987 1950 39 5090.00 0.40 5.70 0.60 6.20 4.20
3987 1950 40 3820.00 -0.10 4.30 0.57 6.00 0.00
3987 1950 41 3540.00 -1.40 2.90 0.59 4.50 10.80
3987 1950 42 5000.00 1.20 8.90 0.65 8.40 0.00
3987 1950 43 2860.00 3.40 7.60 0.67 8.80 0.80
3987 1950 44 1820.00 2.10 9.40 0.69 7.40 0.00
3987 1950 45 3390.00 2.00 7.40 0.63 5.80 0.60
3987 1950 46 5020.00 0.60 5.90 0.71 6.90 4.10
3987 1950 47 2930.00 5.10 11.50 0.93 9.60 0.00
3987 1950 48 9210.00 6.80 16.10 0.79 6.00 0.00
3987 1950 49 8060.00 4.30 16.00 0.73 5.90 0.00
3987 1950 50 4690.00 1.70 9.30 0.79 3.90 0.00
3987 1950 51 1790.00 3.00 8.10 0.83 5.40 6.10
3987 1950 52 880.00 2.60 6.40 0.79 6.90 6.70
3987 1950 53 4970.00 1.00 4.40 0.57 5.30 0.00
3987 1950 54 9290.00 -1.40 7.10 0.53 4.40 0.00
3987 1950 55 4030.00 1.20 6.20 0.68 3.40 1.70
3987 1950 56 3430.00 1.80 10.70 0.84 4.00 5.00
3987 1950 57 1160.00 -1.40 6.20 0.61 5.90 23.80
3987 1950 58 6490.00 -2.80 0.70 0.49 6.50 1.40
3987 1950 59 7140.00 -7.00 -0.40 0.40 2.90 0.00
3987 1950 60 11510.00 -9.10 1.20 0.36 1.90 0.00
3987 1950 61 6160.00 -8.10 -1.00 0.36 1.80 0.00
3987 1950 62 7050.00 -12.10 0.20 0.39 2.60 0.00
3987 1950 63 1660.00 -5.10 2.10 0.56 4.20 2.60
3987 1950 64 2850.00 -1.90 4.50 0.76 5.40 0.00
3987 1950 65 4080.00 3.40 10.40 0.93 5.20 0.00
3987 1950 66 4720.00 4.80 10.30 0.88 6.70 0.00
3987 1950 67 3300.00 4.60 9.70 0.92 5.00 1.10
3987 1950 68 5440.00 0.70 7.60 0.49 3.60 4.40
3987 1950 69 3260.00 0.00 3.20 0.60 2.70 0.10
3987 1950 70 1910.00 -0.40 4.20 0.63 8.30 3.30
3987 1950 71 9150.00 0.10 6.90 0.59 11.00 1.80
3987 1950 72 8900.00 -0.10 5.40 0.60 8.40 3.20
3987 1950 73 12800.00 -3.40 5.20 0.47 3.60 0.00
3987 1950 74 6990.00 -1.10 7.00 0.53 2.70 0.00
3987 1950 75 13710.00 -1.10 13.00 0.69 5.70 0.00
3987 1950 76 11540.00 5.40 17.80 0.91 5.20 1.70
3987 1950 77 15040.00 7.20 16.70 0.80 5.60 0.00
3987 1950 78 13190.00 4.10 18.70 0.81 5.30 0.00
3987 1950 79 11200.00 5.90 16.20 0.77 3.80 0.00
3987 1950 80 10850.00 5.90 16.40 0.87 2.90 0.00
3987 1950 81 10730.00 4.90 15.20 0.92 3.60 0.00
3987 1950 82 12680.00 6.70 17.70 0.92 1.70 0.00
3987 1950 83 13060.00 4.50 18.50 0.91 4.10 4.90
3987 1950 84 5050.00 5.50 10.40 0.87 3.20 0.00
3987 1950 85 16040.00 4.70 12.40 0.68 3.10 0.00
3987 1950 86 15880.00 1.50 13.70 0.71 2.00 0.00
3987 1950 87 7520.00 2.70 8.30 0.68 2.40 0.00
3987 1950 88 12800.00 -0.70 8.30 0.64 3.10 0.00
3987 1950 89 10320.00 2.60 10.20 0.64 3.10 0.00
3987 1950 90 13780.00 0.50 10.70 0.65 4.10 0.00
3987 1950 91 3370.00 4.60 9.30 0.71 5.60 0.50
3987 1950 92 5150.00 6.10 10.80 0.88 7.00 2.10
3987 1950 93 12030.00 1.80 11.80 0.67 4.00 0.00
3987 1950 94 10810.00 2.60 10.50 0.72 4.50 0.70
3987 1950 95 11660.00 1.10 11.50 0.73 4.50 5.00
3987 1950 96 9990.00 3.60 10.90 0.75 5.50 0.20
3987 1950 97 18430.00 0.50 12.50 0.64 1.80 0.00
3987 1950 98 18840.00 1.20 18.20 0.68 5.70 0.00
3987 1950 99 8150.00 5.90 18.60 0.88 7.20 0.40
3987 1950 100 12880.00 3.80 10.90 0.72 6.60 4.00
3987 1950 101 11650.00 3.10 10.70 0.61 8.30 0.50
3987 1950 102 13740.00 2.10 12.70 0.72 5.10 1.80
3987 1950 103 8720.00 1.10 11.30 0.84 3.50 11.40
3987 1950 104 15700.00 0.10 11.60 0.68 3.20 0.00
3987 1950 105 2680.00 4.00 6.70 0.81 5.30 25.50
3987 1950 106 4930.00 3.40 6.60 0.75 4.90 0.00
3987 1950 107 12340.00 4.10 10.70 0.61 4.30 0.00
3987 1950 108 20430.00 0.30 14.80 0.60 3.70 0.00
3987 1950 109 20160.00 4.00 18.80 0.83 4.40 0.00
3987 1950 110 7380.00 5.60 15.60 0.96 4.00 4.70
3987 1950 111 5730.00 7.40 13.10 1.11 1.70 5.20
3987 1950 112 3710.00 9.10 12.30 1.20 3.20 0.50
3987 1950 113 6710.00 7.80 13.90 0.92 3.40 7.30
3987 1950 114 12430.00 5.00 11.70 0.89 3.10 0.10
3987 1950 115 14460.00 4.90 11.20 0.64 4.50 0.00
3987 1950 116 24800.00 1.20 14.50 0.52 5.50 0.00
3987 1950 117 13280.00 3.70 12.30 0.75 6.60 2.50
3987 1950 118 11370.00 4.10 11.60 0.71 7.70 3.40
3987 1950 119 18360.00 0.90 12.00 0.67 7.60 0.80
3987 1950 120 23490.00 0.90 17.40 0.77 3.10 0.00
3987 1950 121 23640.00 6.70 22.70 1.00 4.00 0.00
3987 1950 122 25020.00 8.90 24.80 1.00 4.60 0.30
3987 1950 123 5070.00 8.90 16.20 1.15 3.30 6.70
3987 1950 124 9070.00 8.20 15.40 1.15 3.00 0.10
3987 1950 125 8190.00 7.50 14.60 1.27 2.30 11.90
3987 1950 126 4520.00 10.80 15.50 1.47 2.40 3.20
3987 1950 127 15610.00 11.60 21.10 1.47 3.30 5.40
3987 1950 128 6380.00 12.70 20.00 1.44 4.80 0.50
3987 1950 129 20070.00 12.70 22.50 1.03 5.00 0.00
3987 1950 130 26770.00 7.60 20.10 0.75 4.40 0.00
3987 1950 131 25910.00 8.60 22.50 0.87 2.60 0.00
3987 1950 132 23770.00 10.10 25.20 0.95 2.00 0.00
3987 1950 133 26870.00 9.30 24.00 0.93 2.90 0.00
3987 1950 134 27290.00 10.90 25.00 0.96 3.90 0.00
3987 1950 135 11310.00 7.30 15.90 0.87 3.70 0.20
3987 1950 136 28910.00 3.70 18.60 0.60 2.60 0.00
3987 1950 137 25650.00 5.40 22.20 0.77 3.60 0.00
3987 1950 138 18260.00 8.70 21.80 1.23 3.20 3.50
3987 1950 139 13900.00 9.90 20.00 1.47 2.50 8.00
3987 1950 140 14280.00 11.50 23.50 1.48 3.00 0.00
3987 1950 141 25240.00 16.20 31.90 1.55 4.30 0.00
3987 1950 142 23280.00 19.10 32.60 1.68 5.60 0.00
3987 1950 143 24550.00 15.50 25.70 1.45 3.10 3.00
3987 1950 144 4830.00 12.30 18.70 1.51 2.70 19.00
3987 1950 145 13350.00 10.00 19.30 1.28 2.00 0.00
3987 1950 146 11330.00 10.90 19.40 1.45 3.40 5.80
3987 1950 147 16590.00 9.20 17.60 1.23 4.60 1.60
3987 1950 148 13590.00 9.30 15.80 1.13 6.40 2.90
3987 1950 149 15810.00 9.10 18.10 1.09 6.00 0.00
3987 1950 150 13790.00 12.00 18.80 1.21 6.80 0.90
3987 1950 151 28200.00 6.30 17.70 0.89 4.40 0.00
3987 1950 152 27910.00 6.50 19.40 0.81 2.80 0.00
3987 1950 153 29980.00 7.40 22.60 0.83 4.30 0.00
3987 1950 154 29660.00 8.50 25.80 0.92 4.00 0.00
3987 1950 155 25410.00 12.10 28.80 1.16 2.80 0.00
3987 1950 156 26580.00 15.20 30.80 1.47 2.70 0.00
3987 1950 157 24280.00 16.50 30.60 1.60 2.10 0.00
3987 1950 158 24920.00 17.40 31.20 1.56 2.20 0.00
3987 1950 159 20690.00 17.80 32.20 1.56 3.50 0.00
3987 1950 160 16500.00 13.20 22.50 1.29 5.40 0.30
3987 1950 161 16950.00 8.30 17.30 0.96 5.70 0.00
3987 1950 162 27110.00 9.70 20.50 0.92 4.80 0.00
3987 1950 163 30490.00 8.00 23.30 0.91 2.60 0.00
3987 1950 164 29020.00 10.50 28.10 1.11 2.00 4.10
3987 1950 165 18580.00 15.60 24.90 1.64 4.30 1.30
3987 1950 166 21240.00 12.90 26.60 1.55 4.20 0.10
3987 1950 167 13940.00 13.40 22.30 1.43 1.90 0.00
3987 1950 168 15810.00 14.10 22.80 1.32 2.70 0.50
3987 1950 169 25810.00 11.30 24.70 1.21 2.20 0.00
3987 1950 170 25370.00 13.50 26.20 1.32 2.40 0.00
3987 1950 171 24170.00 16.30 27.20 1.44 2.10 4.40
3987 1950 172 14400.00 15.10 27.00 1.77 4.40 5.10
3987 1950 173 21960.00 11.60 20.20 1.21 6.70 4.10
3987 1950 174 14550.00 9.50 18.80 1.29 4.30 5.40
3987 1950 175 15150.00 10.60 17.60 1.13 6.10 0.00
3987 1950 176 14490.00 10.60 20.00 1.33 3.10 0.20
3987 1950 177 16930.00 12.50 21.20 1.45 4.10 2.20
3987 1950 178 3510.00 13.50 17.80 1.79 4.50 8.70
3987 1950 179 10190.00 16.20 22.10 1.84 5.90 3.10
3987 1950 180 16590.00 13.80 26.60 1.91 3.80 0.00
3987 1950 181 24270.00 18.20 32.20 2.08 4.10 0.00
3987 1950 182 26810.00 15.50 24.70 1.29 4.50 0.00
3987 1950 183 26960.00 13.10 24.20 1.24 2.10 0.00
3987 1950 184 23290.00 14.10 25.10 1.13 4.30 0.00
3987 1950 185 24870.00 14.30 26.20 1.55 3.60 0.00
3987 1950 186 12840.00 14.50 21.30 1.71 5.30 12.90
3987 1950 187 13210.00 16.40 21.70 1.77 5.90 0.00
3987 1950 188 19320.00 13.80 22.30 1.47 2.80 0.00
3987 1950 189 29670.00 12.20 24.20 1.36 2.00 0.00
3987 1950 190 28020.00 13.60 28.10 1.52 2.20 0.00
3987 1950 191 17780.00 15.60 28.00 1.56 5.60 0.00
3987 1950 192 17400.00 12.50 24.10 1.41 4.30 27.30
3987 1950 193 14540.00 12.50 19.50 1.39 8.40 0.00
3987 1950 194 15400.00 13.50 20.70 1.43 4.20 0.00
3987 1950 195 24950.00 12.60 24.80 1.56 3.90 10.00
3987 1950 196 4400.00 14.60 20.20 1.72 3.50 11.20
3987 1950 197 26660.00 13.30 25.50 1.51 2.00 0.00
3987 1950 198 17660.00 14.50 25.60 1.53 3.00 0.00
3987 1950 199 19330.00 14.20 24.90 1.49 3.30 0.00
3987 1950 200 12140.00 17.10 23.10 1.75 5.90 0.00
3987 1950 201 14550.00 15.00 25.10 1.77 2.60 0.00
3987 1950 202 23240.00 16.60 29.00 1.83 2.60 0.00
3987 1950 203 22740.00 17.90 30.60 1.93 2.70 2.80
3987 1950 204 12280.00 13.20 23.60 1.75 4.90 5.20
3987 1950 205 10260.00 12.60 20.30 1.41 8.20 6.20
3987 1950 206 20040.00 12.40 22.20 1.32 6.20 0.20
3987 1950 207 20810.00 14.50 24.10 1.45 3.10 10.10
3987 1950 208 9480.00 13.90 19.80 1.56 3.70 0.80
3987 1950 209 24580.00 9.20 22.40 1.23 2.90 0.00
3987 1950 210 18670.00 12.30 22.80 1.31 3.40 3.40
3987 1950 211 17490.00 10.10 20.30 1.28 5.70 0.00
3987 1950 212 21370.00 10.10 24.30 1.27 2.10 0.00
3987 1950 213 14970.00 14.70 23.80 1.64 2.50 5.60
3987 1950 214 13680.00 13.50 22.70 1.57 1.90 10.40
3987 1950 215 20230.00 12.30 21.30 1.27 4.50 2.70
3987 1950 216 14720.00 10.10 20.20 1.37 4.70 0.80
3987 1950 217 23130.00 14.00 24.30 1.29 5.80 0.00
3987 1950 218 23000.00 10.40 25.20 1.25 3.50 0.00
3987 1950 219 25340.00 9.80 23.60 1.27 3.40 0.00
3987 1950 220 11040.00 14.00 20.80 1.57 2.30 0.00
3987 1950 221 21740.00 12.40 24.50 1.55 2.40 0.00
3987 1950 222 25790.00 12.80 27.20 1.43 4.60 0.00
3987 1950 223 21720.00 12.40 28.50 1.64 4.60 0.00
3987 1950 224 23580.00 14.20 25.80 1.43 2.60 0.00
3987 1950 225 17470.00 13.40 27.00 1.48 2.00 0.00
3987 1950 226 9260.00 16.50 22.20 1.81 2.70 0.30
3987 1950 227 19360.00 14.50 23.70 1.45 2.20 0.00
3987 1950 228 18860.00 12.40 27.70 1.37 3.50 1.00
3987 1950 229 10280.00 15.20 22.80 1.64 2.70 9.30
3987 1950 230 15730.00 14.80 23.20 1.41 4.50 0.00
3987 1950 231 20550.00 10.00 23.70 1.17 2.80 0.00
3987 1950 232 18250.00 13.40 25.30 1.36 1.50 0.00
3987 1950 233 21390.00 14.20 28.00 1.27 2.50 0.00
3987 1950 234 19100.00 14.80 31.30 1.44 2.90 0.00
3987 1950 235 17010.00 20.10 32.70 1.77 1.90 0.00
3987 1950 236 15750.00 20.10 31.50 1.99 2.60 0.00
3987 1950 237 9020.00 19.00 24.00 1.57 2.90 0.00
3987 1950 238 11170.00 15.60 25.50 1.96 4.40 8.60
3987 1950 239 16350.00 16.90 26.20 1.77 3.20 0.00
3987 1950 240 14310.00 16.40 26.30 1.97 2.40 5.30
3987 1950 241 15290.00 16.70 23.10 1.48 6.00 0.00
3987 1950 242 15860.00 12.50 20.60 1.21 6.60 0.00
3987 1950 243 14660.00 10.90 22.60 1.27 2.10 0.00
3987 1950 244 11940.00 10.60 21.40 1.25 2.90 0.10
3987 1950 245 20130.00 8.60 21.80 1.01 2.10 0.90
3987 1950 246 5830.00 11.40 15.70 1.23 7.10 1.90
3987 1950 247 11130.00 11.00 19.60 1.17 3.90 0.00
3987 1950 248 7780.00 8.60 17.50 1.49 3.90 4.00
3987 1950 249 12070.00 10.10 18.70 1.33 2.40 0.00
3987 1950 250 3680.00 11.50 18.30 1.55 6.30 9.40
3987 1950 251 14050.00 9.80 17.50 1.07 6.10 0.00
3987 1950 252 9370.00 11.60 18.10 1.21 5.30 0.00
3987 1950 253 6590.00 10.90 18.10 1.55 2.60 0.00
3987 1950 254 15180.00 15.20 22.20 1.47 4.80 0.00
3987 1950 255 8760.00 13.90 19.70 1.49 8.40 0.00
3987 1950 256 11220.00 11.60 18.80 1.13 4.20 0.00
3987 1950 257 16920.00 8.80 25.80 1.40 3.90 0.00
3987 1950 258 12960.00 14.20 27.90 1.57 3.30 3.10
3987 1950 259 11080.00 11.60 19.50 1.27 4.30 0.00
3987 1950 260 16070.00 9.20 20.70 1.17 3.00 0.00
3987 1950 261 14230.00 9.50 19.20 1.04 5.00 1.00
3987 1950 262 13970.00 7.20 16.90 0.93 5.30 0.00
3987 1950 263 13300.00 5.30 18.00 0.97 3.30 0.00
3987 1950 264 11130.00 9.20 16.80 1.05 3.90 0.00
3987 1950 265 8400.00 8.20 14.20 0.95 7.20 0.80
3987 1950 266 5750.00 7.60 12.10 0.99 8.30 1.90
3987 1950 267 8737.80 7.30 14.00 0.96 4.90 2.60
3987 1950 268 10820.00 8.20 19.00 1.20 5.10 1.30
3987 1950 269 8030.00 11.90 17.70 1.27 4.70 0.00
3987 1950 270 4900.00 8.50 13.40 1.07 5.40 0.00
3987 1950 271 8110.00 6.80 15.50 1.01 6.40 0.00
3987 1950 272 2440.00 11.10 14.70 1.31 5.00 0.20
3987 1950 273 9950.00 11.00 20.10 1.44 3.20 0.00
3987 1950 274 7020.00 11.00 17.50 1.29 5.20 0.40
3987 1950 275 7490.00 8.00 15.60 1.01 6.20 2.20
3987 1950 276 7720.00 7.80 14.30 0.95 7.00 0.40
3987 1950 277 9710.00 7.00 16.70 1.08 5.20 0.00
3987 1950 278 7910.00 11.20 18.90 1.17 2.40 0.00
3987 1950 279 10390.00 6.00 19.50 1.01 4.60 0.00
3987 1950 280 5410.00 9.60 18.40 1.33 4.00 0.00
3987 1950 281 3800.00 11.10 17.10 1.17 3.60 0.00
3987 1950 282 9560.00 10.90 16.60 0.84 3.70 0.10
3987 1950 283 7920.00 8.10 17.70 1.16 3.40 4.70
3987 1950 284 6120.00 8.10 12.90 0.93 7.20 3.60
3987 1950 285 9480.00 6.60 13.20 0.87 7.50 0.00
3987 1950 286 1720.00 6.20 11.40 1.13 1.90 0.10
3987 1950 287 8930.00 5.50 15.00 0.97 4.10 0.00
3987 1950 288 9100.00 4.30 18.20 1.00 3.90 0.00
3987 1950 289 8110.00 4.10 18.40 1.11 3.20 2.50
3987 1950 290 4480.00 9.80 13.80 1.17 5.00 5.80
3987 1950 291 4280.00 9.30 13.00 1.05 7.90 0.60
3987 1950 292 6600.00 7.10 14.20 0.99 4.80 0.00
3987 1950 293 1750.00 7.10 12.60 1.12 6.70 0.00
3987 1950 294 8630.00 5.30 12.40 0.73 6.00 0.00
3987 1950 295 9180.00 -0.20 11.70 0.61 2.30 0.00
3987 1950 296 8360.00 -0.40 11.10 0.61 4.20 0.00
3987 1950 297 4760.00 -0.90 7.80 0.65 4.00 0.00
3987 1950 298 7750.00 0.10 10.10 0.63 5.70 0.00
3987 1950 299 6850.00 -0.90 5.00 0.43 5.90 0.10
3987 1950 300 1000.00 -0.90 1.20 0.56 2.50 4.80
3987 1950 301 1580.00 -1.00 1.20 0.59 2.60 0.00
3987 1950 302 3790.00 -0.40 3.80 0.57 3.60 0.00
3987 1950 303 1040.00 -2.00 2.10 0.60 2.30 3.50
3987 1950 304 2160.00 0.10 4.00 0.67 1.30 0.00
3987 1950 305 2320.00 -1.00 3.40 0.69 0.80 0.10
3987 1950 306 1540.00 3.40 6.10 0.85 2.40 0.10
3987 1950 307 2190.00 1.40 6.30 0.76 6.00 4.70
3987 1950 308 520.00 3.10 3.80 0.71 5.10 0.00
3987 1950 309 1010.00 0.70 3.30 0.63 2.90 4.20
3987 1950 310 840.00 1.20 4.40 0.76 2.20 2.20
3987 1950 311 1620.00 1.00 4.40 0.64 4.50 0.10
3987 1950 312 6680.00 -1.60 6.00 0.57 4.90 0.70
3987 1950 313 1040.00 3.40 7.90 0.88 5.30 0.50
3987 1950 314 2480.00 6.00 8.30 0.84 4.70 9.80
3987 1950 315 3950.00 6.40 13.40 1.00 6.10 1.80
3987 1950 316 2090.00 5.20 10.00 1.01 4.40 0.20
3987 1950 317 1540.00 4.80 10.50 0.81 6.90 8.20
3987 1950 318 3250.00 4.10 8.50 0.73 5.40 1.60
3987 1950 319 2110.00 2.60 7.30 0.72 6.20 1.50
3987 1950 320 3710.00 1.60 6.40 0.64 4.30 0.00
3987 1950 321 1000.00 -0.10 2.60 0.64 3.00 0.60
3987 1950 322 800.00 -0.30 4.90 0.72 3.40 0.00
3987 1950 323 3340.00 -1.50 4.60 0.65 6.10 0.00
3987 1950 324 800.00 1.90 3.40 0.69 5.20 10.60
3987 1950 325 2190.00 2.40 7.00 0.77 4.30 0.20
3987 1950 326 2770.00 4.10 9.70 0.76 5.10 2.00
3987 1950 327 1750.00 4.10 8.20 0.77 5.30 0.40
3987 1950 328 1670.00 3.30 8.70 0.77 5.60 0.10
3987 1950 329 1370.00 2.90 5.20 0.76 2.20 0.00
3987 1950 330 1710.00 -0.80 3.50 0.65 2.80 0.00
3987 1950 331 1670.00 -0.30 4.30 0.64 5.00 0.00
3987 1950 332 1390.00 -1.20 8.20 0.79 6.90 4.10
3987 1950 333 1570.00 6.80 11.20 0.87 8.00 1.00
3987 1950 334 2480.00 3.00 7.10 0.71 7.30 0.00
3987 1950 335 1750.00 3.70 8.20 0.72 8.50 3.70
3987 1950 336 2600.00 3.60 9.50 0.64 8.10 3.10
3987 1950 337 320.00 0.40 4.00 0.64 4.40 3.50
3987 1950 338 1750.00 -1.40 2.10 0.53 6.10 1.30
3987 1950 339 2290.00 -2.90 0.80 0.45 4.80 0.00
3987 1950 340 920.00 -2.50 1.60 0.51 7.10 0.00
3987 1950 341 1760.00 -3.60 -0.60 0.43 4.20 0.00
3987 1950 342 680.00 -5.10 0.10 0.52 3.50 1.50
3987 1950 343 1196.39 -0.20 0.50 0.60 1.10 0.00
3987 1950 344 970.00 -1.10 0.40 0.57 2.10 0.00
3987 1950 345 2400.00 -2.50 1.10 0.57 5.00 0.90
3987 1950 346 2720.00 -1.70 3.90 0.57 5.00 0.00
3987 1950 347 720.00 -1.90 1.80 0.56 4.30 0.40
3987 1950 348 3090.00 -3.20 3.80 0.53 3.70 0.00
3987 1950 349 2290.00 -3.90 2.90 0.55 3.90 0.00
3987 1950 350 2160.00 -0.40 2.80 0.52 4.10 0.00
3987 1950 351 1910.00 -3.30 0.70 0.43 4.60 0.00
3987 1950 352 1930.00 -7.40 -2.80 0.36 4.00 0.40
3987 1950 353 360.00 -8.70 -1.50 0.43 3.80 4.00
3987 1950 354 320.00 -2.00 1.50 0.65 4.50 0.60
3987 1950 355 200.00 -1.40 0.50 0.55 2.80 0.10
3987 1950 356 240.00 -2.20 -0.60 0.52 4.20 0.00
3987 1950 357 440.00 -2.40 -0.20 0.52 2.50 0.00
3987 1950 358 640.00 -4.00 -0.20 0.48 2.40 0.00
3987 1950 359 600.00 -4.60 0.60 0.52 2.20 0.00
3987 1950 360 520.00 -1.50 0.20 0.47 4.40 0.80
3987 1950 361 1460.00 -4.70 0.00 0.33 7.20 0.00
3987 1950 362 3250.00 -10.30 -4.60 0.28 5.20 0.00
3987 1950 363 840.00 -11.70 -9.00 0.27 1.90 0.00
3987 1950 364 2570.00 -15.50 -10.00 0.19 2.60 0.00
3987 1950 365 3180.00 -14.90 -7.60 0.23 4.20 0.10
