*---------------------------------------------------------------------------*
* Station name: Potsdam Saekularstation
* Year: 1930
* Author: Pedro Alencar                                   -999.000: NIL VALUE
* Source: DWD
* Comments: Gaps filled with interpolation and storical means
* Longitude: 13.0622, latitude: 52.3812, altitude: 82.0 m.
*
    * Column  Daily value
    * 1       station number
    * 2       year
    * 3       day
    * 4       irradiation                   (kJ m-2 d-1)
    * 5       minimum temperature           (degrees Celsius
    * 6       maximum temperature           (degrees Celsius)
    * 7       early morning vapour pressure (kPa)
    * 8       mean wind speed (height: 2 m) (m s-1)
    * 9       precipitation                 (mm d-1)
    *
** WCCDESCRIPTION=Potsdam, Germany
** WCCFORMAT=2
** WCCYEARNR=1930
*---------------------------------------------------------------------------*
   13.0622 52.3812 82.0 -0.18 -0.55
3987 1930 1 1544.10 2.30 4.30 0.60 7.00 5.60
3987 1930 2 1922.55 1.60 6.60 0.73 9.70 11.60
3987 1930 3 1932.97 4.70 6.90 0.81 7.80 0.50
3987 1930 4 2277.50 5.30 10.80 0.85 7.40 0.00
3987 1930 5 2897.96 0.90 5.90 0.59 6.60 0.00
3987 1930 6 3755.02 0.10 9.60 0.69 5.40 0.00
3987 1930 7 4474.83 0.80 8.10 0.68 5.40 0.00
3987 1930 8 4570.23 -2.10 3.60 0.55 5.30 0.20
3987 1930 9 2963.64 -0.10 5.60 0.60 5.80 0.00
3987 1930 10 2041.42 -1.00 2.90 0.59 5.80 0.10
3987 1930 11 4258.05 -1.10 4.10 0.52 7.60 0.70
3987 1930 12 4081.12 0.00 4.40 0.56 7.60 5.50
3987 1930 13 1884.38 0.00 6.50 0.64 12.30 0.00
3987 1930 14 2040.26 1.80 8.60 0.85 6.10 1.10
3987 1930 15 2246.32 4.00 10.20 0.85 6.60 6.50
3987 1930 16 1968.38 0.90 8.10 0.75 4.30 0.00
3987 1930 17 1871.71 -3.50 0.90 0.48 2.50 0.00
3987 1930 18 2645.07 -3.00 2.50 0.49 5.30 0.40
3987 1930 19 2480.40 0.80 8.70 0.61 4.60 0.00
3987 1930 20 4850.49 2.50 10.00 0.57 5.40 0.20
3987 1930 21 1980.75 0.60 5.30 0.73 3.20 0.30
3987 1930 22 2703.39 -0.10 4.00 0.64 4.70 0.20
3987 1930 23 5380.55 -2.90 2.50 0.51 4.90 0.00
3987 1930 24 2594.68 -2.30 1.80 0.52 4.70 0.00
3987 1930 25 5939.67 -3.90 2.90 0.48 5.30 0.00
3987 1930 26 2375.52 -5.10 1.60 0.48 5.30 0.00
3987 1930 27 2207.17 -5.00 0.00 0.53 3.90 0.10
3987 1930 28 2241.77 -0.20 1.20 0.63 3.30 0.00
3987 1930 29 2283.45 -0.20 0.60 0.63 2.50 0.30
3987 1930 30 2326.51 -0.60 0.50 0.60 2.00 0.50
3987 1930 31 2371.57 -1.40 0.00 0.57 2.00 0.40
3987 1930 32 2418.63 -3.10 -1.10 0.48 4.30 0.00
3987 1930 33 2462.69 -3.00 -0.80 0.53 3.90 0.00
3987 1930 34 2505.86 -2.80 1.10 0.57 2.90 0.20
3987 1930 35 2836.15 -0.70 2.10 0.63 3.60 0.00
3987 1930 36 2589.50 0.20 4.90 0.69 5.20 0.30
3987 1930 37 2649.16 -0.90 3.40 0.60 3.80 0.00
3987 1930 38 2699.75 -1.50 1.30 0.49 4.90 0.00
3987 1930 39 2881.66 -5.10 -0.10 0.41 3.30 2.00
3987 1930 40 7392.78 -6.90 3.10 0.37 2.70 0.00
3987 1930 41 8043.08 -7.20 2.90 0.44 4.40 0.00
3987 1930 42 2909.90 -0.40 1.00 0.63 3.80 0.30
3987 1930 43 2967.38 -1.90 0.50 0.56 4.20 0.00
3987 1930 44 3025.60 -1.30 0.60 0.57 3.70 0.00
3987 1930 45 3606.95 -3.30 -0.50 0.49 2.90 0.00
3987 1930 46 4430.09 -4.10 7.20 0.60 7.40 1.20
3987 1930 47 4785.56 -2.00 4.40 0.57 3.90 0.50
3987 1930 48 7348.03 -4.50 2.60 0.51 3.40 0.00
3987 1930 49 3319.19 -1.40 1.30 0.52 6.90 0.00
3987 1930 50 7374.98 -4.80 3.20 0.37 5.90 0.00
3987 1930 51 3446.66 -4.30 0.30 0.51 3.60 0.00
3987 1930 52 9046.00 -1.40 5.60 0.48 6.10 0.00
3987 1930 53 4284.24 -2.70 1.70 0.48 7.60 0.00
3987 1930 54 3634.20 -1.30 1.70 0.44 7.70 0.00
3987 1930 55 10767.87 -3.50 4.80 0.43 7.80 0.00
3987 1930 56 10903.85 -4.30 6.00 0.40 6.50 0.00
3987 1930 57 11260.57 -4.00 6.70 0.37 6.10 0.00
3987 1930 58 10859.51 -4.20 9.80 0.44 4.20 0.00
3987 1930 59 6609.04 0.30 9.40 0.51 3.00 0.00
3987 1930 60 4050.67 -4.10 1.40 0.52 2.30 0.00
3987 1930 61 6066.34 -4.00 1.20 0.53 2.90 0.00
3987 1930 62 11902.40 -3.30 10.20 0.52 4.00 0.00
3987 1930 63 8659.19 -4.00 10.20 0.59 4.40 0.10
3987 1930 64 5734.31 4.00 7.00 0.69 9.70 0.00
3987 1930 65 4379.57 1.70 4.80 0.60 5.30 0.00
3987 1930 66 6571.24 -0.80 10.00 0.56 4.30 0.00
3987 1930 67 7637.59 0.30 9.30 0.68 5.70 0.00
3987 1930 68 9132.02 4.90 12.50 0.71 5.20 0.00
3987 1930 69 12722.87 1.50 16.40 0.64 6.50 0.40
3987 1930 70 6884.05 -0.90 10.30 0.57 6.20 0.20
3987 1930 71 11381.93 -2.70 5.90 0.48 4.30 0.20
3987 1930 72 8053.71 -4.20 3.00 0.53 5.10 1.60
3987 1930 73 8148.70 -4.00 3.80 0.55 4.30 2.60
3987 1930 74 5066.69 0.10 1.90 0.59 5.30 5.50
3987 1930 75 5237.76 -1.80 1.50 0.59 8.20 7.30
3987 1930 76 7074.87 0.20 8.70 0.68 5.30 0.90
3987 1930 77 6073.65 2.40 13.20 0.87 6.20 0.70
3987 1930 78 8529.23 0.80 11.20 0.56 4.50 0.20
3987 1930 79 6086.62 1.30 7.30 0.59 5.90 0.00
3987 1930 80 15784.55 -1.80 9.50 0.47 6.70 0.00
3987 1930 81 10259.62 0.60 13.50 0.60 7.20 0.00
3987 1930 82 14501.82 -1.60 9.70 0.51 4.90 0.00
3987 1930 83 5733.91 3.70 8.30 0.73 5.70 1.90
3987 1930 84 15843.08 -0.50 10.70 0.48 3.60 0.00
3987 1930 85 6177.22 2.80 8.60 0.67 7.50 1.00
3987 1930 86 6556.14 1.90 7.50 0.59 7.80 0.00
3987 1930 87 9831.39 1.50 12.40 0.68 3.10 1.40
3987 1930 88 15750.87 3.50 16.20 0.73 6.70 3.30
3987 1930 89 12584.12 4.90 14.20 0.80 4.20 1.60
3987 1930 90 17491.72 3.60 15.10 0.71 3.70 0.00
3987 1930 91 18459.36 0.70 14.40 0.45 5.70 0.00
3987 1930 92 18741.43 -0.70 13.40 0.44 6.20 0.00
3987 1930 93 7965.32 -0.60 5.60 0.51 8.80 0.00
3987 1930 94 8023.03 0.30 7.40 0.67 7.80 2.50
3987 1930 95 7468.53 5.90 11.70 0.97 5.10 1.80
3987 1930 96 9192.77 3.10 11.90 0.80 3.50 0.00
3987 1930 97 7727.30 4.10 12.30 0.89 3.50 0.00
3987 1930 98 6877.33 5.10 9.10 0.89 3.10 0.00
3987 1930 99 7143.74 5.00 12.50 0.87 2.40 0.90
3987 1930 100 8598.00 6.50 10.60 0.93 3.80 0.50
3987 1930 101 13849.91 3.60 14.60 0.79 2.20 0.50
3987 1930 102 11173.53 6.70 16.10 0.81 3.90 0.20
3987 1930 103 11518.17 7.20 17.60 1.05 4.60 2.50
3987 1930 104 7323.90 5.70 8.00 0.92 5.10 8.30
3987 1930 105 7387.06 6.40 8.10 1.01 4.60 3.40
3987 1930 106 7453.28 7.40 9.70 1.04 3.20 1.10
3987 1930 107 9384.35 5.40 10.70 1.00 2.80 11.70
3987 1930 108 7616.62 5.10 8.10 0.91 4.40 3.20
3987 1930 109 7681.03 4.10 8.20 0.80 2.90 0.00
3987 1930 110 10727.85 4.60 11.90 0.79 3.40 0.00
3987 1930 111 18104.51 4.50 15.80 0.73 4.80 5.00
3987 1930 112 16587.33 5.40 12.70 0.79 4.20 0.00
3987 1930 113 22069.60 3.50 19.70 0.75 6.40 0.00
3987 1930 114 19084.38 7.30 21.50 1.04 5.90 1.80
3987 1930 115 14254.24 12.30 21.70 1.37 3.00 0.00
3987 1930 116 15911.21 10.10 24.10 1.39 3.10 11.30
3987 1930 117 18617.28 10.80 20.90 1.07 5.80 0.00
3987 1930 118 13745.05 9.60 20.40 0.88 6.70 0.00
3987 1930 119 24002.39 8.60 20.70 0.75 7.50 0.00
3987 1930 120 15646.72 2.00 13.90 0.73 6.80 0.00
3987 1930 121 23481.05 1.60 17.50 0.65 4.20 0.00
3987 1930 122 24031.75 5.70 21.30 0.73 3.40 0.00
3987 1930 123 24557.25 7.40 23.00 0.88 3.70 0.00
3987 1930 124 24710.86 7.60 20.80 0.96 3.80 0.00
3987 1930 125 12458.56 7.70 17.20 1.01 2.90 2.00
3987 1930 126 14512.82 7.40 17.50 1.07 3.10 0.00
3987 1930 127 14798.91 9.30 20.20 1.24 5.60 5.80
3987 1930 128 8982.86 6.70 11.30 0.88 5.00 2.50
3987 1930 129 13523.64 4.90 11.30 0.71 5.90 1.50
3987 1930 130 16848.30 1.80 13.90 0.85 5.50 0.80
3987 1930 131 14671.40 5.90 14.40 0.84 3.30 7.00
3987 1930 132 10696.27 7.70 15.10 1.08 4.50 3.80
3987 1930 133 14305.99 7.20 15.30 0.89 5.90 1.20
3987 1930 134 11404.47 8.00 13.10 1.12 3.00 0.80
3987 1930 135 13109.28 8.80 15.20 1.09 4.80 2.70
3987 1930 136 18139.95 3.30 15.90 0.95 2.80 0.00
3987 1930 137 18560.98 7.50 21.20 1.04 3.70 0.00
3987 1930 138 20255.40 9.00 24.40 1.35 5.20 17.10
3987 1930 139 19536.74 7.30 16.10 0.95 7.70 0.00
3987 1930 140 16434.90 6.20 16.10 0.92 3.10 0.00
3987 1930 141 13013.64 9.80 17.00 1.20 3.20 2.20
3987 1930 142 17111.04 8.10 20.20 1.21 3.10 10.40
3987 1930 143 19957.93 10.00 21.50 1.27 6.00 0.00
3987 1930 144 16306.91 11.70 23.00 1.40 5.20 0.70
3987 1930 145 12799.16 12.40 18.50 1.28 5.00 0.80
3987 1930 146 25256.79 8.90 21.20 1.12 5.20 0.00
3987 1930 147 10101.50 11.80 18.40 1.37 3.10 0.70
3987 1930 148 25546.12 10.50 24.10 1.27 4.40 0.00
3987 1930 149 17913.85 13.10 23.90 1.44 3.60 0.20
3987 1930 150 27111.54 11.00 22.10 1.03 3.60 0.00
3987 1930 151 22673.39 7.90 22.60 1.00 3.60 0.00
3987 1930 152 19906.01 12.10 25.30 1.33 4.00 2.50
3987 1930 153 25255.98 12.40 23.80 1.52 4.10 0.00
3987 1930 154 10301.10 12.30 17.40 1.27 5.10 0.00
3987 1930 155 24645.32 7.10 18.00 0.75 5.40 0.00
3987 1930 156 28727.79 6.00 20.50 0.75 4.90 0.00
3987 1930 157 28774.28 6.20 23.40 0.79 5.10 0.00
3987 1930 158 28330.06 8.90 26.60 1.01 5.20 0.00
3987 1930 159 24760.21 11.90 21.60 1.08 5.40 0.00
3987 1930 160 28828.19 6.40 20.40 0.92 2.90 0.00
3987 1930 161 28363.76 9.70 27.50 1.05 3.90 0.00
3987 1930 162 26287.13 14.00 28.80 1.31 3.60 0.00
3987 1930 163 23703.23 15.90 32.80 1.39 4.30 0.00
3987 1930 164 24311.85 16.70 32.40 1.48 4.70 0.00
3987 1930 165 24576.52 17.80 32.40 1.67 4.30 0.00
3987 1930 166 18992.51 14.40 26.10 1.64 5.00 0.00
3987 1930 167 27429.91 13.20 26.00 1.12 6.50 0.00
3987 1930 168 28589.81 11.70 26.70 1.00 5.50 0.00
3987 1930 169 28813.41 13.00 27.80 0.97 4.40 0.00
3987 1930 170 28055.99 13.20 29.60 1.04 4.60 0.00
3987 1930 171 23824.56 14.40 31.00 1.31 4.10 1.40
3987 1930 172 11065.44 15.10 23.30 1.73 3.10 0.20
3987 1930 173 23392.94 15.60 27.40 1.69 3.10 0.00
3987 1930 174 21170.96 15.70 31.80 1.68 3.70 0.80
3987 1930 175 16541.89 16.50 27.60 1.73 3.90 0.00
3987 1930 176 23941.12 14.90 24.80 1.07 5.50 0.00
3987 1930 177 10384.16 13.00 18.80 1.45 3.50 9.00
3987 1930 178 12871.26 13.80 23.80 1.93 4.50 4.50
3987 1930 179 22474.47 14.80 24.90 1.45 6.20 0.00
3987 1930 180 21128.80 14.80 25.00 1.36 2.70 0.00
3987 1930 181 28396.70 12.70 25.50 1.23 3.40 0.00
3987 1930 182 28992.18 12.00 26.40 1.12 5.50 0.00
3987 1930 183 29130.47 12.40 29.30 0.97 5.00 0.00
3987 1930 184 28400.77 14.10 32.60 0.99 4.30 0.00
3987 1930 185 25986.75 16.20 32.70 1.09 5.40 0.00
3987 1930 186 17931.78 16.10 33.70 1.68 5.00 6.80
3987 1930 187 21949.88 13.50 24.80 1.55 3.60 0.00
3987 1930 188 21919.32 15.90 25.20 1.37 6.10 0.50
3987 1930 189 12849.21 12.90 19.00 1.07 7.20 0.00
3987 1930 190 17604.89 11.40 20.70 1.23 7.90 0.00
3987 1930 191 15212.78 10.30 19.30 1.04 8.10 0.00
3987 1930 192 15309.09 9.70 18.80 1.01 4.20 5.90
3987 1930 193 9898.95 10.40 14.20 1.29 2.40 2.10
3987 1930 194 11973.41 11.70 21.80 1.37 3.90 0.70
3987 1930 195 16006.48 12.00 22.00 1.32 4.10 0.00
3987 1930 196 15745.28 12.70 21.20 1.48 3.80 1.90
3987 1930 197 14477.01 12.30 21.60 1.40 4.40 0.00
3987 1930 198 14074.50 13.20 23.00 1.43 4.70 3.10
3987 1930 199 11078.51 14.90 22.20 1.69 3.70 47.60
3987 1930 200 12129.87 13.30 19.70 1.41 10.90 0.90
3987 1930 201 12438.74 13.20 20.90 1.35 8.20 0.10
3987 1930 202 14595.32 11.50 24.90 1.41 4.80 1.20
3987 1930 203 15564.44 12.90 20.80 1.09 6.40 0.00
3987 1930 204 18682.04 9.90 22.70 1.08 3.50 16.20
3987 1930 205 10292.82 13.40 17.10 1.53 4.80 10.90
3987 1930 206 9306.25 12.30 14.20 1.47 11.80 48.40
3987 1930 207 13132.95 13.90 19.40 1.52 9.20 0.00
3987 1930 208 13641.02 12.10 22.40 1.59 4.50 0.00
3987 1930 209 11722.46 13.70 21.80 1.61 3.50 11.30
3987 1930 210 16009.54 13.20 22.40 1.48 5.90 5.20
3987 1930 211 14559.55 12.30 20.30 1.40 5.90 5.50
3987 1930 212 12774.21 11.70 18.00 1.45 6.80 8.40
3987 1930 213 17827.76 10.20 19.90 1.23 5.80 0.00
3987 1930 214 24383.83 12.10 26.00 1.27 5.00 0.00
3987 1930 215 12420.59 14.30 22.10 1.67 4.80 2.20
3987 1930 216 13498.41 13.00 21.20 1.48 6.40 1.40
3987 1930 217 20010.00 13.00 24.10 1.52 4.70 0.10
3987 1930 218 15281.49 11.40 19.20 1.47 6.00 2.50
3987 1930 219 16034.19 10.40 20.70 1.41 4.60 3.50
3987 1930 220 20420.23 9.60 20.90 1.32 3.50 0.00
3987 1930 221 14388.00 10.70 20.70 1.37 5.00 0.00
3987 1930 222 11649.80 11.60 20.40 1.51 5.50 0.10
3987 1930 223 8838.86 13.60 21.20 1.77 4.00 0.70
3987 1930 224 18401.87 15.10 24.10 1.48 6.60 0.00
3987 1930 225 17370.58 11.00 20.20 1.27 5.70 0.60
3987 1930 226 11199.69 11.10 17.20 1.29 6.50 12.90
3987 1930 227 8530.89 10.40 14.40 1.21 11.50 14.80
3987 1930 228 8240.61 10.30 15.00 1.36 10.30 17.30
3987 1930 229 8163.67 12.30 15.80 1.47 10.40 9.10
3987 1930 230 17176.72 12.40 21.50 1.47 4.90 0.00
3987 1930 231 9336.75 12.30 21.00 1.72 4.00 3.50
3987 1930 232 13359.76 13.40 20.30 1.41 3.40 0.00
3987 1930 233 17965.42 9.20 22.40 1.59 5.00 0.00
3987 1930 234 14980.08 16.70 23.10 1.60 4.80 0.00
3987 1930 235 12331.37 11.80 20.30 1.41 2.70 3.80
3987 1930 236 16132.86 13.00 20.80 1.29 7.50 0.10
3987 1930 237 20487.00 10.30 21.40 1.31 6.10 0.00
3987 1930 238 21685.98 10.30 24.40 1.20 3.00 0.00
3987 1930 239 21119.71 12.50 30.70 1.39 3.70 0.00
3987 1930 240 21033.58 14.10 27.40 1.43 4.40 0.00
3987 1930 241 21186.74 11.70 22.90 1.53 4.90 0.00
3987 1930 242 19734.92 12.30 26.00 1.49 5.00 0.00
3987 1930 243 19855.82 11.40 28.90 1.43 4.50 0.30
3987 1930 244 10768.39 13.60 20.60 1.24 5.70 0.10
3987 1930 245 13211.71 8.80 17.80 1.20 6.60 0.50
3987 1930 246 12591.82 9.80 16.70 1.20 6.90 0.10
3987 1930 247 15095.06 6.70 17.30 0.97 4.90 0.00
3987 1930 248 10529.41 7.10 17.50 1.01 2.60 0.00
3987 1930 249 9501.47 10.20 19.40 1.20 5.70 2.20
3987 1930 250 7995.70 12.00 17.20 1.48 4.50 5.50
3987 1930 251 6909.07 11.30 15.30 1.43 5.00 4.40
3987 1930 252 6431.01 12.30 15.50 1.43 4.20 0.10
3987 1930 253 9239.15 9.80 17.40 1.21 4.30 0.00
3987 1930 254 14073.25 7.50 18.60 1.01 6.50 0.00
3987 1930 255 8842.28 10.20 18.90 1.19 9.50 0.00
3987 1930 256 7370.72 13.30 19.00 1.57 4.70 0.00
3987 1930 257 10077.33 11.80 21.40 1.51 5.10 0.00
3987 1930 258 13422.64 11.80 21.80 1.40 4.90 0.00
3987 1930 259 9059.23 10.00 15.20 1.11 7.50 0.20
3987 1930 260 11310.44 11.60 19.00 1.23 6.40 0.00
3987 1930 261 5737.35 9.90 16.10 1.57 4.30 10.50
3987 1930 262 11612.93 9.50 19.50 1.27 4.50 1.20
3987 1930 263 5585.37 13.20 16.90 1.59 5.80 6.70
3987 1930 264 9554.66 10.80 17.40 1.08 6.80 0.00
3987 1930 265 7163.61 12.20 17.60 1.36 6.90 1.10
3987 1930 266 9788.63 12.00 17.90 1.32 3.70 0.00
3987 1930 267 13513.72 9.60 21.20 1.23 4.90 0.00
3987 1930 268 6472.30 9.90 18.90 1.23 5.20 0.60
3987 1930 269 6216.87 8.00 16.20 1.23 3.30 1.10
3987 1930 270 5083.61 9.60 11.20 1.21 5.70 13.40
3987 1930 271 5703.00 9.60 14.30 1.23 5.70 0.20
3987 1930 272 12196.93 6.30 19.40 1.29 4.20 0.20
3987 1930 273 4847.77 11.60 14.90 1.39 3.80 33.30
3987 1930 274 5816.89 5.10 12.00 1.04 4.20 0.10
3987 1930 275 11220.69 1.10 13.30 0.69 3.40 0.00
3987 1930 276 13653.90 1.90 14.40 0.68 4.30 0.00
3987 1930 277 8685.91 2.60 13.00 0.96 5.00 6.20
3987 1930 278 4886.10 10.70 15.40 1.25 7.90 5.20
3987 1930 279 4831.72 7.80 11.90 1.01 7.90 2.70
3987 1930 280 6034.40 7.30 12.00 0.96 8.50 0.50
3987 1930 281 4746.78 5.90 12.90 1.20 7.20 6.00
3987 1930 282 5227.87 7.60 13.50 0.96 10.40 0.70
3987 1930 283 11737.19 5.40 13.50 0.77 7.90 0.00
3987 1930 284 5770.80 3.40 12.10 0.88 4.70 2.50
3987 1930 285 4840.38 7.90 12.00 0.99 3.90 0.00
3987 1930 286 8286.77 7.20 15.60 0.96 5.40 0.00
3987 1930 287 10300.35 4.80 17.90 1.03 4.80 0.00
3987 1930 288 10544.44 3.70 16.90 0.96 4.80 0.00
3987 1930 289 10150.24 7.60 20.10 1.17 5.60 0.00
3987 1930 290 10320.73 6.40 18.70 1.11 4.70 0.10
3987 1930 291 9882.02 7.80 20.00 1.21 4.90 0.00
3987 1930 292 3880.98 9.70 16.40 1.35 3.70 0.00
3987 1930 293 4099.93 8.10 14.90 1.13 4.30 0.00
3987 1930 294 3412.83 6.10 13.00 1.16 3.30 1.50
3987 1930 295 3356.80 7.10 10.80 1.08 3.10 4.00
3987 1930 296 3700.10 7.70 10.80 1.00 4.40 0.00
3987 1930 297 3579.44 4.10 7.90 0.88 5.80 2.10
3987 1930 298 7270.84 3.60 10.00 0.77 4.30 0.00
3987 1930 299 3134.35 1.90 5.80 0.83 3.10 3.40
3987 1930 300 3068.54 4.00 9.10 0.80 10.80 2.20
3987 1930 301 3016.17 5.00 7.20 0.84 9.70 1.10
3987 1930 302 2950.11 3.80 10.00 1.08 5.80 14.70
3987 1930 303 2883.20 9.20 13.20 1.36 7.70 11.30
3987 1930 304 4365.95 5.90 12.60 0.99 8.10 0.40
3987 1930 305 2802.67 0.60 6.70 0.77 4.20 7.50
3987 1930 306 3858.66 6.10 13.50 1.09 7.90 12.30
3987 1930 307 2919.63 8.50 11.50 0.87 8.30 0.00
3987 1930 308 2645.62 5.10 9.10 0.85 4.90 0.00
3987 1930 309 4514.92 1.20 6.90 0.67 4.20 0.00
3987 1930 310 6730.09 -0.40 8.00 0.61 4.60 0.00
3987 1930 311 5105.81 -1.80 6.20 0.67 5.70 4.00
3987 1930 312 2455.78 1.90 6.80 0.83 7.70 1.70
3987 1930 313 3762.91 5.50 11.70 1.03 8.50 1.60
3987 1930 314 2845.60 7.30 11.00 0.96 8.80 5.40
3987 1930 315 3611.38 3.50 7.40 0.72 12.30 1.00
3987 1930 316 5250.10 3.70 7.70 0.73 8.60 0.10
3987 1930 317 2238.32 4.60 7.50 0.85 10.60 0.00
3987 1930 318 2202.54 3.80 7.80 0.80 8.40 0.00
3987 1930 319 2158.74 2.70 10.10 0.77 9.00 4.50
3987 1930 320 4877.14 0.10 8.70 0.61 6.40 2.80
3987 1930 321 2506.55 -0.70 1.70 0.57 8.50 0.00
3987 1930 322 3163.06 -0.90 2.70 0.56 7.30 0.00
3987 1930 323 2036.06 -3.00 1.00 0.52 5.80 6.30
3987 1930 324 2001.07 -0.30 0.20 0.60 4.40 10.60
3987 1930 325 1950.27 -0.10 10.60 1.00 6.90 7.90
3987 1930 326 2002.95 9.20 13.30 1.11 8.40 3.00
3987 1930 327 2078.09 4.10 11.40 0.88 12.30 3.10
3987 1930 328 1914.12 2.10 6.80 0.71 10.20 3.70
3987 1930 329 2200.30 1.40 9.40 0.87 5.90 1.50
3987 1930 330 2930.20 5.50 13.00 1.03 6.50 0.00
3987 1930 331 2047.39 6.90 11.70 1.00 4.60 0.00
3987 1930 332 2114.82 3.10 9.00 0.88 5.70 0.10
3987 1930 333 3099.15 4.60 9.10 0.92 6.00 0.10
3987 1930 334 3763.86 5.10 11.40 0.88 5.60 0.10
3987 1930 335 1692.45 4.20 5.70 0.88 3.00 0.20
3987 1930 336 2237.13 2.70 5.10 0.63 4.00 0.00
3987 1930 337 4847.26 -1.90 4.50 0.53 4.70 0.00
3987 1930 338 1650.11 -3.30 -1.00 0.48 2.10 0.00
3987 1930 339 1632.99 -4.00 -2.30 0.47 2.40 0.00
3987 1930 340 1822.40 -3.40 0.40 0.57 4.20 0.90
3987 1930 341 1594.33 -0.20 1.10 0.61 3.10 0.00
3987 1930 342 1575.05 0.20 4.60 0.73 4.40 2.10
3987 1930 343 1772.33 0.50 3.50 0.68 4.00 0.10
3987 1930 344 1552.76 -0.10 2.10 0.67 3.50 0.10
3987 1930 345 1542.76 0.50 2.10 0.64 3.80 0.50
3987 1930 346 1531.75 0.80 2.20 0.67 3.60 0.50
3987 1930 347 1522.68 0.80 1.70 0.64 4.80 2.60
3987 1930 348 1513.23 0.20 3.20 0.71 4.00 0.20
3987 1930 349 1504.44 1.90 4.00 0.75 3.10 0.30
3987 1930 350 1508.73 -3.80 3.20 0.48 3.10 0.10
3987 1930 351 1504.17 -5.10 -1.20 0.47 4.70 4.10
3987 1930 352 1497.73 -2.70 -0.90 0.51 5.60 0.70
3987 1930 353 2973.15 -3.10 4.00 0.52 4.60 0.00
3987 1930 354 1489.27 0.30 1.50 0.57 3.70 0.00
3987 1930 355 2615.13 -4.50 0.90 0.41 2.80 0.10
3987 1930 356 2006.84 -1.20 4.20 0.65 5.10 0.20
3987 1930 357 1573.37 -2.00 2.20 0.53 3.40 0.00
3987 1930 358 2990.81 -5.80 -1.60 0.41 3.80 0.00
3987 1930 359 3278.81 -6.10 -2.30 0.37 2.80 0.00
3987 1930 360 1506.60 -3.50 -1.10 0.45 2.10 0.00
3987 1930 361 2321.42 -4.10 -1.00 0.47 5.40 1.70
3987 1930 362 1874.24 -3.00 4.20 0.69 6.10 0.20
3987 1930 363 2490.80 0.50 3.10 0.64 6.20 0.00
3987 1930 364 2092.50 0.90 5.50 0.65 6.20 1.50
3987 1930 365 1575.43 0.60 3.40 0.64 7.30 1.20
