*---------------------------------------------------------------------------*
* Station name: Potsdam Saekularstation
* Year: 1954
* Author: Pedro Alencar                                   -999.000: NIL VALUE
* Source: DWD
* Comments: Gaps filled with interpolation and storical means
* Longitude: 13.0622, latitude: 52.3812, altitude: 82.0 m.
*
    * Column  Daily value
    * 1       station number
    * 2       year
    * 3       day
    * 4       irradiation                   (kJ m-2 d-1)
    * 5       minimum temperature           (degrees Celsius
    * 6       maximum temperature           (degrees Celsius)
    * 7       early morning vapour pressure (kPa)
    * 8       mean wind speed (height: 2 m) (m s-1)
    * 9       precipitation                 (mm d-1)
    *
** WCCDESCRIPTION=Potsdam, Germany
** WCCFORMAT=2
** WCCYEARNR=1954
*---------------------------------------------------------------------------*
   13.0622 52.3812 82.0 -0.18 -0.55
3987 1954 1 1570.00 -7.50 -2.10 0.41 1.80 0.00
3987 1954 2 1040.00 -5.20 -2.10 0.43 3.80 2.60
3987 1954 3 1240.00 -2.50 0.50 0.56 7.10 2.90
3987 1954 4 1750.00 -2.80 -0.40 0.52 4.00 2.50
3987 1954 5 3670.00 -8.40 -2.00 0.31 6.20 0.00
3987 1954 6 3020.00 -11.60 -7.50 0.24 5.00 0.00
3987 1954 7 1090.00 -10.70 -7.60 0.28 1.40 0.00
3987 1954 8 1000.00 -8.80 -0.50 0.45 2.10 0.60
3987 1954 9 1020.00 -8.80 0.30 0.49 6.60 7.70
3987 1954 10 4080.00 -6.50 -0.80 0.37 6.00 0.00
3987 1954 11 3880.00 -6.80 -0.70 0.37 4.80 2.00
3987 1954 12 600.00 -7.20 3.20 0.60 4.90 4.20
3987 1954 13 1920.00 1.80 3.80 0.61 6.20 1.70
3987 1954 14 2640.00 0.50 4.40 0.57 7.30 0.10
3987 1954 15 1410.00 0.80 7.70 0.80 7.90 8.70
3987 1954 16 1830.00 2.90 7.40 0.63 14.20 0.00
3987 1954 17 1410.00 0.40 6.00 0.63 9.90 1.70
3987 1954 18 3100.00 -1.60 3.90 0.60 5.80 0.90
3987 1954 19 1760.00 1.30 4.40 0.63 5.10 1.30
3987 1954 20 1090.00 2.10 8.30 0.80 10.60 2.00
3987 1954 21 5020.00 0.70 4.50 0.48 8.20 0.20
3987 1954 22 640.00 -5.00 0.80 0.49 5.60 0.00
3987 1954 23 3490.00 -10.60 -3.50 0.33 2.70 1.50
3987 1954 24 4240.00 -10.40 -3.50 0.31 2.10 0.00
3987 1954 25 3170.00 -11.60 -3.90 0.29 3.40 0.10
3987 1954 26 5140.00 -16.50 -11.10 0.15 4.90 0.00
3987 1954 27 6110.00 -15.90 -7.60 0.15 4.40 0.00
3987 1954 28 6130.00 -17.90 -5.10 0.19 4.70 0.00
3987 1954 29 6070.00 -11.40 -5.00 0.24 5.40 0.00
3987 1954 30 5270.00 -15.40 -9.80 0.15 5.10 0.00
3987 1954 31 5400.00 -19.30 -12.40 0.12 4.10 0.00
3987 1954 32 6230.00 -20.00 -11.20 0.11 5.40 0.00
3987 1954 33 6570.00 -16.70 -7.70 0.15 6.40 0.00
3987 1954 34 5150.00 -13.10 -6.10 0.23 4.70 0.00
3987 1954 35 6030.00 -11.30 -3.20 0.25 5.10 0.00
3987 1954 36 6800.00 -14.40 -2.40 0.21 4.50 0.00
3987 1954 37 5700.00 -7.20 -0.30 0.35 4.80 0.00
3987 1954 38 7290.00 -12.20 -2.70 0.24 5.60 0.00
3987 1954 39 5510.00 -15.00 -7.50 0.23 4.70 0.00
3987 1954 40 1500.00 -8.70 0.40 0.47 4.20 0.10
3987 1954 41 3260.00 -3.90 -0.70 0.41 3.20 0.10
3987 1954 42 2930.00 -4.00 -0.30 0.41 4.60 0.00
3987 1954 43 2570.00 -5.90 -3.40 0.39 5.30 0.00
3987 1954 44 5710.00 -7.20 5.10 0.49 4.20 0.00
3987 1954 45 1540.00 -4.10 1.20 0.56 4.70 0.00
3987 1954 46 1160.00 -1.70 0.70 0.52 5.00 0.20
3987 1954 47 2080.00 -6.70 -1.60 0.35 4.30 1.60
3987 1954 48 8350.00 -12.20 -4.20 0.23 3.10 0.00
3987 1954 49 8540.00 -13.30 -4.90 0.23 4.40 0.00
3987 1954 50 8220.00 -12.10 -4.40 0.21 7.60 0.00
3987 1954 51 9170.00 -15.20 -5.10 0.17 7.00 0.00
3987 1954 52 10390.00 -16.80 -4.00 0.15 5.30 0.00
3987 1954 53 9750.00 -17.00 -3.30 0.15 4.30 0.00
3987 1954 54 10390.00 -15.00 -1.80 0.20 5.70 0.00
3987 1954 55 8840.00 -12.60 2.70 0.28 5.40 0.00
3987 1954 56 5790.00 -4.80 8.20 0.57 5.00 1.20
3987 1954 57 2840.00 2.00 5.80 0.68 6.00 2.60
3987 1954 58 5320.00 0.50 7.40 0.67 4.40 1.50
3987 1954 59 5210.00 0.30 5.80 0.60 5.00 0.30
3987 1954 60 5610.00 0.50 5.70 0.55 5.70 1.00
3987 1954 61 9850.00 -3.50 5.80 0.44 5.30 0.00
3987 1954 62 10380.00 3.00 12.20 0.60 5.80 0.00
3987 1954 63 4360.00 0.30 10.60 0.65 5.30 0.00
3987 1954 64 6440.00 0.40 9.30 0.61 3.10 0.00
3987 1954 65 2570.00 -0.40 5.10 0.61 5.60 0.00
3987 1954 66 11820.00 -1.20 9.90 0.51 5.70 0.00
3987 1954 67 12450.00 0.20 12.10 0.45 5.40 0.00
3987 1954 68 13020.00 -1.70 11.90 0.60 4.60 0.00
3987 1954 69 9910.00 -0.90 9.00 0.61 4.80 0.00
3987 1954 70 8040.00 -1.10 6.50 0.64 4.30 0.00
3987 1954 71 1640.00 -0.90 1.00 0.57 4.60 0.00
3987 1954 72 2570.00 -0.60 2.20 0.57 6.60 0.00
3987 1954 73 4510.00 -0.30 4.40 0.56 7.00 0.00
3987 1954 74 2770.00 -0.40 2.40 0.60 3.30 0.00
3987 1954 75 2320.00 -1.10 0.80 0.59 2.60 0.00
3987 1954 76 2240.00 -1.60 1.60 0.52 1.30 0.10
3987 1954 77 8280.00 -0.70 7.20 0.57 2.10 0.00
3987 1954 78 3100.00 -2.20 1.70 0.51 2.90 0.00
3987 1954 79 13820.00 -0.50 8.50 0.49 6.50 0.00
3987 1954 80 10770.00 -1.30 14.50 0.75 3.00 0.00
3987 1954 81 14160.00 3.50 17.50 0.79 3.80 0.00
3987 1954 82 16690.00 2.80 16.80 0.67 5.80 0.00
3987 1954 83 14600.00 0.40 12.80 0.57 3.20 0.00
3987 1954 84 3230.00 2.90 6.30 0.57 7.30 3.00
3987 1954 85 2640.00 2.10 7.50 0.88 3.40 10.30
3987 1954 86 8400.00 0.10 9.20 0.67 4.60 0.30
3987 1954 87 7470.00 0.30 6.60 0.71 3.50 0.40
3987 1954 88 11010.00 2.60 9.90 0.75 4.50 0.10
3987 1954 89 6110.00 1.30 10.50 0.87 4.20 1.00
3987 1954 90 11010.00 5.90 14.60 1.00 3.50 5.70
3987 1954 91 12730.00 5.40 15.00 0.72 6.00 1.30
3987 1954 92 6510.00 2.90 10.70 0.73 6.30 3.60
3987 1954 93 4870.00 4.30 12.80 0.93 4.00 6.50
3987 1954 94 2320.00 6.30 13.10 1.24 5.70 4.10
3987 1954 95 10900.00 4.60 11.20 0.65 2.70 0.00
3987 1954 96 7160.00 4.00 9.40 0.68 1.40 0.20
3987 1954 97 7610.00 2.20 10.00 0.63 1.90 0.10
3987 1954 98 13260.00 0.00 10.40 0.63 2.50 0.00
3987 1954 99 17370.00 0.10 7.40 0.43 4.80 0.00
3987 1954 100 21680.00 -2.70 9.20 0.39 3.80 0.00
3987 1954 101 17250.00 -2.10 10.20 0.47 2.20 0.00
3987 1954 102 15690.00 -1.20 11.10 0.53 4.00 0.40
3987 1954 103 14000.00 2.10 11.60 0.61 7.40 0.30
3987 1954 104 11540.00 3.50 10.50 0.71 9.50 10.00
3987 1954 105 9330.00 2.40 8.80 0.68 9.10 6.20
3987 1954 106 13660.00 1.40 7.80 0.55 6.40 1.00
3987 1954 107 9460.00 1.20 7.20 0.56 5.90 0.00
3987 1954 108 19270.00 -0.50 11.50 0.51 3.70 3.40
3987 1954 109 8740.00 1.40 8.80 0.64 3.50 0.60
3987 1954 110 4150.00 2.80 8.70 0.84 3.70 0.30
3987 1954 111 9860.00 3.60 12.90 0.76 3.50 0.00
3987 1954 112 23810.00 0.90 13.30 0.49 4.20 0.00
3987 1954 113 24590.00 -0.60 12.60 0.40 2.50 0.00
3987 1954 114 20540.00 2.50 16.30 0.49 4.00 0.00
3987 1954 115 24390.00 -0.70 14.00 0.41 3.60 0.00
3987 1954 116 22410.00 1.10 10.80 0.39 3.80 0.00
3987 1954 117 17180.00 -0.20 13.00 0.43 2.60 0.00
3987 1954 118 16340.00 1.80 14.50 0.53 1.90 0.00
3987 1954 119 24030.00 0.60 14.70 0.61 3.70 0.00
3987 1954 120 20970.00 2.80 17.10 0.63 2.30 0.00
3987 1954 121 22350.00 5.80 19.90 0.73 3.30 0.00
3987 1954 122 17720.00 5.00 22.20 0.88 4.70 1.50
3987 1954 123 14420.00 7.30 16.00 0.85 2.20 0.10
3987 1954 124 9860.00 7.90 14.00 0.92 2.40 0.00
3987 1954 125 18470.00 6.90 17.80 0.87 2.80 0.00
3987 1954 126 9940.00 7.80 17.60 0.87 2.10 0.00
3987 1954 127 8240.00 8.80 13.30 0.81 5.00 0.00
3987 1954 128 14860.00 8.20 18.10 0.99 5.40 0.00
3987 1954 129 24770.00 6.40 26.30 1.08 3.50 0.00
3987 1954 130 21750.00 9.50 25.60 1.15 3.80 0.00
3987 1954 131 25580.00 8.40 25.30 0.96 3.70 0.00
3987 1954 132 27490.00 6.90 22.60 0.71 4.30 0.00
3987 1954 133 28300.00 4.00 15.30 0.59 3.90 0.00
3987 1954 134 27040.00 1.20 15.90 0.53 3.10 0.00
3987 1954 135 24800.00 4.10 19.60 0.56 2.20 0.00
3987 1954 136 26520.00 7.10 22.00 0.59 3.10 0.00
3987 1954 137 15210.00 7.90 21.10 0.99 3.60 1.40
3987 1954 138 7240.00 10.30 17.90 1.12 3.20 1.70
3987 1954 139 20750.00 5.40 16.40 0.83 4.40 0.00
3987 1954 140 11680.00 3.90 12.50 0.80 4.70 0.00
3987 1954 141 9900.00 7.20 14.10 0.80 3.10 0.00
3987 1954 142 22470.00 3.70 18.40 0.76 2.40 0.10
3987 1954 143 24420.00 7.90 22.80 0.84 2.20 0.00
3987 1954 144 19350.00 9.80 23.90 0.96 3.30 0.00
3987 1954 145 21850.00 10.20 25.50 0.96 2.60 0.00
3987 1954 146 25280.00 10.90 27.10 1.09 3.80 0.00
3987 1954 147 26800.00 11.10 26.00 1.09 3.30 0.00
3987 1954 148 25250.00 11.20 27.90 1.00 3.70 0.00
3987 1954 149 27550.00 11.20 28.00 0.99 4.00 0.00
3987 1954 150 10440.00 12.50 20.80 1.36 3.10 21.00
3987 1954 151 18880.00 9.20 21.40 1.16 1.80 0.90
3987 1954 152 9990.00 11.10 18.90 1.39 2.50 4.40
3987 1954 153 14090.00 10.70 20.50 1.44 2.10 3.10
3987 1954 154 24380.00 9.90 22.80 1.05 3.60 0.00
3987 1954 155 28000.00 10.70 22.80 1.01 4.40 0.00
3987 1954 156 29880.00 10.10 23.50 0.81 4.10 0.00
3987 1954 157 28410.00 10.50 26.20 1.08 3.90 0.00
3987 1954 158 2640.00 11.00 16.10 1.32 5.50 4.70
3987 1954 159 23760.00 8.80 24.10 1.11 2.70 0.00
3987 1954 160 21510.00 12.40 29.40 1.36 3.90 5.10
3987 1954 161 11020.00 13.70 20.00 1.49 4.10 2.40
3987 1954 162 19080.00 12.30 23.50 1.23 3.60 4.80
3987 1954 163 24580.00 9.50 22.60 1.15 2.60 0.00
3987 1954 164 11270.00 14.50 21.50 1.43 4.30 0.20
3987 1954 165 16960.00 12.70 23.20 1.37 4.30 0.00
3987 1954 166 22100.00 9.90 17.60 1.00 4.00 0.00
3987 1954 167 25680.00 9.50 24.40 1.04 2.50 0.00
3987 1954 168 22760.00 15.30 27.30 1.32 2.60 0.00
3987 1954 169 18630.00 15.70 26.10 1.47 1.90 0.00
3987 1954 170 25980.00 15.30 30.80 1.53 3.50 0.00
3987 1954 171 23660.00 18.40 34.10 1.76 3.00 0.00
3987 1954 172 17620.00 18.20 33.90 1.96 2.40 8.90
3987 1954 173 17370.00 16.60 24.60 1.57 4.50 0.00
3987 1954 174 17170.00 12.80 22.50 1.36 3.80 0.00
3987 1954 175 25800.00 11.70 22.10 1.03 4.30 0.00
3987 1954 176 17570.00 13.80 26.30 1.27 3.70 2.50
3987 1954 177 4840.00 12.70 21.00 1.49 5.40 2.50
3987 1954 178 12440.00 11.30 19.70 1.19 4.60 0.50
3987 1954 179 24200.00 9.30 20.90 0.96 5.40 0.00
3987 1954 180 11160.00 9.70 16.40 1.16 3.20 0.00
3987 1954 181 22380.00 10.30 21.10 1.08 2.30 0.00
3987 1954 182 6730.00 11.20 18.80 1.27 3.90 9.90
3987 1954 183 18380.00 11.40 20.60 1.24 5.20 0.50
3987 1954 184 15480.00 11.30 20.90 1.35 3.40 0.00
3987 1954 185 16140.00 13.70 22.80 1.24 3.60 1.30
3987 1954 186 14580.00 12.50 18.80 1.28 3.60 2.90
3987 1954 187 19660.00 8.60 20.60 1.08 3.90 0.00
3987 1954 188 15660.00 9.60 20.50 1.11 2.40 0.10
3987 1954 189 3010.00 11.70 15.30 1.28 5.40 18.90
3987 1954 190 7840.00 12.40 18.10 1.55 5.10 0.10
3987 1954 191 5690.00 15.40 19.00 1.80 2.80 0.70
3987 1954 192 3250.00 13.20 16.70 1.61 4.60 34.60
3987 1954 193 3090.00 13.00 15.00 1.61 6.10 12.10
3987 1954 194 16110.00 14.00 23.20 1.56 5.80 2.20
3987 1954 195 19000.00 12.30 23.10 1.36 7.30 2.60
3987 1954 196 15700.00 11.20 19.40 1.20 7.70 1.10
3987 1954 197 18940.00 9.80 18.00 1.15 7.40 2.60
3987 1954 198 6720.00 11.00 15.30 1.48 5.70 11.80
3987 1954 199 12440.00 13.30 20.10 1.47 6.50 1.80
3987 1954 200 3750.00 12.80 16.30 1.52 6.40 4.20
3987 1954 201 13850.00 11.20 18.90 1.20 5.50 0.00
3987 1954 202 13400.00 13.70 22.60 1.51 4.60 1.50
3987 1954 203 21460.00 11.00 20.10 1.16 4.80 0.00
3987 1954 204 17750.00 8.80 19.40 1.27 5.20 0.00
3987 1954 205 11950.00 9.50 19.30 1.47 4.00 2.50
3987 1954 206 13410.00 15.10 23.60 1.75 4.10 8.30
3987 1954 207 5610.00 15.20 18.50 1.67 6.10 15.20
3987 1954 208 18710.00 13.20 22.80 1.53 5.20 4.80
3987 1954 209 17690.00 11.70 20.90 1.27 5.30 0.90
3987 1954 210 11400.00 10.90 18.50 1.21 6.90 4.00
3987 1954 211 15300.00 10.70 19.80 1.35 4.70 0.20
3987 1954 212 17450.00 9.70 19.00 1.21 3.30 0.00
3987 1954 213 14630.00 10.00 19.90 1.19 2.00 0.00
3987 1954 214 18920.00 12.00 24.60 1.43 3.90 0.00
3987 1954 215 24610.00 14.70 30.70 1.67 3.90 0.00
3987 1954 216 16190.00 17.80 26.70 1.88 2.50 0.00
3987 1954 217 22680.00 15.90 26.30 1.75 2.50 0.00
3987 1954 218 22680.00 15.50 31.50 1.69 4.30 1.30
3987 1954 219 7980.00 14.50 24.30 1.59 4.50 3.80
3987 1954 220 17170.00 12.10 22.60 1.37 4.20 1.70
3987 1954 221 7050.00 13.30 18.70 1.64 2.20 1.00
3987 1954 222 11300.00 13.80 20.00 1.24 5.90 0.00
3987 1954 223 8560.00 12.20 16.80 1.32 6.90 6.10
3987 1954 224 17950.00 11.40 20.30 1.23 5.40 0.10
3987 1954 225 11070.00 14.00 22.70 1.61 4.10 1.60
3987 1954 226 11360.00 14.00 22.90 1.75 2.00 8.90
3987 1954 227 16840.00 12.90 22.60 1.52 6.10 0.10
3987 1954 228 13180.00 10.90 20.00 1.37 4.30 0.10
3987 1954 229 13210.00 10.10 20.10 1.36 1.60 0.10
3987 1954 230 16620.00 10.90 22.10 1.29 3.30 0.00
3987 1954 231 7760.00 13.80 21.60 1.57 2.80 8.20
3987 1954 232 13980.00 12.40 21.00 1.45 2.50 1.80
3987 1954 233 3410.00 13.80 16.10 1.48 4.40 10.30
3987 1954 234 11480.00 12.30 23.30 1.61 5.00 50.20
3987 1954 235 2150.00 11.50 15.00 1.43 6.90 39.50
3987 1954 236 16920.00 10.00 20.00 1.24 5.00 1.30
3987 1954 237 16270.00 10.50 23.20 1.43 3.80 0.30
3987 1954 238 16760.00 12.60 23.80 1.49 2.90 0.00
3987 1954 239 18470.00 11.30 23.20 1.41 1.80 0.00
3987 1954 240 19620.00 12.70 23.80 1.20 2.10 1.30
3987 1954 241 17130.00 12.70 19.20 1.29 4.50 0.70
3987 1954 242 7990.00 13.20 20.30 1.48 6.80 0.00
3987 1954 243 19120.00 11.70 22.10 1.44 6.90 0.00
3987 1954 244 14650.00 16.50 27.20 1.80 3.60 0.00
3987 1954 245 18940.00 14.50 31.30 1.80 3.80 0.00
3987 1954 246 14420.00 16.60 27.10 1.91 3.30 54.20
3987 1954 247 16620.00 15.70 25.70 1.97 2.70 0.00
3987 1954 248 15620.00 16.30 29.10 1.92 2.80 3.20
3987 1954 249 6600.00 14.20 21.50 1.79 2.30 0.20
3987 1954 250 8100.00 13.80 22.10 1.83 2.00 13.30
3987 1954 251 11300.00 14.30 24.30 1.80 1.70 0.00
3987 1954 252 13620.00 14.60 22.50 1.55 3.50 0.00
3987 1954 253 7980.00 13.50 21.00 1.63 4.90 3.00
3987 1954 254 12140.00 15.70 22.80 1.59 5.60 4.40
3987 1954 255 12550.00 11.30 19.30 1.29 5.60 1.80
3987 1954 256 13130.00 11.10 18.80 1.25 4.80 0.00
3987 1954 257 8270.00 8.40 17.10 1.24 3.20 1.80
3987 1954 258 12270.00 11.30 18.80 1.16 5.00 0.00
3987 1954 259 8930.00 13.40 18.80 1.40 7.30 1.30
3987 1954 260 9170.00 11.90 16.20 1.01 7.10 0.80
3987 1954 261 15130.00 9.80 17.70 1.08 6.10 0.70
3987 1954 262 4460.00 9.80 13.90 1.29 2.70 3.50
3987 1954 263 11940.00 11.40 19.50 1.20 5.50 0.30
3987 1954 264 10430.00 7.10 15.80 0.96 6.20 1.00
3987 1954 265 6730.00 5.90 12.80 1.01 7.00 1.20
3987 1954 266 11340.00 7.90 15.20 1.03 5.70 0.90
3987 1954 267 11087.00 4.70 17.10 0.89 5.50 0.00
3987 1954 268 9320.00 11.60 20.20 1.20 6.90 0.60
3987 1954 269 6840.00 9.50 15.20 1.07 5.50 3.60
3987 1954 270 7050.00 5.20 13.30 0.92 5.20 1.50
3987 1954 271 8940.00 2.60 12.20 0.84 3.30 2.10
3987 1954 272 6520.00 5.70 12.10 0.91 5.10 0.20
3987 1954 273 6690.00 5.50 10.10 0.87 7.90 4.70
3987 1954 274 10030.00 5.60 11.80 0.85 4.90 2.90
3987 1954 275 3920.00 6.30 10.50 1.00 1.70 0.40
3987 1954 276 13960.00 3.20 15.60 0.85 4.00 0.00
3987 1954 277 6470.00 2.90 15.10 1.07 4.80 0.00
3987 1954 278 7300.00 7.60 15.10 1.08 4.10 0.00
3987 1954 279 2320.00 7.50 11.40 1.16 4.20 19.40
3987 1954 280 7700.00 5.30 12.40 0.91 3.80 1.50
3987 1954 281 5180.00 5.40 11.70 0.96 2.30 0.00
3987 1954 282 6600.00 5.30 12.80 0.89 1.90 0.00
3987 1954 283 10930.00 2.40 14.10 0.72 4.40 0.00
3987 1954 284 3020.00 5.60 9.30 1.01 2.10 0.80
3987 1954 285 7530.00 6.60 13.80 1.00 3.90 0.00
3987 1954 286 3260.00 6.40 14.40 1.12 4.70 0.00
3987 1954 287 7090.00 8.80 17.30 1.13 4.30 0.00
3987 1954 288 8040.00 7.00 16.30 1.09 4.20 0.00
3987 1954 289 7470.00 8.30 18.60 1.20 5.20 0.00
3987 1954 290 2570.00 14.10 17.20 1.53 5.40 0.80
3987 1954 291 6120.00 13.40 20.30 1.36 7.20 0.00
3987 1954 292 2350.00 13.80 17.50 1.29 6.80 2.10
3987 1954 293 3550.00 11.20 15.10 1.11 7.20 0.30
3987 1954 294 2920.00 10.60 14.20 1.04 5.20 0.00
3987 1954 295 4200.00 10.70 15.20 1.11 4.10 1.50
3987 1954 296 7510.00 8.70 13.90 0.92 6.40 0.00
3987 1954 297 7150.00 8.40 19.30 1.20 6.40 0.90
3987 1954 298 3460.00 7.00 15.50 0.96 4.60 0.30
3987 1954 299 7330.00 4.10 10.50 0.81 5.50 0.90
3987 1954 300 5790.00 0.40 9.60 0.75 4.00 3.50
3987 1954 301 1940.00 6.10 14.50 1.27 3.50 0.10
3987 1954 302 6150.00 5.10 15.80 1.11 4.60 0.10
3987 1954 303 3540.00 10.10 14.90 1.24 3.50 6.90
3987 1954 304 6680.00 7.10 13.20 0.92 4.90 0.00
3987 1954 305 6920.00 3.90 14.40 0.85 3.30 0.00
3987 1954 306 4600.00 3.70 13.10 0.88 3.90 0.70
3987 1954 307 1340.00 6.00 8.10 0.96 3.40 6.30
3987 1954 308 2900.00 3.10 7.90 0.83 2.30 0.00
3987 1954 309 6420.00 -0.10 11.10 0.67 4.00 0.00
3987 1954 310 5630.00 -0.40 11.20 0.76 5.10 1.80
3987 1954 311 880.00 7.20 10.90 1.16 3.50 5.10
3987 1954 312 720.00 4.50 11.80 0.85 6.60 0.00
3987 1954 313 2520.00 2.70 10.20 0.79 5.00 0.00
3987 1954 314 6320.00 1.80 10.30 0.65 3.90 0.00
3987 1954 315 2550.00 1.10 7.20 0.75 5.40 0.00
3987 1954 316 4280.00 4.60 13.80 0.99 7.00 0.00
3987 1954 317 5790.00 2.50 12.00 0.69 6.10 1.50
3987 1954 318 3150.00 0.30 8.40 0.72 7.10 3.70
3987 1954 319 2270.00 2.40 6.50 0.68 6.70 0.90
3987 1954 320 3820.00 -0.80 4.20 0.49 3.50 0.00
3987 1954 321 1660.00 -2.80 2.50 0.57 3.80 3.20
3987 1954 322 970.00 1.10 4.30 0.72 2.30 0.00
3987 1954 323 2000.00 -1.60 1.90 0.57 1.50 0.00
3987 1954 324 1620.00 -2.30 0.80 0.56 1.60 0.00
3987 1954 325 1920.00 -3.60 -0.10 0.47 2.60 0.00
3987 1954 326 4450.00 -4.80 -0.30 0.43 5.70 0.00
3987 1954 327 3180.00 -5.90 -2.30 0.36 7.00 0.00
3987 1954 328 3420.00 -6.60 -1.00 0.41 5.90 0.40
3987 1954 329 3580.00 -1.60 1.80 0.56 4.20 0.00
3987 1954 330 2230.00 -0.30 7.40 0.71 5.50 0.70
3987 1954 331 1000.00 1.90 5.20 0.76 5.80 4.10
3987 1954 332 1800.00 0.90 7.00 0.71 4.80 0.10
3987 1954 333 1380.00 1.60 8.10 0.80 4.50 0.00
3987 1954 334 1320.00 1.80 7.80 0.83 5.00 0.00
3987 1954 335 2290.00 3.60 9.20 0.87 4.10 0.10
3987 1954 336 2850.00 1.50 7.40 0.80 5.00 1.60
3987 1954 337 1290.00 6.30 11.60 0.99 6.40 0.00
3987 1954 338 2390.00 4.70 9.90 0.88 7.50 5.10
3987 1954 339 2450.00 4.50 9.20 0.69 11.00 0.00
3987 1954 340 1590.00 0.90 4.60 0.65 4.90 4.00
3987 1954 341 1200.00 -0.10 2.30 0.63 1.80 1.40
3987 1954 342 1460.00 -1.40 0.00 0.56 2.60 0.00
3987 1954 343 1522.67 -2.30 3.80 0.56 6.60 0.50
3987 1954 344 1420.00 2.90 6.80 0.73 4.20 0.20
3987 1954 345 320.00 0.80 4.10 0.76 3.10 5.20
3987 1954 346 3100.00 0.90 5.50 0.71 4.50 0.00
3987 1954 347 3370.00 -0.60 5.40 0.60 5.10 0.00
3987 1954 348 3670.00 -1.40 5.20 0.56 4.40 0.00
3987 1954 349 810.00 -1.00 8.10 0.81 5.90 3.80
3987 1954 350 520.00 3.10 6.50 0.77 4.30 0.00
3987 1954 351 1330.00 -1.70 3.30 0.60 2.90 0.20
3987 1954 352 1910.00 -0.70 4.70 0.64 4.10 0.00
3987 1954 353 520.00 -1.30 4.70 0.71 5.80 1.40
3987 1954 354 360.00 4.30 7.40 0.84 6.20 3.00
3987 1954 355 2120.00 1.50 5.80 0.65 9.00 4.00
3987 1954 356 1430.00 1.40 5.20 0.64 11.50 7.20
3987 1954 357 880.00 0.20 4.20 0.63 11.00 5.70
3987 1954 358 2450.00 -0.10 1.80 0.59 8.20 0.00
3987 1954 359 760.00 0.30 1.90 0.61 6.60 0.50
3987 1954 360 560.00 -0.60 6.20 0.79 5.90 10.50
3987 1954 361 240.00 5.50 7.40 0.91 8.60 3.10
3987 1954 362 320.00 6.60 9.30 1.03 8.40 2.50
3987 1954 363 440.00 1.90 9.30 0.85 5.10 3.30
3987 1954 364 840.00 -1.50 2.20 0.55 2.70 0.00
3987 1954 365 520.00 -1.00 1.60 0.51 4.20 0.40
