*---------------------------------------------------------------------------*
* Station name: Potsdam Saekularstation
* Year: 1932
* Author: Pedro Alencar                                   -999.000: NIL VALUE
* Source: DWD
* Comments: Gaps filled with interpolation and storical means
* Longitude: 13.0622, latitude: 52.3812, altitude: 82.0 m.
*
    * Column  Daily value
    * 1       station number
    * 2       year
    * 3       day
    * 4       irradiation                   (kJ m-2 d-1)
    * 5       minimum temperature           (degrees Celsius
    * 6       maximum temperature           (degrees Celsius)
    * 7       early morning vapour pressure (kPa)
    * 8       mean wind speed (height: 2 m) (m s-1)
    * 9       precipitation                 (mm d-1)
    *
** WCCDESCRIPTION=Potsdam, Germany
** WCCFORMAT=2
** WCCYEARNR=1932
*---------------------------------------------------------------------------*
   13.0622 52.3812 82.0 -0.18 -0.55
3987 1932 1 1560.77 -8.70 -3.80 0.35 4.40 3.80
3987 1932 2 1562.33 -6.60 1.10 0.57 6.50 8.40
3987 1932 3 1571.13 0.00 7.10 0.73 6.40 21.90
3987 1932 4 1588.76 -0.80 0.10 0.60 3.60 5.50
3987 1932 5 1590.71 0.10 8.10 0.83 7.50 0.10
3987 1932 6 1604.76 4.50 9.80 0.89 9.00 5.30
3987 1932 7 1838.32 3.10 11.20 0.73 10.30 0.40
3987 1932 8 2376.32 1.30 5.40 0.69 4.40 0.00
3987 1932 9 1846.63 -0.80 2.40 0.57 2.90 0.00
3987 1932 10 2086.28 -1.80 1.20 0.56 5.10 0.00
3987 1932 11 1930.58 -0.80 4.40 0.52 5.70 0.00
3987 1932 12 2266.59 -1.70 3.10 0.55 4.50 0.00
3987 1932 13 4876.47 0.10 5.70 0.60 5.50 1.00
3987 1932 14 2403.48 1.70 8.10 0.81 5.00 0.20
3987 1932 15 3657.61 -1.10 7.70 0.72 5.50 0.10
3987 1932 16 5030.47 1.60 9.10 0.75 5.60 0.00
3987 1932 17 3423.53 0.70 7.10 0.72 7.20 0.10
3987 1932 18 3278.43 2.40 9.00 0.81 4.60 0.00
3987 1932 19 3795.27 3.40 10.50 0.77 3.90 0.00
3987 1932 20 5222.91 -2.70 4.20 0.53 3.90 0.00
3987 1932 21 2043.86 -3.80 -1.30 0.48 2.60 0.00
3987 1932 22 2026.29 -5.50 -1.60 0.51 2.10 0.00
3987 1932 23 2055.15 -3.80 0.90 0.60 1.90 0.50
3987 1932 24 2088.76 0.00 1.80 0.61 3.50 0.00
3987 1932 25 2130.47 -1.90 0.50 0.52 3.00 0.00
3987 1932 26 2161.46 -1.10 1.80 0.61 3.30 0.00
3987 1932 27 2203.35 -1.10 2.00 0.57 5.40 0.00
3987 1932 28 5028.73 -3.60 4.60 0.45 4.30 0.00
3987 1932 29 2767.34 -3.60 0.20 0.47 6.60 0.00
3987 1932 30 2424.83 -1.00 4.10 0.71 8.20 1.70
3987 1932 31 6673.94 -2.20 4.50 0.52 4.60 0.00
3987 1932 32 2400.43 -2.50 5.70 0.73 9.10 0.40
3987 1932 33 2449.57 -1.90 5.20 0.65 6.40 0.40
3987 1932 34 7156.65 0.80 6.30 0.65 5.10 0.00
3987 1932 35 2593.24 4.50 5.80 0.80 8.20 0.10
3987 1932 36 5792.43 -3.70 4.50 0.43 4.20 0.00
3987 1932 37 7847.78 -8.30 0.40 0.24 3.80 0.00
3987 1932 38 7827.59 -8.00 3.30 0.29 2.60 0.00
3987 1932 39 2870.65 -3.90 2.80 0.57 6.50 1.80
3987 1932 40 3685.61 -8.80 0.70 0.21 5.90 0.10
3987 1932 41 8194.40 -14.00 -6.80 0.17 5.50 0.00
3987 1932 42 5662.87 -16.20 -8.10 0.17 3.40 0.60
3987 1932 43 4265.37 -9.30 -0.70 0.33 3.50 0.50
3987 1932 44 4574.32 -10.40 -0.10 0.35 5.50 0.10
3987 1932 45 3080.54 -3.20 1.10 0.53 4.50 0.00
3987 1932 46 4901.87 -2.40 4.10 0.56 6.70 0.80
3987 1932 47 7371.77 -2.00 4.50 0.47 4.80 0.00
3987 1932 48 9502.00 -6.40 5.30 0.43 2.70 0.00
3987 1932 49 9693.46 -4.50 6.50 0.47 1.70 0.00
3987 1932 50 3387.35 -4.80 -0.50 0.51 3.50 0.30
3987 1932 51 8384.29 -2.70 2.40 0.36 7.10 0.00
3987 1932 52 5619.64 -8.80 2.80 0.44 8.20 0.50
3987 1932 53 3626.24 1.30 6.40 0.71 7.30 0.00
3987 1932 54 4840.76 1.30 6.80 0.67 3.40 0.00
3987 1932 55 4786.80 0.00 4.40 0.56 4.10 1.20
3987 1932 56 6668.53 -5.20 0.70 0.28 3.90 0.00
3987 1932 57 3843.67 -7.00 -0.50 0.40 4.80 0.70
3987 1932 58 10358.79 -7.80 0.00 0.29 7.40 0.00
3987 1932 59 7890.58 -11.00 0.70 0.25 5.50 0.00
3987 1932 60 11929.58 -8.90 4.40 0.24 4.60 0.00
3987 1932 61 12303.90 -7.90 5.00 0.29 5.30 0.00
3987 1932 62 11729.97 -7.30 6.30 0.32 6.60 0.00
3987 1932 63 12427.83 -4.00 5.60 0.27 6.60 0.00
3987 1932 64 12614.22 -6.10 4.70 0.32 4.50 0.00
3987 1932 65 12026.49 -7.80 6.70 0.39 3.70 0.00
3987 1932 66 10348.55 -5.40 6.00 0.43 2.90 0.40
3987 1932 67 4543.37 -1.00 2.60 0.60 3.70 0.50
3987 1932 68 4870.36 -1.50 2.70 0.57 5.00 3.40
3987 1932 69 6147.71 -3.60 -0.30 0.41 5.40 0.00
3987 1932 70 4790.69 -4.80 -1.90 0.33 2.20 0.20
3987 1932 71 10686.77 -7.80 -2.50 0.23 2.90 0.00
3987 1932 72 12553.07 -11.60 -0.10 0.24 3.30 0.00
3987 1932 73 6826.95 -4.20 4.60 0.48 6.10 0.40
3987 1932 74 5049.49 0.60 6.90 0.68 8.10 0.00
3987 1932 75 15202.02 -2.70 8.40 0.41 5.00 0.00
3987 1932 76 14997.59 -2.90 9.00 0.51 3.60 0.40
3987 1932 77 5747.96 -2.90 5.30 0.53 3.30 0.00
3987 1932 78 14907.06 -4.00 5.70 0.36 3.50 0.00
3987 1932 79 10983.56 -3.20 6.80 0.51 4.40 0.00
3987 1932 80 10153.11 -2.10 7.90 0.56 2.80 0.40
3987 1932 81 12169.62 -1.20 6.70 0.44 3.50 0.00
3987 1932 82 10165.30 -4.40 3.00 0.35 3.80 0.00
3987 1932 83 12474.67 -5.20 3.70 0.33 3.00 0.00
3987 1932 84 6621.25 -4.50 5.40 0.43 3.60 0.00
3987 1932 85 8739.94 -6.00 4.40 0.37 1.90 0.00
3987 1932 86 14164.51 -2.60 7.90 0.40 2.80 0.00
3987 1932 87 17619.49 -3.90 9.20 0.37 4.80 0.00
3987 1932 88 12691.59 -1.70 10.40 0.48 5.70 0.00
3987 1932 89 6296.04 4.10 8.40 0.71 4.00 0.00
3987 1932 90 10114.84 1.30 15.10 0.81 5.60 0.00
3987 1932 91 7020.13 7.50 14.10 0.79 5.70 0.00
3987 1932 92 9239.42 3.50 13.20 0.81 5.80 3.30
3987 1932 93 10342.52 4.00 12.30 0.76 6.20 0.00
3987 1932 94 13633.35 5.80 18.00 0.65 5.10 0.00
3987 1932 95 13398.67 7.00 22.40 0.73 4.20 0.00
3987 1932 96 7639.31 6.00 14.40 0.99 4.50 3.20
3987 1932 97 7228.93 2.10 8.50 0.75 8.10 6.20
3987 1932 98 7922.64 4.40 11.40 0.80 9.20 0.50
3987 1932 99 8554.71 2.80 8.90 0.64 10.10 0.90
3987 1932 100 12146.36 1.60 8.00 0.60 9.00 2.90
3987 1932 101 8643.05 3.10 16.20 0.91 7.40 0.00
3987 1932 102 8854.79 7.40 13.10 0.65 6.50 1.70
3987 1932 103 8661.86 3.90 9.90 0.75 4.80 8.70
3987 1932 104 11245.68 1.70 9.40 0.65 6.20 0.10
3987 1932 105 21182.67 -0.10 12.10 0.59 3.60 0.00
3987 1932 106 7481.67 3.30 7.20 0.77 3.50 0.10
3987 1932 107 8736.82 5.20 11.30 0.89 5.10 0.00
3987 1932 108 8510.00 3.70 8.70 0.67 4.40 0.00
3987 1932 109 8900.95 2.40 10.20 0.63 2.00 0.00
3987 1932 110 17645.38 -0.50 11.10 0.53 2.40 0.00
3987 1932 111 8138.62 4.00 12.10 0.57 2.40 0.00
3987 1932 112 15902.36 3.40 14.50 0.56 5.20 0.00
3987 1932 113 17384.79 3.80 17.30 0.68 5.20 0.00
3987 1932 114 11352.03 6.80 16.10 0.99 2.80 5.70
3987 1932 115 9867.71 5.70 14.00 1.07 2.20 7.10
3987 1932 116 15310.93 2.80 11.30 0.72 5.60 0.20
3987 1932 117 10944.90 3.90 12.20 0.81 2.80 0.30
3987 1932 118 12620.27 4.20 15.60 0.75 5.10 0.60
3987 1932 119 22151.00 1.70 15.20 0.72 4.10 0.00
3987 1932 120 23121.95 5.60 23.20 0.83 5.10 0.00
3987 1932 121 21291.18 8.40 21.50 0.69 7.10 0.00
3987 1932 122 17062.60 7.10 19.60 0.72 6.70 0.00
3987 1932 123 14249.91 8.90 23.10 1.13 6.10 14.30
3987 1932 124 8619.46 8.10 12.40 1.08 6.30 0.20
3987 1932 125 20630.17 6.60 16.00 1.07 3.90 0.10
3987 1932 126 10041.17 5.40 10.60 0.89 2.90 1.10
3987 1932 127 15132.22 2.00 14.50 0.79 2.50 3.50
3987 1932 128 9534.03 7.20 13.40 0.89 2.70 6.90
3987 1932 129 8933.09 5.10 10.80 0.89 4.10 1.00
3987 1932 130 18623.00 5.20 14.40 0.76 3.20 1.50
3987 1932 131 12440.75 4.60 13.50 0.85 5.40 0.20
3987 1932 132 16652.43 3.00 13.10 0.80 5.70 0.40
3987 1932 133 9441.14 6.30 14.30 1.05 3.10 2.70
3987 1932 134 15393.49 10.40 22.70 1.35 4.20 0.00
3987 1932 135 22194.40 12.70 28.50 1.20 4.00 0.00
3987 1932 136 23804.79 13.50 27.80 1.29 5.10 0.00
3987 1932 137 26670.34 12.00 27.30 1.32 5.90 0.00
3987 1932 138 26055.45 14.70 27.80 1.49 4.90 0.00
3987 1932 139 20559.74 13.70 21.70 1.25 3.90 0.00
3987 1932 140 23955.57 12.10 25.60 1.11 3.20 0.00
3987 1932 141 25802.25 14.00 29.40 1.08 4.20 0.00
3987 1932 142 26144.94 16.10 31.70 1.31 4.30 3.20
3987 1932 143 13742.09 14.50 24.80 1.56 5.30 0.20
3987 1932 144 18218.03 13.00 22.00 1.21 3.60 0.20
3987 1932 145 13044.14 12.40 20.10 1.45 2.80 14.00
3987 1932 146 9630.79 10.60 13.20 1.28 4.10 19.80
3987 1932 147 20554.17 8.90 18.70 1.27 3.30 0.30
3987 1932 148 10649.26 11.00 15.80 1.29 4.20 3.80
3987 1932 149 24601.28 8.30 20.40 1.12 3.60 0.00
3987 1932 150 12353.46 11.10 20.50 1.36 5.30 5.60
3987 1932 151 9788.91 10.50 13.10 1.27 5.70 17.60
3987 1932 152 10160.28 10.40 15.10 1.36 4.90 1.90
3987 1932 153 11984.06 11.90 17.80 1.41 4.20 3.30
3987 1932 154 28865.46 6.50 21.80 0.75 2.70 0.00
3987 1932 155 27229.13 9.80 23.80 1.19 3.40 0.00
3987 1932 156 16113.06 7.30 16.90 1.04 4.00 1.70
3987 1932 157 11373.43 8.00 16.90 1.04 2.20 0.00
3987 1932 158 10428.81 7.70 15.10 0.99 3.10 0.00
3987 1932 159 19451.62 6.70 15.30 1.04 4.30 0.30
3987 1932 160 15693.19 8.70 15.00 0.99 5.60 0.10
3987 1932 161 19123.61 6.50 15.40 0.93 6.00 0.20
3987 1932 162 26057.04 5.30 19.90 0.92 3.10 0.00
3987 1932 163 27667.77 8.90 24.30 1.05 3.00 0.00
3987 1932 164 28121.68 10.10 26.20 1.08 4.50 0.00
3987 1932 165 28993.21 10.60 25.80 0.97 4.00 0.00
3987 1932 166 22330.05 12.20 26.00 1.15 3.20 0.00
3987 1932 167 28404.57 10.80 26.30 1.09 5.50 0.00
3987 1932 168 27719.06 9.00 21.00 0.84 5.40 0.00
3987 1932 169 18937.92 7.30 20.10 0.93 4.50 7.00
3987 1932 170 10215.15 9.00 12.20 1.19 3.50 7.90
3987 1932 171 17714.74 10.20 17.70 1.32 2.60 5.10
3987 1932 172 21548.49 10.90 20.60 1.23 2.70 10.40
3987 1932 173 15353.15 10.10 20.10 1.20 2.30 0.00
3987 1932 174 20108.52 10.30 19.70 1.15 3.50 0.00
3987 1932 175 16202.00 8.80 21.10 1.27 3.30 3.60
3987 1932 176 10786.53 8.20 18.00 1.32 4.00 3.50
3987 1932 177 22846.77 9.70 20.20 1.16 4.90 0.00
3987 1932 178 17432.72 11.90 18.30 1.15 5.10 0.00
3987 1932 179 16801.85 11.10 24.50 1.39 3.80 0.00
3987 1932 180 25433.00 15.10 29.30 1.45 4.00 0.00
3987 1932 181 11707.66 17.00 24.70 1.96 3.00 0.30
3987 1932 182 19736.49 14.80 26.00 1.75 2.40 0.00
3987 1932 183 24987.15 16.10 30.30 1.73 4.20 0.10
3987 1932 184 10724.72 18.30 24.50 1.63 4.70 1.60
3987 1932 185 11591.13 15.10 20.70 1.67 3.30 0.50
3987 1932 186 27593.67 15.40 25.20 1.32 2.90 0.00
3987 1932 187 27866.21 13.30 28.20 1.56 4.30 0.00
3987 1932 188 22848.68 16.60 32.00 1.96 3.60 4.90
3987 1932 189 11257.42 15.90 22.60 1.72 4.00 3.90
3987 1932 190 9786.25 15.90 19.30 1.72 2.70 0.40
3987 1932 191 22586.55 16.70 27.70 1.53 3.10 0.00
3987 1932 192 24325.29 15.40 27.80 1.80 3.10 0.00
3987 1932 193 28308.49 15.60 28.80 1.40 3.90 0.00
3987 1932 194 24970.40 17.30 31.60 1.89 4.10 0.00
3987 1932 195 19880.45 19.00 30.40 2.04 4.40 1.30
3987 1932 196 23854.26 17.50 30.50 2.19 2.80 0.00
3987 1932 197 9807.97 18.30 23.90 1.99 2.70 4.90
3987 1932 198 10141.68 17.30 22.40 1.95 4.70 0.10
3987 1932 199 9536.39 16.60 19.00 1.80 5.80 1.50
3987 1932 200 11278.94 15.60 19.10 1.37 6.60 0.00
3987 1932 201 13280.88 13.20 19.90 1.35 7.10 0.00
3987 1932 202 11928.68 13.90 20.80 1.37 5.10 0.00
3987 1932 203 14106.77 12.80 24.70 1.61 2.10 3.90
3987 1932 204 11732.22 14.20 18.90 1.64 2.80 4.30
3987 1932 205 14144.88 13.10 21.60 1.60 2.10 2.00
3987 1932 206 12896.08 15.30 23.70 1.61 4.10 1.40
3987 1932 207 21355.30 15.80 26.60 1.60 2.80 0.00
3987 1932 208 19975.58 15.20 27.50 1.60 5.10 0.20
3987 1932 209 19002.67 10.90 24.50 1.28 5.10 1.80
3987 1932 210 20912.40 10.30 23.30 1.29 4.20 5.10
3987 1932 211 12767.62 14.00 22.90 1.68 5.80 0.70
3987 1932 212 17666.18 15.70 24.40 1.69 5.10 0.00
3987 1932 213 18744.67 15.90 31.20 1.63 5.10 0.80
3987 1932 214 15429.16 17.30 29.20 1.95 3.70 3.60
3987 1932 215 11253.06 13.70 22.80 1.55 2.90 0.00
3987 1932 216 11466.11 13.30 22.90 1.67 2.10 15.60
3987 1932 217 15575.65 12.20 21.00 1.43 3.40 6.80
3987 1932 218 20564.04 10.30 21.80 1.36 3.80 0.00
3987 1932 219 15162.12 12.70 20.20 1.37 5.00 1.50
3987 1932 220 11071.96 16.40 20.90 1.88 5.60 5.30
3987 1932 221 13543.09 13.50 19.80 1.32 7.50 0.00
3987 1932 222 13665.44 11.50 23.10 1.64 5.20 0.10
3987 1932 223 15886.27 14.70 22.80 1.48 5.10 0.00
3987 1932 224 24159.95 10.80 25.30 1.35 2.50 0.00
3987 1932 225 23146.27 12.60 29.40 1.25 4.10 0.00
3987 1932 226 21387.69 14.20 33.10 1.53 3.60 0.00
3987 1932 227 19931.60 18.70 33.40 1.73 3.70 0.00
3987 1932 228 18583.50 18.60 33.90 1.91 4.10 0.00
3987 1932 229 19209.20 18.70 30.20 2.11 3.80 0.00
3987 1932 230 13018.52 18.60 24.30 1.85 2.90 0.00
3987 1932 231 20021.82 16.20 28.50 1.96 3.70 0.00
3987 1932 232 17139.59 18.40 30.50 1.99 2.80 0.00
3987 1932 233 18776.66 20.70 36.60 1.83 5.20 0.00
3987 1932 234 17674.59 20.10 37.20 1.80 4.70 0.10
3987 1932 235 11048.26 18.30 27.40 2.05 3.70 5.90
3987 1932 236 11028.08 15.10 20.50 1.55 5.70 0.30
3987 1932 237 13432.27 12.30 21.40 1.35 2.60 0.00
3987 1932 238 17406.03 11.00 23.80 1.28 2.50 0.00
3987 1932 239 21519.52 10.90 26.70 1.21 4.40 0.00
3987 1932 240 16076.37 12.60 32.30 1.68 4.70 0.00
3987 1932 241 8364.12 16.00 24.30 1.59 3.50 0.00
3987 1932 242 9546.94 14.70 22.50 1.53 2.00 0.00
3987 1932 243 11256.29 11.00 23.60 1.40 2.60 0.00
3987 1932 244 12814.54 14.20 23.10 1.65 4.30 0.00
3987 1932 245 13961.34 14.60 23.60 1.59 2.90 0.00
3987 1932 246 6967.85 13.20 17.90 1.57 5.60 5.60
3987 1932 247 7057.56 14.90 24.00 1.87 6.80 16.20
3987 1932 248 13364.03 13.30 19.40 1.21 6.90 0.00
3987 1932 249 8170.15 10.10 17.60 1.17 4.20 0.00
3987 1932 250 16092.09 12.40 23.30 1.21 3.60 0.00
3987 1932 251 12751.43 13.10 27.80 1.49 4.60 4.80
3987 1932 252 10383.14 13.80 22.10 1.60 2.30 3.70
3987 1932 253 17299.01 15.00 28.80 1.91 3.70 0.00
3987 1932 254 13767.26 17.20 26.30 1.96 3.20 7.10
3987 1932 255 7156.95 13.80 18.80 1.52 7.70 3.40
3987 1932 256 11193.61 11.50 17.30 1.16 10.00 1.60
3987 1932 257 12740.74 9.70 17.00 1.08 6.50 0.00
3987 1932 258 7408.14 8.30 20.60 1.12 3.10 0.00
3987 1932 259 6633.38 10.50 21.60 1.33 2.70 0.00
3987 1932 260 14627.50 12.50 24.50 1.64 2.10 0.00
3987 1932 261 16344.93 12.10 26.10 1.59 3.80 0.50
3987 1932 262 6673.03 15.60 21.60 1.76 4.80 16.30
3987 1932 263 9902.18 13.80 21.60 1.73 5.00 2.50
3987 1932 264 12322.83 9.90 17.00 1.07 4.60 0.00
3987 1932 265 9304.80 8.50 14.30 0.95 4.60 0.40
3987 1932 266 14403.36 3.30 15.30 0.76 3.70 0.00
3987 1932 267 9209.67 6.00 20.90 1.37 6.20 2.10
3987 1932 268 5387.36 13.10 16.50 1.51 4.40 3.30
3987 1932 269 8746.28 11.00 17.20 1.32 6.90 0.00
3987 1932 270 11646.58 10.60 22.20 1.36 4.90 0.00
3987 1932 271 5250.49 12.40 17.40 1.33 3.50 0.70
3987 1932 272 13084.25 9.90 18.80 1.13 3.20 0.00
3987 1932 273 14390.47 5.50 18.00 0.91 4.90 0.00
3987 1932 274 9711.11 10.10 22.40 1.44 5.00 0.00
3987 1932 275 8852.69 10.60 20.00 1.08 5.80 0.00
3987 1932 276 6877.30 9.30 14.90 0.88 6.60 0.70
3987 1932 277 6885.26 5.80 13.10 0.85 6.80 0.10
3987 1932 278 9660.90 2.30 12.40 0.81 4.70 0.10
3987 1932 279 9458.18 4.40 11.60 0.83 5.40 0.00
3987 1932 280 11977.24 2.10 14.40 0.72 3.20 0.00
3987 1932 281 11418.10 2.30 15.20 0.77 5.00 0.00
3987 1932 282 4219.19 4.10 9.80 1.04 4.50 2.00
3987 1932 283 6060.13 7.60 16.20 1.23 4.50 2.00
3987 1932 284 9420.26 8.60 15.50 1.03 4.50 0.40
3987 1932 285 6654.75 6.10 14.70 1.04 4.30 1.20
3987 1932 286 4534.76 6.90 13.50 1.07 5.30 0.10
3987 1932 287 7986.11 6.70 17.50 1.15 5.90 3.50
3987 1932 288 4443.28 7.00 15.50 1.08 6.60 1.20
3987 1932 289 3890.82 3.90 15.50 0.83 4.90 0.00
3987 1932 290 5468.99 5.20 13.10 0.85 5.30 1.50
3987 1932 291 3611.27 7.40 10.00 1.05 6.00 5.20
3987 1932 292 4107.38 6.60 11.40 1.03 8.80 3.00
3987 1932 293 5227.52 5.60 11.50 0.84 8.30 0.20
3987 1932 294 3420.07 5.10 10.20 0.92 6.90 9.50
3987 1932 295 3342.41 8.40 13.80 1.23 7.80 2.10
3987 1932 296 8915.67 12.80 20.40 1.29 5.70 0.00
3987 1932 297 4277.21 10.20 17.70 1.27 4.30 10.80
3987 1932 298 4876.94 7.30 12.30 0.99 7.30 0.00
3987 1932 299 5267.35 3.30 10.20 0.88 4.60 3.00
3987 1932 300 3066.32 5.70 9.00 0.97 7.00 7.50
3987 1932 301 3577.93 6.40 11.40 0.91 7.00 5.70
3987 1932 302 5212.98 5.00 9.80 0.89 3.30 4.60
3987 1932 303 3344.44 3.20 7.50 0.81 5.10 0.10
3987 1932 304 3103.77 3.20 5.80 0.76 5.50 5.30
3987 1932 305 2796.77 3.70 7.90 0.93 3.50 5.70
3987 1932 306 5452.37 0.70 7.00 0.69 4.60 0.00
3987 1932 307 2703.00 -0.50 5.60 0.75 4.90 3.40
3987 1932 308 2629.21 5.20 12.30 1.27 7.60 4.90
3987 1932 309 6642.63 8.00 16.20 1.01 5.40 0.00
3987 1932 310 2826.22 6.90 11.30 0.96 6.00 4.00
3987 1932 311 2507.64 3.40 7.50 0.75 4.20 2.20
3987 1932 312 2457.96 3.00 5.90 0.85 4.20 6.50
3987 1932 313 2630.18 2.90 7.60 0.85 3.70 0.10
3987 1932 314 5399.68 4.10 11.00 0.85 4.10 0.00
3987 1932 315 2333.18 -1.00 4.70 0.73 3.30 0.10
3987 1932 316 2284.72 3.80 5.90 0.85 5.70 0.00
3987 1932 317 4544.81 4.30 8.50 0.72 6.80 0.00
3987 1932 318 2208.48 3.00 4.80 0.61 8.20 0.00
3987 1932 319 4844.59 -0.80 5.90 0.59 6.50 0.00
3987 1932 320 5846.43 -2.70 7.20 0.57 3.80 0.00
3987 1932 321 2103.37 -2.10 1.10 0.63 2.50 0.00
3987 1932 322 2164.32 0.00 3.30 0.57 1.80 0.00
3987 1932 323 3011.95 0.60 4.70 0.56 3.90 0.00
3987 1932 324 5303.50 -2.20 5.50 0.53 5.20 0.00
3987 1932 325 4017.69 -0.60 8.40 0.63 5.50 0.70
3987 1932 326 2066.18 2.50 7.00 0.77 3.80 1.10
3987 1932 327 3584.98 1.90 8.20 0.77 4.50 1.10
3987 1932 328 1867.31 0.80 5.70 0.75 7.20 2.30
3987 1932 329 2118.94 1.70 5.40 0.67 7.30 0.10
3987 1932 330 2996.21 1.60 6.30 0.68 7.90 0.20
3987 1932 331 1781.77 2.40 8.80 0.92 5.80 1.50
3987 1932 332 2559.46 3.40 9.40 0.84 6.30 0.10
3987 1932 333 3024.54 1.40 6.80 0.72 6.00 0.10
3987 1932 334 4889.90 -1.50 6.00 0.59 4.70 0.10
3987 1932 335 3400.97 -1.70 4.50 0.60 5.20 0.00
3987 1932 336 2886.00 -0.10 6.80 0.64 5.30 0.10
3987 1932 337 1746.07 -0.50 2.90 0.64 2.50 0.00
3987 1932 338 1761.29 1.60 6.40 0.71 5.90 0.00
3987 1932 339 1620.31 1.40 6.50 0.76 4.70 0.90
3987 1932 340 1982.96 0.70 5.10 0.71 4.30 0.00
3987 1932 341 2134.76 -0.50 2.60 0.65 3.90 0.80
3987 1932 342 1787.12 -0.70 2.50 0.64 3.00 0.40
3987 1932 343 1735.80 -2.40 1.60 0.49 3.30 0.00
3987 1932 344 2139.28 -3.90 -0.10 0.47 1.90 0.10
3987 1932 345 1549.32 -5.10 -2.00 0.48 1.70 0.00
3987 1932 346 1579.29 -4.20 -1.50 0.43 3.00 0.00
3987 1932 347 4385.49 -5.10 -1.10 0.37 5.80 0.00
3987 1932 348 2451.61 -3.00 1.30 0.49 4.60 0.00
3987 1932 349 3082.41 -2.70 3.10 0.53 4.80 0.00
3987 1932 350 1503.59 -1.40 1.90 0.57 3.80 0.20
3987 1932 351 2415.84 0.30 6.20 0.72 5.00 0.30
3987 1932 352 4206.31 -0.30 7.10 0.65 5.60 0.00
3987 1932 353 4227.76 0.10 10.00 0.67 6.50 0.00
3987 1932 354 4239.23 0.20 9.30 0.55 5.40 0.00
3987 1932 355 3488.46 -2.10 4.20 0.51 4.80 0.00
3987 1932 356 3774.67 -2.30 3.40 0.49 4.60 0.00
3987 1932 357 2814.76 -6.10 2.10 0.51 4.40 0.00
3987 1932 358 1568.94 0.00 5.90 0.73 3.80 0.20
3987 1932 359 3412.13 -1.10 5.50 0.69 4.80 0.20
3987 1932 360 1495.34 3.00 4.50 0.76 3.80 0.00
3987 1932 361 3760.86 -1.10 5.00 0.61 3.40 0.00
3987 1932 362 1513.28 -1.50 0.40 0.59 3.50 0.00
3987 1932 363 1520.75 -0.10 0.70 0.52 3.10 0.00
3987 1932 364 1533.40 -2.70 0.00 0.43 3.70 0.00
3987 1932 365 4005.63 -4.90 0.70 0.43 4.30 0.00
3987 1932 366 1550.41 -3.30 1.60 0.57 5.50 0.00
