*---------------------------------------------------------------------------*
* Station name: Potsdam Saekularstation
* Year: 1945
* Author: Pedro Alencar                                   -999.000: NIL VALUE
* Source: DWD
* Comments: Gaps filled with interpolation and storical means
* Longitude: 13.0622, latitude: 52.3812, altitude: 82.0 m.
*
    * Column  Daily value
    * 1       station number
    * 2       year
    * 3       day
    * 4       irradiation                   (kJ m-2 d-1)
    * 5       minimum temperature           (degrees Celsius
    * 6       maximum temperature           (degrees Celsius)
    * 7       early morning vapour pressure (kPa)
    * 8       mean wind speed (height: 2 m) (m s-1)
    * 9       precipitation                 (mm d-1)
    *
** WCCDESCRIPTION=Potsdam, Germany
** WCCFORMAT=2
** WCCYEARNR=1945
*---------------------------------------------------------------------------*
   13.0622 52.3812 82.0 -0.18 -0.55
3987 1945 1 2876.45 -5.00 -1.20 0.43 4.70 0.00
3987 1945 2 2520.68 -9.80 -1.00 0.40 5.40 0.00
3987 1945 3 1571.81 -1.40 1.90 0.60 7.30 0.40
3987 1945 4 1584.99 0.90 3.10 0.57 6.50 0.00
3987 1945 5 1607.72 -3.10 0.90 0.49 3.20 0.00
3987 1945 6 3826.10 -3.60 1.10 0.44 3.30 0.00
3987 1945 7 2878.56 -4.50 -0.40 0.41 5.30 0.00
3987 1945 8 1661.68 -4.70 -1.30 0.40 4.00 0.00
3987 1945 9 1685.86 -9.80 -3.80 0.36 4.30 0.50
3987 1945 10 4004.06 -12.60 -5.30 0.31 3.10 3.20
3987 1945 11 1717.81 -8.30 0.80 0.52 4.60 2.40
3987 1945 12 1734.25 0.80 2.60 0.61 7.20 0.00
3987 1945 13 4005.54 -3.60 1.90 0.47 6.80 0.00
3987 1945 14 4877.48 -6.40 2.50 0.39 3.10 0.00
3987 1945 15 1815.24 -5.80 0.20 0.49 4.30 0.30
3987 1945 16 1899.07 -10.40 -1.40 0.36 3.20 0.10
3987 1945 17 1868.71 -7.50 0.90 0.51 7.30 0.20
3987 1945 18 1891.74 -3.40 2.70 0.51 8.50 0.60
3987 1945 19 2392.49 0.60 5.50 0.53 10.60 0.80
3987 1945 20 4607.13 -3.80 0.90 0.43 5.80 0.10
3987 1945 21 4969.33 -7.80 1.20 0.40 2.40 0.00
3987 1945 22 4460.41 -9.80 -1.80 0.33 2.80 1.00
3987 1945 23 5358.35 -7.80 0.50 0.39 5.10 0.00
3987 1945 24 2114.28 -12.20 -6.60 0.28 3.70 3.00
3987 1945 25 2143.86 -10.70 -4.90 0.36 2.90 0.20
3987 1945 26 2175.62 -7.50 -2.10 0.43 4.60 5.50
3987 1945 27 2428.36 -10.00 -2.00 0.35 4.90 0.40
3987 1945 28 2269.43 -10.80 -5.70 0.25 3.70 0.90
3987 1945 29 2301.73 -10.50 -5.00 0.33 7.30 0.60
3987 1945 30 2336.79 -6.70 -1.70 0.40 6.10 1.10
3987 1945 31 2366.55 -6.00 2.90 0.59 5.10 0.70
3987 1945 32 2396.52 2.90 7.40 0.73 9.20 0.60
3987 1945 33 2550.24 4.30 6.80 0.71 8.40 1.20
3987 1945 34 4461.05 1.50 9.30 0.71 8.30 0.80
3987 1945 35 3173.51 0.50 3.80 0.56 6.00 4.70
3987 1945 36 2590.52 1.70 4.30 0.75 5.10 7.70
3987 1945 37 2753.38 2.20 6.00 0.79 6.00 0.20
3987 1945 38 2686.42 0.60 5.80 0.72 5.90 3.90
3987 1945 39 4885.45 3.00 7.70 0.75 6.10 0.10
3987 1945 40 3212.06 2.20 8.40 0.68 6.30 2.50
3987 1945 41 3709.86 -0.60 3.40 0.67 6.50 6.20
3987 1945 42 3215.77 -0.70 4.60 0.60 5.10 3.50
3987 1945 43 2969.23 -1.60 0.90 0.55 3.00 4.10
3987 1945 44 3124.81 -1.70 9.60 0.81 6.40 7.10
3987 1945 45 4343.37 4.00 9.50 0.75 8.40 2.30
3987 1945 46 4357.26 3.30 6.20 0.71 5.90 0.00
3987 1945 47 3258.38 -1.40 3.70 0.55 2.20 0.00
3987 1945 48 4257.17 -1.50 3.90 0.49 5.10 0.00
3987 1945 49 9094.41 -2.40 3.20 0.41 5.50 0.00
3987 1945 50 3377.51 -3.30 2.20 0.44 4.20 0.00
3987 1945 51 4735.67 -0.20 8.60 0.55 3.60 4.80
3987 1945 52 4964.13 1.10 6.20 0.69 5.60 0.00
3987 1945 53 4888.16 0.10 8.60 0.69 5.80 0.60
3987 1945 54 3608.07 5.10 6.30 0.92 4.50 12.50
3987 1945 55 4196.58 1.90 6.30 0.63 6.20 0.00
3987 1945 56 3823.01 -0.50 6.00 0.63 7.60 3.20
3987 1945 57 3797.32 4.90 9.20 0.97 10.90 6.10
3987 1945 58 3856.49 8.60 10.80 1.11 8.00 0.00
3987 1945 59 4824.18 9.20 12.60 1.01 7.00 0.00
3987 1945 60 5697.16 1.80 10.40 0.69 10.80 2.80
3987 1945 61 4485.51 1.10 4.60 0.48 14.60 0.00
3987 1945 62 10543.10 -0.30 4.40 0.43 8.30 0.00
3987 1945 63 4488.67 -2.30 3.00 0.59 6.70 3.50
3987 1945 64 6577.88 -1.70 3.40 0.49 3.20 0.10
3987 1945 65 6657.81 -1.80 4.20 0.56 4.60 0.00
3987 1945 66 9883.11 -5.00 4.80 0.41 4.70 0.00
3987 1945 67 6695.45 -3.20 1.70 0.49 4.70 0.90
3987 1945 68 7016.70 -2.70 5.80 0.56 5.30 0.00
3987 1945 69 4661.91 4.10 6.10 0.79 11.80 0.80
3987 1945 70 4915.41 3.40 5.50 0.64 3.00 0.80
3987 1945 71 4808.77 3.80 7.70 0.73 6.60 0.30
3987 1945 72 5744.86 2.20 9.20 0.75 7.50 1.60
3987 1945 73 6936.71 5.40 12.50 0.89 4.20 0.00
3987 1945 74 13237.09 3.10 16.20 0.84 4.30 0.00
3987 1945 75 13452.87 5.10 17.30 0.79 6.10 0.60
3987 1945 76 5452.74 5.70 8.60 0.85 7.10 2.10
3987 1945 77 8146.42 2.90 8.70 0.77 5.10 1.20
3987 1945 78 7034.55 5.70 14.50 0.84 4.20 0.00
3987 1945 79 9314.75 6.70 14.20 0.68 8.60 0.00
3987 1945 80 8139.90 5.90 12.70 0.75 10.50 0.00
3987 1945 81 11486.77 2.90 14.40 0.80 3.10 0.00
3987 1945 82 15858.21 5.40 19.20 0.85 2.90 0.00
3987 1945 83 16285.29 4.30 20.70 0.85 5.80 0.00
3987 1945 84 16614.31 5.20 20.30 0.80 5.30 0.00
3987 1945 85 11079.84 5.60 20.60 0.88 4.60 0.00
3987 1945 86 11399.86 5.70 18.30 0.88 4.00 0.00
3987 1945 87 9123.89 6.70 14.20 0.89 4.50 0.00
3987 1945 88 8045.34 5.10 14.30 1.07 6.10 3.30
3987 1945 89 6472.71 6.40 12.20 0.99 7.00 3.10
3987 1945 90 9126.28 5.00 11.80 0.80 7.10 0.00
3987 1945 91 7292.68 6.60 15.70 1.00 7.60 0.10
3987 1945 92 7278.41 8.90 16.30 1.00 9.30 3.30
3987 1945 93 7006.30 5.40 8.90 0.91 5.10 5.00
3987 1945 94 12201.58 4.20 10.00 0.73 8.40 2.10
3987 1945 95 12824.11 1.40 11.60 0.80 3.60 7.30
3987 1945 96 6730.29 5.20 8.80 0.84 3.40 0.70
3987 1945 97 16070.91 0.10 12.40 0.60 3.40 0.00
3987 1945 98 12632.31 0.70 11.60 0.71 5.00 0.00
3987 1945 99 12173.50 3.00 16.10 0.87 5.10 0.00
3987 1945 100 16702.25 2.90 16.20 0.89 4.50 0.00
3987 1945 101 16445.12 5.70 19.30 0.87 2.60 0.00
3987 1945 102 12474.85 5.70 16.00 0.68 5.20 0.00
3987 1945 103 11786.64 3.40 18.50 0.91 4.70 0.00
3987 1945 104 19525.26 5.00 12.90 0.47 4.30 0.00
3987 1945 105 7400.70 -0.30 10.90 0.40 3.80 0.00
3987 1945 106 21200.26 -0.80 18.50 0.47 3.40 0.00
3987 1945 107 14629.67 7.30 21.80 0.93 3.50 7.10
3987 1945 108 14611.65 8.80 17.70 1.12 5.50 0.00
3987 1945 109 14631.90 7.90 14.80 0.77 9.00 0.00
3987 1945 110 15407.97 5.10 17.00 0.68 5.20 2.00
3987 1945 111 15260.37 5.60 12.30 0.93 6.00 8.00
3987 1945 112 15281.88 3.90 9.50 0.80 7.20 8.00
3987 1945 113 15675.11 3.40 8.90 0.71 5.30 2.50
3987 1945 114 15386.87 4.70 11.00 0.67 3.70 1.40
3987 1945 115 15333.10 3.00 14.70 0.65 3.40 0.00
3987 1945 116 15755.26 2.60 17.20 0.80 3.40 0.00
3987 1945 117 15081.11 5.50 19.50 1.03 5.20 13.40
3987 1945 118 15275.49 5.70 11.70 0.93 3.60 2.10
3987 1945 119 15182.30 3.50 11.00 0.55 6.00 0.00
3987 1945 120 15821.35 2.60 11.50 0.59 5.90 1.30
3987 1945 121 16302.20 0.20 9.00 0.59 4.30 0.00
3987 1945 122 16165.84 3.70 8.10 0.75 2.90 1.00
3987 1945 123 16940.36 0.50 11.40 0.79 3.80 1.80
3987 1945 124 16741.90 1.10 14.80 0.60 5.30 1.00
3987 1945 125 16801.94 4.00 10.10 0.79 4.80 0.50
3987 1945 126 16541.72 4.00 10.60 0.93 3.50 4.00
3987 1945 127 17051.82 8.00 16.00 0.83 5.40 0.00
3987 1945 128 16879.81 7.20 20.20 0.79 2.30 0.00
3987 1945 129 19334.86 8.10 21.50 0.87 4.60 0.00
3987 1945 130 19585.37 11.00 28.60 1.24 5.60 0.00
3987 1945 131 18960.07 15.70 28.20 1.47 4.00 0.00
3987 1945 132 22602.58 15.00 30.80 1.52 3.80 0.00
3987 1945 133 23529.26 16.70 32.10 1.44 3.80 0.00
3987 1945 134 23288.49 14.80 25.00 0.89 7.50 0.00
3987 1945 135 19376.77 12.30 20.20 1.01 6.90 0.00
3987 1945 136 25162.39 9.20 24.60 1.03 2.90 0.00
3987 1945 137 22953.95 14.20 30.90 1.36 4.90 2.50
3987 1945 138 15697.42 12.70 22.50 1.17 4.40 0.00
3987 1945 139 20739.54 7.50 19.80 0.69 2.90 0.00
3987 1945 140 24957.20 8.70 20.30 0.75 5.70 0.00
3987 1945 141 15087.56 6.80 20.60 0.81 6.30 4.00
3987 1945 142 11364.31 11.80 16.60 1.29 5.10 0.70
3987 1945 143 9643.22 10.00 12.90 1.17 3.80 10.20
3987 1945 144 9846.24 6.50 10.30 0.93 3.30 0.90
3987 1945 145 15299.35 5.20 12.80 0.88 4.80 0.80
3987 1945 146 24276.00 4.30 18.10 0.81 5.10 0.00
3987 1945 147 15271.60 8.40 19.60 1.13 3.90 0.20
3987 1945 148 21213.27 11.60 24.60 1.23 4.20 0.00
3987 1945 149 27099.05 12.50 29.20 1.31 5.20 0.60
3987 1945 150 15686.57 14.50 21.20 1.43 4.70 11.10
3987 1945 151 9793.92 9.70 15.80 1.23 3.60 13.30
3987 1945 152 14222.01 8.70 19.50 1.25 3.10 0.00
3987 1945 153 25402.22 10.70 22.30 1.13 4.20 0.00
3987 1945 154 27163.89 12.40 24.70 1.08 3.00 0.00
3987 1945 155 22599.87 14.30 27.70 1.37 6.40 0.00
3987 1945 156 20423.93 12.30 21.70 1.01 3.50 0.30
3987 1945 157 18115.04 12.90 25.90 1.59 2.80 0.90
3987 1945 158 21920.90 16.60 29.40 1.88 3.10 0.20
3987 1945 159 18433.67 15.50 24.50 1.45 4.80 0.00
3987 1945 160 27138.44 11.20 22.90 1.03 4.50 0.00
3987 1945 161 20923.01 11.00 22.20 1.28 2.90 1.10
3987 1945 162 11172.76 12.70 19.30 1.35 2.10 0.00
3987 1945 163 10581.27 11.70 19.50 1.53 4.20 9.40
3987 1945 164 17070.33 10.30 16.20 1.08 8.30 0.40
3987 1945 165 15755.70 8.50 18.30 1.03 8.50 5.90
3987 1945 166 25871.45 6.70 19.80 0.99 6.80 0.00
3987 1945 167 17527.62 13.20 19.90 1.08 6.00 0.00
3987 1945 168 28751.41 7.90 17.80 0.75 5.40 0.00
3987 1945 169 14368.16 10.30 22.00 0.99 4.00 0.00
3987 1945 170 28764.73 10.30 25.60 1.45 3.70 0.00
3987 1945 171 27348.95 12.70 28.20 1.45 5.00 0.00
3987 1945 172 24174.60 14.10 30.20 1.33 5.70 0.00
3987 1945 173 11554.12 18.20 24.30 1.80 3.40 11.40
3987 1945 174 21416.04 15.60 24.00 1.81 3.50 0.00
3987 1945 175 21918.62 16.10 28.70 1.80 2.60 0.30
3987 1945 176 23567.87 16.70 26.40 1.45 4.80 0.00
3987 1945 177 24807.24 10.10 23.90 1.11 2.50 10.30
3987 1945 178 10033.20 12.10 17.10 1.45 4.40 10.50
3987 1945 179 10762.73 10.90 16.10 1.20 9.70 5.00
3987 1945 180 10127.90 11.60 16.30 1.35 7.40 1.20
3987 1945 181 16643.40 12.00 18.60 1.35 5.10 2.10
3987 1945 182 18797.49 11.60 20.00 1.29 6.00 0.70
3987 1945 183 20984.45 9.30 18.00 1.16 5.20 3.60
3987 1945 184 14552.62 11.60 17.30 1.35 4.90 5.20
3987 1945 185 10060.37 12.40 15.50 1.31 5.60 0.00
3987 1945 186 12934.64 10.90 19.40 1.33 5.30 16.60
3987 1945 187 16757.59 12.00 20.40 1.49 4.90 7.90
3987 1945 188 14557.15 13.60 19.10 1.57 4.80 1.20
3987 1945 189 15735.58 14.20 20.10 1.51 5.40 0.00
3987 1945 190 19862.95 11.30 22.10 1.53 3.10 0.00
3987 1945 191 27154.76 12.30 27.00 1.53 2.30 0.00
3987 1945 192 13173.35 16.70 25.40 1.99 1.80 0.20
3987 1945 193 13021.17 17.50 23.90 2.05 3.60 0.00
3987 1945 194 19720.28 17.70 27.90 2.00 2.50 0.70
3987 1945 195 26997.41 17.20 29.90 1.91 3.30 0.00
3987 1945 196 27592.05 17.90 31.40 1.81 5.00 0.00
3987 1945 197 26258.84 17.80 33.00 1.91 4.30 0.00
3987 1945 198 9585.34 15.10 23.30 1.59 6.50 1.40
3987 1945 199 9526.51 15.10 19.70 1.75 2.20 0.00
3987 1945 200 25590.52 13.40 29.40 1.59 3.70 0.00
3987 1945 201 20360.07 19.90 27.40 1.64 5.00 0.10
3987 1945 202 20251.49 16.30 24.60 1.56 5.40 0.00
3987 1945 203 23448.99 16.80 31.10 1.52 7.10 0.70
3987 1945 204 17979.84 15.00 20.90 1.45 9.20 0.00
3987 1945 205 11763.18 14.80 22.70 1.61 6.20 0.00
3987 1945 206 17528.23 13.90 21.60 1.28 3.70 0.00
3987 1945 207 23007.19 11.70 26.90 1.39 4.10 0.50
3987 1945 208 20890.93 16.70 28.10 1.57 5.90 0.40
3987 1945 209 16990.58 14.10 22.50 1.23 5.20 1.60
3987 1945 210 13445.44 12.40 18.80 1.20 9.90 0.30
3987 1945 211 13858.43 13.10 20.30 1.45 9.20 1.50
3987 1945 212 14377.49 11.60 18.40 1.20 8.80 0.00
3987 1945 213 14087.33 12.10 22.70 1.37 5.10 5.90
3987 1945 214 16582.98 12.60 24.10 1.44 5.10 4.30
3987 1945 215 16686.14 13.20 23.60 1.45 6.00 1.70
3987 1945 216 11673.81 14.10 22.00 1.72 4.10 8.10
3987 1945 217 19166.03 13.60 24.80 1.83 3.60 0.00
3987 1945 218 19624.09 15.70 27.50 1.69 3.00 0.10
3987 1945 219 14435.81 15.20 23.40 1.64 3.50 4.60
3987 1945 220 10358.50 15.90 23.20 1.97 3.80 2.00
3987 1945 221 10992.38 16.70 23.80 1.93 4.40 37.70
3987 1945 222 8480.44 13.00 17.10 1.25 6.50 11.80
3987 1945 223 9440.52 12.60 19.70 1.56 5.00 18.90
3987 1945 224 13432.80 13.00 21.10 1.71 5.20 3.30
3987 1945 225 10987.03 13.80 20.40 1.69 2.20 3.50
3987 1945 226 10804.36 13.80 21.40 1.68 1.90 0.50
3987 1945 227 14744.65 12.80 22.60 1.71 2.40 0.00
3987 1945 228 14357.76 14.20 20.90 1.39 7.20 1.30
3987 1945 229 14659.63 9.40 18.70 1.35 5.30 5.30
3987 1945 230 11989.20 10.80 17.60 1.49 4.90 0.00
3987 1945 231 10988.83 15.00 20.60 1.63 2.60 0.00
3987 1945 232 15647.80 14.00 21.80 1.39 3.00 0.00
3987 1945 233 14468.03 13.90 19.80 1.23 5.00 0.00
3987 1945 234 11958.94 14.20 21.90 1.55 4.90 1.90
3987 1945 235 12007.19 11.30 19.20 1.43 4.60 0.00
3987 1945 236 12559.12 12.20 18.80 1.40 6.10 0.50
3987 1945 237 11139.83 15.50 21.70 1.75 7.20 3.30
3987 1945 238 19377.22 13.10 20.20 1.27 7.30 0.00
3987 1945 239 20027.85 9.20 21.60 1.25 3.00 0.00
3987 1945 240 21161.54 9.60 26.90 1.31 4.20 0.00
3987 1945 241 19640.47 13.30 31.10 1.63 4.50 0.00
3987 1945 242 13661.72 20.00 28.60 2.13 3.00 0.10
3987 1945 243 7383.42 14.80 22.00 1.63 5.90 1.00
3987 1945 244 7437.49 10.60 15.70 1.19 5.80 0.00
3987 1945 245 11435.54 11.30 18.40 1.07 3.40 0.00
3987 1945 246 20118.71 7.80 20.90 1.07 2.60 0.00
3987 1945 247 19220.47 9.80 23.10 1.24 4.00 0.00
3987 1945 248 19635.08 10.80 25.60 1.21 3.30 0.00
3987 1945 249 15092.97 10.80 21.60 1.08 2.90 0.00
3987 1945 250 18696.49 8.20 20.90 1.09 4.30 0.00
3987 1945 251 10814.10 9.40 19.60 1.15 2.20 0.00
3987 1945 252 17593.84 10.80 21.20 1.07 5.20 0.00
3987 1945 253 9145.47 9.10 18.20 1.01 3.90 0.00
3987 1945 254 11626.39 8.60 18.80 1.08 3.20 0.00
3987 1945 255 13776.25 7.60 19.20 1.09 4.30 0.00
3987 1945 256 15379.73 8.30 18.70 1.17 5.10 0.00
3987 1945 257 9808.26 10.70 21.30 1.37 4.30 6.20
3987 1945 258 9689.60 12.80 21.20 1.56 5.00 0.00
3987 1945 259 12418.26 11.80 20.10 1.40 5.00 0.00
3987 1945 260 11418.59 16.80 24.60 1.73 5.70 0.00
3987 1945 261 12747.17 15.50 27.10 1.77 4.20 0.00
3987 1945 262 9056.93 17.00 23.10 1.49 5.70 0.40
3987 1945 263 10638.05 12.90 21.80 1.55 4.00 0.20
3987 1945 264 15606.08 11.90 25.30 1.41 4.00 0.00
3987 1945 265 13530.28 13.40 26.60 1.60 3.80 0.10
3987 1945 266 10327.72 11.80 19.00 1.12 3.50 0.00
3987 1945 267 7100.76 8.40 15.30 1.03 1.80 0.00
3987 1945 268 12729.52 6.70 17.70 0.99 2.90 0.00
3987 1945 269 13311.22 4.90 16.00 0.93 4.00 0.00
3987 1945 270 6669.12 5.70 13.90 1.07 4.80 3.10
3987 1945 271 7183.53 8.30 14.80 1.09 5.30 2.90
3987 1945 272 12267.45 6.80 15.10 0.96 5.20 0.00
3987 1945 273 5548.41 5.70 12.20 1.09 3.60 8.50
3987 1945 274 5120.99 9.20 14.30 1.29 5.10 15.80
3987 1945 275 10597.48 4.60 13.40 0.89 3.90 0.00
3987 1945 276 6572.28 5.00 13.40 0.88 3.60 1.10
3987 1945 277 12412.38 1.70 12.90 0.80 3.60 0.10
3987 1945 278 9576.74 1.90 12.00 0.83 4.10 5.50
3987 1945 279 5710.73 7.70 13.10 1.08 6.80 0.00
3987 1945 280 12151.38 3.70 11.60 0.69 5.30 0.00
3987 1945 281 5788.85 1.50 11.80 0.88 5.90 0.00
3987 1945 282 5056.04 10.40 14.70 1.17 5.70 0.00
3987 1945 283 10521.18 5.70 18.10 1.09 6.00 0.00
3987 1945 284 4063.60 8.30 15.80 1.16 6.90 1.20
3987 1945 285 5759.97 3.50 11.40 0.84 4.20 0.30
3987 1945 286 4679.34 7.10 11.90 1.07 7.70 0.00
3987 1945 287 3863.07 9.90 11.20 1.15 9.10 1.10
3987 1945 288 3935.90 10.30 12.90 1.23 8.00 0.20
3987 1945 289 5026.45 10.40 14.50 1.21 4.30 1.20
3987 1945 290 3731.44 10.90 13.60 1.27 2.70 0.30
3987 1945 291 6859.25 9.30 15.20 1.11 4.20 0.00
3987 1945 292 5013.58 7.70 13.60 1.09 4.40 0.00
3987 1945 293 3481.24 4.60 12.40 0.97 2.20 0.00
3987 1945 294 6642.06 4.50 14.50 0.99 5.00 0.00
3987 1945 295 3547.73 6.90 14.80 1.23 4.70 1.20
3987 1945 296 6016.41 8.90 16.70 1.21 5.30 0.00
3987 1945 297 5181.41 13.00 18.20 1.25 7.50 0.00
3987 1945 298 5837.72 10.20 15.20 0.95 7.40 1.10
3987 1945 299 4908.46 10.20 14.60 0.91 9.10 1.00
3987 1945 300 3120.86 9.30 12.40 0.96 9.90 0.30
3987 1945 301 8312.82 6.40 15.60 0.95 5.20 0.00
3987 1945 302 7824.16 3.00 15.00 0.95 4.90 0.00
3987 1945 303 5492.60 3.10 14.60 0.96 2.90 0.00
3987 1945 304 2849.30 5.30 7.40 0.96 2.80 0.20
3987 1945 305 2792.25 6.10 8.80 1.04 6.90 0.00
3987 1945 306 6332.52 7.30 17.80 1.20 4.60 0.00
3987 1945 307 2683.53 7.90 13.80 1.12 3.90 0.00
3987 1945 308 2642.31 6.10 8.40 0.88 4.90 0.00
3987 1945 309 3686.31 4.60 10.10 0.87 6.30 0.00
3987 1945 310 2942.20 6.00 10.50 0.89 4.50 0.00
3987 1945 311 2499.57 6.30 7.10 0.92 3.30 0.20
3987 1945 312 2456.40 4.90 7.80 0.83 8.00 16.90
3987 1945 313 2419.00 1.80 4.90 0.73 4.90 5.90
3987 1945 314 2374.09 2.50 5.70 0.73 7.10 8.40
3987 1945 315 2333.46 2.60 3.80 0.72 5.70 1.10
3987 1945 316 2293.21 1.60 2.70 0.68 1.50 1.90
3987 1945 317 3353.95 0.30 5.70 0.68 2.40 1.40
3987 1945 318 2210.24 2.10 3.10 0.73 4.20 4.00
3987 1945 319 2172.55 0.50 3.20 0.71 3.10 4.10
3987 1945 320 2131.67 2.50 4.30 0.77 2.90 0.10
3987 1945 321 2094.05 3.30 5.70 0.80 2.80 0.00
3987 1945 322 2060.07 2.90 4.80 0.76 4.10 0.00
3987 1945 323 3212.31 -1.30 4.40 0.61 5.10 0.00
3987 1945 324 2341.19 -1.30 1.70 0.56 3.00 0.00
3987 1945 325 2403.66 -1.90 1.90 0.52 1.50 0.00
3987 1945 326 1934.82 -1.60 2.30 0.61 2.10 0.00
3987 1945 327 1908.47 -1.40 1.60 0.47 4.20 0.00
3987 1945 328 1879.50 -1.40 0.00 0.52 2.90 0.00
3987 1945 329 1850.46 -0.70 -0.10 0.59 2.40 0.30
3987 1945 330 1868.36 -1.30 0.80 0.52 4.90 2.80
3987 1945 331 4552.79 -1.70 2.60 0.60 6.30 2.10
3987 1945 332 1760.72 1.50 6.10 0.81 9.30 0.70
3987 1945 333 1735.89 4.00 6.50 0.73 9.10 0.00
3987 1945 334 1710.58 5.70 7.40 0.85 6.90 0.00
3987 1945 335 3431.31 3.20 8.80 0.77 3.80 0.00
3987 1945 336 2409.64 0.60 5.50 0.72 5.50 6.30
3987 1945 337 1653.91 3.10 6.90 0.84 4.90 4.10
3987 1945 338 1638.49 0.30 4.30 0.73 3.70 0.80
3987 1945 339 1623.88 0.80 3.60 0.67 3.00 0.10
3987 1945 340 1609.09 -0.30 2.80 0.64 3.80 0.10
3987 1945 341 1610.62 -9.60 -0.30 0.27 5.60 0.80
3987 1945 342 1596.78 -10.50 -7.00 0.27 6.40 3.00
3987 1945 343 3388.82 -13.10 -6.10 0.24 4.10 0.00
3987 1945 344 2612.61 -15.90 -6.10 0.28 4.00 0.60
3987 1945 345 1544.60 -6.10 2.20 0.55 8.10 0.90
3987 1945 346 4362.68 -4.70 -0.40 0.39 6.50 3.40
3987 1945 347 1519.88 -3.60 4.20 0.68 12.70 7.00
3987 1945 348 2808.46 -0.40 2.90 0.53 9.90 0.00
3987 1945 349 1504.35 1.20 3.80 0.63 8.60 0.80
3987 1945 350 1497.04 3.40 4.40 0.76 7.90 9.70
3987 1945 351 1726.87 3.90 8.00 0.79 7.40 0.00
3987 1945 352 3760.20 3.00 6.60 0.63 6.10 0.00
3987 1945 353 1881.92 0.40 7.30 0.68 5.90 0.00
3987 1945 354 1643.82 1.90 6.30 0.72 4.00 3.30
3987 1945 355 1486.02 1.90 4.50 0.68 3.70 0.10
3987 1945 356 1489.35 -0.30 1.90 0.59 3.40 0.00
3987 1945 357 1488.17 0.70 2.70 0.71 4.20 0.00
3987 1945 358 2766.43 1.00 6.10 0.71 5.20 0.50
3987 1945 359 2298.32 -0.30 2.60 0.63 4.80 0.60
3987 1945 360 1499.55 0.50 2.20 0.68 2.10 0.40
3987 1945 361 1500.21 0.20 5.50 0.77 5.80 3.30
3987 1945 362 1502.78 2.80 9.00 0.81 7.60 9.40
3987 1945 363 1516.33 1.80 8.10 0.64 9.70 0.10
3987 1945 364 1530.43 -1.00 1.80 0.49 5.00 0.30
3987 1945 365 1625.84 -2.90 -1.00 0.40 4.00 0.00
