*---------------------------------------------------------------------------*
* Station name: Potsdam Saekularstation
* Year: 1984
* Author: Pedro Alencar                                   -999.000: NIL VALUE
* Source: DWD
* Comments: Gaps filled with interpolation and storical means
* Longitude: 13.0622, latitude: 52.3812, altitude: 82.0 m.
*
    * Column  Daily value
    * 1       station number
    * 2       year
    * 3       day
    * 4       irradiation                   (kJ m-2 d-1)
    * 5       minimum temperature           (degrees Celsius
    * 6       maximum temperature           (degrees Celsius)
    * 7       early morning vapour pressure (kPa)
    * 8       mean wind speed (height: 2 m) (m s-1)
    * 9       precipitation                 (mm d-1)
    *
** WCCDESCRIPTION=Potsdam, Germany
** WCCFORMAT=2
** WCCYEARNR=1984
*---------------------------------------------------------------------------*
   13.0622 52.3812 82.0 -0.18 -0.55
3987 1984 1 290.00 3.50 8.60 0.76 9.50 4.80
3987 1984 2 2240.00 3.90 7.40 0.74 8.20 3.00
3987 1984 3 650.00 3.00 8.10 0.72 9.10 0.50
3987 1984 4 1000.00 1.50 5.10 0.56 9.00 0.00
3987 1984 5 2250.00 -0.60 3.30 0.54 6.50 3.60
3987 1984 6 1920.00 -1.00 4.70 0.65 5.70 0.80
3987 1984 7 1030.00 0.30 4.60 0.64 6.10 6.10
3987 1984 8 1970.00 0.20 4.40 0.57 8.20 5.10
3987 1984 9 470.00 -0.20 2.00 0.59 5.60 3.30
3987 1984 10 1720.00 -2.80 0.90 0.47 3.70 0.00
3987 1984 11 790.00 -4.40 3.70 0.57 6.20 8.70
3987 1984 12 970.00 1.60 3.60 0.67 5.50 0.60
3987 1984 13 850.00 -0.60 4.40 0.60 8.30 3.30
3987 1984 14 880.00 0.10 8.00 0.64 7.80 10.30
3987 1984 15 2830.00 0.60 7.00 0.52 10.10 3.60
3987 1984 16 3060.00 -0.90 4.40 0.55 7.90 6.20
3987 1984 17 2910.00 1.80 8.50 0.66 10.00 0.20
3987 1984 18 1290.00 1.30 4.80 0.54 8.70 0.10
3987 1984 19 3340.00 -2.60 2.80 0.47 4.20 0.00
3987 1984 20 2890.00 -4.70 1.50 0.45 1.70 0.10
3987 1984 21 960.00 -5.80 -1.00 0.45 0.80 0.00
3987 1984 22 2860.00 -4.40 -1.40 0.38 4.20 1.70
3987 1984 23 800.00 -5.80 -2.40 0.39 4.70 3.50
3987 1984 24 4070.00 -4.20 4.70 0.53 5.20 0.00
3987 1984 25 1690.00 -1.50 1.70 0.54 5.00 0.00
3987 1984 26 4380.00 -5.50 1.30 0.43 4.00 0.00
3987 1984 27 1600.00 -3.90 2.00 0.47 4.80 0.10
3987 1984 28 1880.00 -0.70 2.20 0.53 3.40 2.10
3987 1984 29 3240.00 -1.10 5.40 0.58 4.60 0.40
3987 1984 30 1560.00 1.30 4.10 0.66 4.00 2.80
3987 1984 31 3080.00 -1.00 3.70 0.60 4.60 0.70
3987 1984 32 1290.00 -3.00 1.40 0.59 3.10 0.60
3987 1984 33 1430.00 -0.90 4.20 0.63 4.50 0.10
3987 1984 34 3190.00 1.10 7.00 0.66 6.70 7.50
3987 1984 35 1840.00 1.60 5.70 0.71 6.70 1.50
3987 1984 36 1420.00 1.10 9.40 0.76 6.00 1.80
3987 1984 37 1390.00 -1.10 4.60 0.63 7.00 5.60
3987 1984 38 2470.00 -0.20 4.60 0.62 8.90 4.60
3987 1984 39 2890.00 0.50 4.40 0.59 5.30 0.90
3987 1984 40 1070.00 0.50 3.70 0.59 5.50 0.60
3987 1984 41 1730.00 -3.50 2.00 0.55 3.40 1.00
3987 1984 42 2230.00 -1.10 2.40 0.55 2.00 0.00
3987 1984 43 6960.00 -5.30 3.50 0.45 2.40 0.00
3987 1984 44 1610.00 -1.70 0.60 0.50 1.50 0.30
3987 1984 45 2980.00 -3.70 1.20 0.47 1.30 0.00
3987 1984 46 7030.00 -5.80 0.60 0.35 3.10 0.00
3987 1984 47 7030.00 -8.10 -0.70 0.28 3.20 0.00
3987 1984 48 6050.00 -9.50 -3.00 0.25 3.50 0.00
3987 1984 49 5400.00 -11.10 -1.80 0.26 4.50 0.00
3987 1984 50 7360.00 -7.70 0.50 0.26 6.80 0.00
3987 1984 51 2830.00 -6.50 0.10 0.35 5.80 0.00
3987 1984 52 7000.00 -6.40 4.70 0.41 5.00 0.00
3987 1984 53 5300.00 -6.10 3.10 0.41 4.10 0.80
3987 1984 54 1920.00 -2.60 1.40 0.53 1.70 0.20
3987 1984 55 2140.00 -2.10 0.60 0.53 3.50 3.00
3987 1984 56 1490.00 -2.00 0.90 0.55 4.00 2.90
3987 1984 57 2290.00 0.30 3.40 0.64 6.30 0.00
3987 1984 58 3170.00 -1.00 4.30 0.60 4.50 0.00
3987 1984 59 7510.00 -0.80 7.60 0.59 1.30 0.00
3987 1984 60 7890.00 -1.70 7.80 0.56 1.10 0.00
3987 1984 61 7840.00 -1.50 7.00 0.53 2.50 0.00
3987 1984 62 6560.00 -1.20 6.60 0.58 4.00 4.90
3987 1984 63 5640.00 -1.90 5.30 0.59 2.50 0.00
3987 1984 64 1840.00 -1.60 2.00 0.57 2.70 0.10
3987 1984 65 1650.00 0.10 4.00 0.61 4.70 0.10
3987 1984 66 4640.00 0.10 7.80 0.68 4.30 0.60
3987 1984 67 7340.00 2.70 6.60 0.61 6.30 0.00
3987 1984 68 6690.00 -3.50 3.00 0.51 3.90 0.90
3987 1984 69 7810.00 -2.90 3.60 0.45 1.90 0.00
3987 1984 70 10300.00 -3.40 3.60 0.44 2.80 0.00
3987 1984 71 8780.00 -4.10 5.50 0.45 2.10 0.00
3987 1984 72 4370.00 -1.90 3.40 0.53 2.90 0.00
3987 1984 73 9100.00 -0.50 8.10 0.47 4.30 0.00
3987 1984 74 11560.00 -0.40 9.70 0.45 4.20 0.00
3987 1984 75 11720.00 -2.60 7.00 0.49 4.40 0.00
3987 1984 76 9950.00 -2.50 5.40 0.45 5.30 0.00
3987 1984 77 5660.00 -2.00 4.40 0.42 4.30 0.00
3987 1984 78 14050.00 -2.20 4.20 0.33 4.70 0.00
3987 1984 79 15060.00 -7.00 3.00 0.24 4.40 0.00
3987 1984 80 13640.00 -7.00 5.70 0.25 5.10 0.00
3987 1984 81 13620.00 -5.50 7.20 0.27 4.30 0.00
3987 1984 82 13410.00 -3.90 7.00 0.32 5.10 0.00
3987 1984 83 12210.00 -3.50 7.40 0.33 5.70 0.00
3987 1984 84 11960.00 -3.40 9.60 0.35 6.60 0.00
3987 1984 85 5120.00 0.40 7.90 0.52 4.70 0.30
3987 1984 86 12570.00 0.60 15.10 0.61 3.20 0.00
3987 1984 87 8480.00 2.10 12.50 0.65 4.80 1.20
3987 1984 88 8640.00 2.30 14.60 0.75 5.10 0.30
3987 1984 89 8010.00 8.20 15.80 0.84 5.50 0.50
3987 1984 90 7320.00 2.90 8.60 0.60 4.80 0.00
3987 1984 91 13820.00 -1.80 9.60 0.53 3.10 0.00
3987 1984 92 6270.00 -0.30 7.20 0.61 2.70 2.40
3987 1984 93 1460.00 0.30 4.90 0.60 5.70 17.20
3987 1984 94 2400.00 0.70 5.10 0.69 3.50 1.90
3987 1984 95 1540.00 1.40 3.30 0.63 1.90 7.20
3987 1984 96 8670.00 0.40 7.90 0.64 2.40 0.00
3987 1984 97 8740.00 1.10 13.00 0.74 3.50 0.70
3987 1984 98 16690.00 3.20 14.50 0.68 2.60 0.00
3987 1984 99 12480.00 2.20 13.10 0.69 3.60 1.20
3987 1984 100 8850.00 4.50 9.20 0.70 2.20 0.00
3987 1984 101 6020.00 4.60 10.30 0.70 2.80 1.90
3987 1984 102 10960.00 2.70 12.00 0.85 1.50 0.20
3987 1984 103 10790.00 5.90 12.40 0.81 3.30 0.00
3987 1984 104 13930.00 3.70 14.10 0.66 2.30 0.00
3987 1984 105 19020.00 2.00 17.70 0.64 3.90 0.00
3987 1984 106 18330.00 6.60 23.20 0.78 5.40 0.00
3987 1984 107 3230.00 4.60 18.90 0.78 4.60 1.70
3987 1984 108 16100.00 1.80 12.10 0.60 3.50 0.00
3987 1984 109 19590.00 0.40 13.30 0.51 2.40 0.00
3987 1984 110 19540.00 1.10 14.40 0.51 3.00 0.00
3987 1984 111 14040.00 3.90 16.40 0.49 2.20 0.00
3987 1984 112 17950.00 6.90 20.30 0.66 3.10 0.00
3987 1984 113 18610.00 8.40 23.40 0.74 2.80 0.00
3987 1984 114 21450.00 5.10 19.40 0.74 4.70 0.00
3987 1984 115 19850.00 2.90 18.30 0.61 3.60 0.00
3987 1984 116 20950.00 5.30 20.20 0.63 2.30 0.00
3987 1984 117 17060.00 5.40 17.00 0.61 5.30 0.00
3987 1984 118 23750.00 -1.80 13.10 0.39 5.30 0.20
3987 1984 119 8170.00 2.10 9.40 0.49 4.00 0.70
3987 1984 120 15720.00 4.60 14.90 0.67 2.00 0.00
3987 1984 121 17500.00 4.90 15.90 0.86 4.30 8.90
3987 1984 122 9920.00 7.20 14.70 0.94 4.50 4.40
3987 1984 123 22150.00 5.60 22.30 0.90 4.00 0.00
3987 1984 124 16220.00 11.40 22.00 1.13 2.30 6.00
3987 1984 125 16360.00 11.30 20.90 1.22 1.90 0.00
3987 1984 126 9090.00 12.50 19.10 1.35 2.70 0.00
3987 1984 127 3180.00 9.50 16.70 1.27 1.60 7.60
3987 1984 128 12220.00 3.20 12.80 0.79 4.50 2.00
3987 1984 129 15020.00 2.40 12.30 0.75 3.40 0.40
3987 1984 130 18230.00 2.50 12.40 0.66 1.30 0.00
3987 1984 131 11840.00 5.00 12.60 0.72 3.00 1.30
3987 1984 132 14090.00 4.30 13.30 0.79 5.20 0.30
3987 1984 133 6480.00 4.10 11.20 0.76 4.30 3.20
3987 1984 134 21130.00 5.10 17.90 0.94 4.30 0.00
3987 1984 135 14760.00 7.60 19.10 0.97 3.40 0.00
3987 1984 136 7760.00 11.00 17.30 1.21 1.90 0.00
3987 1984 137 19910.00 7.80 24.60 1.24 4.00 0.10
3987 1984 138 14600.00 12.30 20.30 1.28 4.30 0.00
3987 1984 139 21490.00 8.80 23.20 1.11 3.00 0.00
3987 1984 140 20830.00 11.20 25.30 1.11 3.70 0.00
3987 1984 141 19190.00 11.90 21.70 1.14 4.00 0.00
3987 1984 142 12260.00 13.90 24.40 1.44 6.50 0.40
3987 1984 143 4890.00 9.80 17.50 1.09 4.90 2.40
3987 1984 144 16800.00 9.90 16.20 1.17 3.10 0.10
3987 1984 145 11830.00 6.20 16.80 1.17 3.10 6.80
3987 1984 146 11490.00 10.40 16.30 1.27 4.40 2.40
3987 1984 147 15900.00 10.40 19.40 1.21 3.00 0.00
3987 1984 148 18430.00 9.90 23.20 1.30 3.80 1.20
3987 1984 149 16320.00 10.80 22.30 1.38 3.00 0.40
3987 1984 150 3240.00 10.20 15.50 1.23 3.10 17.10
3987 1984 151 20080.00 8.00 19.10 1.12 4.00 0.60
3987 1984 152 15160.00 11.00 20.20 1.26 3.60 4.00
3987 1984 153 17950.00 9.50 20.10 1.22 3.30 0.00
3987 1984 154 12890.00 11.70 19.80 1.31 3.00 0.00
3987 1984 155 21670.00 12.40 26.40 1.39 6.50 0.00
3987 1984 156 24050.00 17.30 27.50 1.66 7.00 15.40
3987 1984 157 6160.00 12.40 24.00 1.48 4.00 5.60
3987 1984 158 2820.00 9.50 16.20 1.20 4.50 3.00
3987 1984 159 7690.00 10.40 15.30 1.16 5.90 3.90
3987 1984 160 8510.00 10.40 17.00 1.22 6.20 0.10
3987 1984 161 6240.00 10.80 15.90 1.17 5.60 0.30
3987 1984 162 11990.00 10.00 14.00 1.03 7.40 0.00
3987 1984 163 19080.00 6.70 17.70 0.91 3.40 0.00
3987 1984 164 23180.00 6.50 19.60 0.88 3.30 0.00
3987 1984 165 10760.00 10.50 21.50 1.23 4.50 2.70
3987 1984 166 7470.00 13.40 18.90 1.44 6.00 3.60
3987 1984 167 11720.00 9.70 16.70 1.11 7.40 0.00
3987 1984 168 7180.00 11.40 17.40 1.21 4.80 0.30
3987 1984 169 6150.00 8.50 15.30 1.28 1.80 3.00
3987 1984 170 14170.00 11.40 20.40 1.39 1.30 0.00
3987 1984 171 25000.00 10.40 23.90 1.42 2.80 0.00
3987 1984 172 21940.00 13.00 25.70 1.62 1.90 0.00
3987 1984 173 14280.00 14.30 26.70 1.70 3.40 0.00
3987 1984 174 19650.00 10.70 23.40 1.18 4.70 11.60
3987 1984 175 10260.00 10.40 16.80 1.09 9.30 0.40
3987 1984 176 12350.00 7.80 14.50 0.88 8.60 0.90
3987 1984 177 6940.00 9.10 13.10 0.97 7.90 6.30
3987 1984 178 11920.00 9.30 18.10 1.11 7.30 0.00
3987 1984 179 12820.00 10.20 20.10 1.24 5.90 0.00
3987 1984 180 16630.00 10.80 18.50 1.09 4.50 0.00
3987 1984 181 12000.00 8.20 14.90 0.99 5.00 1.60
3987 1984 182 12600.00 7.70 14.50 1.06 4.40 9.50
3987 1984 183 13040.00 9.40 16.70 1.11 4.60 0.00
3987 1984 184 8820.00 7.90 16.90 1.13 2.20 4.00
3987 1984 185 5410.00 9.90 15.20 1.20 3.70 7.30
3987 1984 186 4790.00 8.60 13.20 1.15 4.60 0.30
3987 1984 187 5690.00 10.00 14.20 1.14 4.60 0.20
3987 1984 188 8790.00 10.00 16.00 1.18 4.70 0.00
3987 1984 189 17380.00 8.30 19.50 1.16 1.90 0.00
3987 1984 190 27270.00 9.00 25.80 1.16 4.00 0.00
3987 1984 191 27700.00 11.60 29.60 1.26 4.40 0.00
3987 1984 192 23420.00 14.50 32.90 1.76 3.60 0.00
3987 1984 193 23760.00 19.60 35.30 1.95 4.50 0.00
3987 1984 194 22190.00 18.30 30.30 1.75 4.90 3.30
3987 1984 195 16610.00 14.60 24.60 1.64 4.20 1.90
3987 1984 196 10170.00 12.90 19.10 1.48 4.70 2.60
3987 1984 197 4470.00 14.00 17.10 1.61 3.90 6.00
3987 1984 198 9200.00 11.10 16.70 1.40 6.50 3.50
3987 1984 199 2850.00 12.10 15.90 1.39 7.80 5.30
3987 1984 200 9540.00 11.50 18.00 1.33 5.50 3.00
3987 1984 201 13570.00 13.50 18.70 1.46 3.80 0.60
3987 1984 202 9070.00 11.80 16.80 1.32 5.10 1.30
3987 1984 203 11710.00 11.80 18.50 1.18 5.40 0.00
3987 1984 204 15390.00 10.20 18.30 1.16 4.50 0.00
3987 1984 205 11190.00 11.00 18.10 1.22 4.00 0.50
3987 1984 206 14370.00 9.70 17.00 1.15 3.50 0.00
3987 1984 207 12540.00 9.10 17.30 1.21 3.70 0.00
3987 1984 208 8400.00 13.10 17.40 1.25 6.10 0.00
3987 1984 209 14300.00 11.10 18.60 1.13 7.30 0.10
3987 1984 210 9410.00 11.70 17.20 1.27 4.20 0.60
3987 1984 211 11640.00 14.40 22.10 1.65 4.10 0.10
3987 1984 212 21280.00 14.30 28.10 1.58 3.20 0.00
3987 1984 213 19210.00 15.00 31.70 1.59 5.30 0.00
3987 1984 214 14410.00 17.80 26.80 1.79 4.80 7.10
3987 1984 215 21870.00 13.90 23.10 1.42 4.30 0.00
3987 1984 216 19410.00 15.30 28.90 1.51 3.80 0.00
3987 1984 217 19980.00 15.70 29.70 1.68 3.50 0.90
3987 1984 218 9210.00 17.50 24.00 1.90 3.00 7.90
3987 1984 219 17620.00 11.30 21.60 1.37 3.30 0.00
3987 1984 220 21970.00 10.40 22.60 1.18 2.00 0.00
3987 1984 221 10820.00 14.40 22.00 1.46 3.30 0.60
3987 1984 222 11500.00 15.80 23.60 1.82 1.80 10.00
3987 1984 223 4730.00 15.90 20.60 1.83 2.90 4.60
3987 1984 224 6230.00 16.10 20.40 1.87 3.80 0.70
3987 1984 225 21060.00 15.10 23.50 1.59 3.80 0.00
3987 1984 226 20790.00 12.70 23.70 1.46 2.00 0.00
3987 1984 227 18890.00 12.00 25.50 1.58 3.00 1.70
3987 1984 228 12090.00 12.40 20.30 1.56 2.40 0.00
3987 1984 229 16490.00 12.00 21.60 1.43 2.90 0.00
3987 1984 230 15840.00 8.80 20.10 1.16 3.70 0.00
3987 1984 231 16630.00 9.60 20.50 1.27 4.20 0.00
3987 1984 232 18020.00 12.00 22.50 1.38 1.50 0.00
3987 1984 233 19340.00 12.50 25.60 1.44 1.70 0.00
3987 1984 234 18340.00 14.20 25.80 1.50 2.20 0.00
3987 1984 235 18080.00 14.30 27.20 1.50 3.50 0.00
3987 1984 236 18620.00 13.60 27.80 1.44 3.90 0.00
3987 1984 237 19720.00 14.10 28.00 1.49 4.00 0.00
3987 1984 238 16240.00 14.80 28.80 1.77 2.60 5.20
3987 1984 239 18520.00 12.80 22.80 1.32 4.20 0.00
3987 1984 240 21210.00 8.00 22.60 0.97 3.00 0.00
3987 1984 241 20240.00 8.40 25.90 1.06 3.00 0.00
3987 1984 242 18640.00 11.40 25.70 1.30 4.00 0.00
3987 1984 243 12950.00 14.30 24.60 1.48 4.90 0.00
3987 1984 244 15070.00 15.60 24.60 1.57 6.60 0.80
3987 1984 245 7430.00 16.20 22.30 1.70 6.40 9.20
3987 1984 246 12980.00 11.50 20.80 1.42 3.10 0.00
3987 1984 247 10130.00 14.40 25.40 1.51 6.90 0.30
3987 1984 248 9410.00 16.10 23.70 1.54 6.30 0.50
3987 1984 249 8490.00 10.60 18.70 1.07 4.80 2.00
3987 1984 250 1810.00 9.50 14.80 1.28 3.80 11.90
3987 1984 251 9150.00 9.50 16.50 1.18 2.80 4.50
3987 1984 252 7480.00 6.20 15.10 0.97 4.30 0.30
3987 1984 253 3120.00 8.70 12.80 1.21 5.00 6.90
3987 1984 254 6670.00 9.60 14.50 1.20 8.00 2.10
3987 1984 255 8340.00 10.40 15.80 1.15 7.90 1.70
3987 1984 256 12730.00 9.50 15.90 1.01 8.70 0.00
3987 1984 257 14380.00 7.50 16.80 0.97 5.80 0.00
3987 1984 258 12210.00 8.20 21.80 1.36 3.20 0.00
3987 1984 259 3630.00 12.40 17.50 1.33 5.30 2.30
3987 1984 260 13940.00 10.70 19.20 1.12 5.00 0.00
3987 1984 261 11980.00 8.70 19.00 1.16 2.50 0.00
3987 1984 262 9730.00 8.00 17.00 1.14 2.30 0.00
3987 1984 263 8740.00 7.80 17.20 1.15 4.20 0.00
3987 1984 264 11440.00 9.20 17.30 1.09 3.80 0.00
3987 1984 265 12430.00 10.60 20.80 1.22 4.30 0.20
3987 1984 266 10310.00 9.50 15.30 1.04 3.80 0.20
3987 1984 267 8059.75 6.00 12.50 0.99 2.90 1.00
3987 1984 268 10030.00 5.20 14.80 0.99 2.30 2.40
3987 1984 269 7610.00 5.80 14.50 0.98 3.90 0.40
3987 1984 270 5690.00 7.20 13.50 1.03 6.10 4.60
3987 1984 271 6950.00 8.90 14.80 1.17 5.30 0.40
3987 1984 272 8980.00 9.40 16.00 1.15 2.00 0.00
3987 1984 273 11020.00 7.70 17.80 1.10 3.60 0.00
3987 1984 274 3360.00 7.40 16.40 1.28 4.40 3.80
3987 1984 275 10680.00 11.50 21.60 1.45 4.40 0.00
3987 1984 276 4100.00 9.50 16.10 1.30 3.60 13.70
3987 1984 277 11190.00 8.40 17.50 1.11 2.90 0.00
3987 1984 278 8020.00 8.60 16.90 1.14 2.30 0.00
3987 1984 279 2420.00 8.30 13.00 1.11 4.30 0.30
3987 1984 280 7260.00 6.80 15.40 1.12 6.50 0.70
3987 1984 281 9330.00 8.10 14.60 0.99 7.40 1.10
3987 1984 282 8320.00 6.50 14.40 1.04 6.00 0.40
3987 1984 283 1760.00 10.90 15.80 1.41 5.20 5.20
3987 1984 284 8360.00 9.20 16.10 1.32 1.80 0.00
3987 1984 285 3890.00 12.00 16.70 1.46 4.80 0.00
3987 1984 286 5420.00 8.00 13.10 1.09 5.10 0.00
3987 1984 287 9660.00 5.60 13.30 0.94 4.70 0.00
3987 1984 288 2480.00 8.50 14.40 1.27 6.90 0.60
3987 1984 289 7060.00 9.40 14.10 1.05 6.30 0.00
3987 1984 290 3660.00 4.90 9.70 0.92 2.30 0.00
3987 1984 291 9040.00 3.50 15.50 0.91 5.10 0.00
3987 1984 292 4180.00 7.60 14.60 1.08 5.60 0.30
3987 1984 293 6970.00 8.40 17.70 1.17 6.20 0.00
3987 1984 294 5750.00 12.00 16.30 0.95 8.20 3.10
3987 1984 295 3520.00 6.60 13.50 0.84 7.90 0.00
3987 1984 296 5010.00 3.80 12.20 0.85 6.40 6.20
3987 1984 297 2480.00 9.00 14.90 1.24 7.40 1.70
3987 1984 298 5710.00 7.70 13.50 0.99 3.50 0.00
3987 1984 299 3810.00 6.00 15.00 1.11 5.80 1.20
3987 1984 300 1450.00 8.40 14.60 1.18 5.10 5.70
3987 1984 301 5910.00 4.20 11.60 0.89 3.50 3.50
3987 1984 302 7810.00 1.50 11.10 0.81 2.80 0.00
3987 1984 303 3590.00 4.10 11.30 0.91 3.50 0.00
3987 1984 304 5280.00 10.50 18.40 1.15 3.30 0.00
3987 1984 305 6820.00 4.30 14.40 0.83 3.50 0.00
3987 1984 306 6630.00 0.50 13.30 0.86 3.30 0.00
3987 1984 307 5070.00 0.30 9.80 0.75 4.40 0.00
3987 1984 308 6390.00 1.20 10.40 0.77 3.80 0.90
3987 1984 309 1200.00 5.80 8.80 0.97 2.00 0.00
3987 1984 310 3350.00 2.90 8.40 0.75 3.10 0.00
3987 1984 311 5000.00 -0.60 8.40 0.66 4.40 0.00
3987 1984 312 4620.00 0.50 9.40 0.73 3.00 0.00
3987 1984 313 3950.00 -0.60 7.10 0.71 3.40 0.00
3987 1984 314 1040.00 3.20 5.50 0.80 4.60 0.00
3987 1984 315 960.00 4.50 7.40 0.86 6.00 0.00
3987 1984 316 4000.00 3.70 7.00 0.66 6.20 0.00
3987 1984 317 5870.00 -1.40 6.60 0.53 7.40 0.00
3987 1984 318 5540.00 -1.60 7.80 0.40 7.30 0.00
3987 1984 319 4930.00 -3.60 4.40 0.38 7.00 0.00
3987 1984 320 4180.00 -2.20 3.00 0.34 7.40 0.20
3987 1984 321 1180.00 -3.30 2.20 0.34 9.00 0.00
3987 1984 322 480.00 -1.60 0.10 0.43 7.00 2.40
3987 1984 323 1050.00 -2.10 0.80 0.49 4.80 4.20
3987 1984 324 990.00 -1.80 1.50 0.55 3.10 0.00
3987 1984 325 1310.00 0.30 3.50 0.59 2.30 0.50
3987 1984 326 2010.00 1.20 7.10 0.74 4.10 1.40
3987 1984 327 1480.00 3.00 7.70 0.82 6.00 16.90
3987 1984 328 1870.00 6.70 12.30 0.98 8.20 18.90
3987 1984 329 1920.00 7.90 13.30 0.92 10.50 2.00
3987 1984 330 2700.00 5.60 11.00 0.80 6.50 0.80
3987 1984 331 1670.00 4.40 8.50 0.82 3.90 0.10
3987 1984 332 2570.00 3.20 7.80 0.74 3.50 0.00
3987 1984 333 2010.00 0.90 6.90 0.57 5.30 0.00
3987 1984 334 3590.00 0.70 8.50 0.64 3.90 0.00
3987 1984 335 3680.00 -1.60 6.10 0.51 3.80 0.00
3987 1984 336 3320.00 -2.90 3.20 0.50 4.10 0.00
3987 1984 337 3770.00 -2.10 6.50 0.58 4.50 0.00
3987 1984 338 790.00 -1.60 3.90 0.61 3.30 0.00
3987 1984 339 1940.00 -1.50 4.10 0.56 3.00 0.10
3987 1984 340 500.00 1.30 3.80 0.59 2.10 0.10
3987 1984 341 1390.00 0.00 2.60 0.58 4.10 0.30
3987 1984 342 3510.00 -0.30 6.80 0.64 5.00 0.00
3987 1984 343 1821.07 -3.30 2.10 0.54 3.30 0.00
3987 1984 344 640.00 1.00 6.60 0.76 6.00 1.80
3987 1984 345 320.00 4.40 7.20 0.85 8.60 4.70
3987 1984 346 1910.00 6.20 8.40 0.86 6.30 0.00
3987 1984 347 1480.00 -1.60 6.40 0.59 2.00 0.00
3987 1984 348 650.00 -3.00 -1.10 0.46 5.10 0.00
3987 1984 349 1730.00 -3.60 -0.70 0.42 5.50 0.00
3987 1984 350 1970.00 -4.70 -1.90 0.37 4.70 0.00
3987 1984 351 850.00 -6.50 -3.20 0.35 5.50 0.50
3987 1984 352 630.00 -5.00 -2.60 0.39 2.40 1.10
3987 1984 353 950.00 -3.80 4.30 0.65 4.40 5.50
3987 1984 354 2750.00 -1.50 3.10 0.57 4.50 0.80
3987 1984 355 1710.00 -0.20 6.40 0.69 5.30 7.50
3987 1984 356 1050.00 2.30 6.60 0.74 9.50 8.50
3987 1984 357 790.00 0.90 5.10 0.67 5.30 0.40
3987 1984 358 3200.00 -0.80 3.70 0.55 4.80 0.00
3987 1984 359 3420.00 -2.10 2.70 0.47 6.30 0.00
3987 1984 360 2450.00 -5.50 -0.60 0.42 4.30 0.00
3987 1984 361 1380.00 -4.30 -0.60 0.46 3.60 0.10
3987 1984 362 460.00 -4.10 -1.40 0.39 1.00 0.50
3987 1984 363 330.00 -6.00 -2.90 0.42 1.10 0.90
3987 1984 364 1060.00 -5.00 -0.70 0.50 2.30 2.30
3987 1984 365 750.00 -3.50 -0.90 0.49 1.30 0.10
3987 1984 366 1660.00 -4.60 -2.50 0.42 2.70 2.00
