*---------------------------------------------------------------------------*
* Station name: Potsdam Saekularstation
* Year: 1995
* Author: Pedro Alencar                                   -999.000: NIL VALUE
* Source: DWD
* Comments: Gaps filled with interpolation and storical means
* Longitude: 13.0622, latitude: 52.3812, altitude: 82.0 m.
*
    * Column  Daily value
    * 1       station number
    * 2       year
    * 3       day
    * 4       irradiation                   (kJ m-2 d-1)
    * 5       minimum temperature           (degrees Celsius
    * 6       maximum temperature           (degrees Celsius)
    * 7       early morning vapour pressure (kPa)
    * 8       mean wind speed (height: 2 m) (m s-1)
    * 9       precipitation                 (mm d-1)
    *
** WCCDESCRIPTION=Potsdam, Germany
** WCCFORMAT=2
** WCCYEARNR=1995
*---------------------------------------------------------------------------*
   13.0622 52.3812 82.0 -0.18 -0.55
3987 1995 1 2370.00 -0.50 3.70 0.56 8.00 0.30
3987 1995 2 680.00 -2.70 0.10 0.52 4.10 6.30
3987 1995 3 4070.00 -5.20 0.70 0.47 3.40 0.00
3987 1995 4 3400.00 -8.30 -1.60 0.35 2.40 0.00
3987 1995 5 2940.00 -9.90 -5.90 0.31 3.70 0.00
3987 1995 6 2450.00 -10.60 -5.40 0.29 3.50 0.00
3987 1995 7 1790.00 -8.60 -5.60 0.31 1.40 0.00
3987 1995 8 2350.00 -10.50 -6.30 0.31 3.50 1.10
3987 1995 9 1140.00 -6.60 0.80 0.55 4.70 7.70
3987 1995 10 2180.00 0.40 3.50 0.58 10.40 2.40
3987 1995 11 2000.00 -0.40 2.40 0.50 8.80 0.00
3987 1995 12 1640.00 -1.40 1.10 0.49 5.70 0.00
3987 1995 13 3390.00 -5.00 0.30 0.43 4.10 0.00
3987 1995 14 2140.00 -6.20 0.50 0.52 3.50 0.10
3987 1995 15 1000.00 0.40 3.40 0.69 4.10 1.70
3987 1995 16 3900.00 0.30 6.30 0.67 3.80 0.00
3987 1995 17 4670.00 -2.00 3.70 0.49 5.20 0.00
3987 1995 18 3970.00 -3.30 2.70 0.44 4.90 0.10
3987 1995 19 950.00 -2.50 0.20 0.51 4.00 1.70
3987 1995 20 2780.00 -3.60 1.00 0.51 5.50 0.70
3987 1995 21 3030.00 0.20 5.00 0.64 5.00 7.40
3987 1995 22 1730.00 0.40 6.90 0.79 7.10 8.10
3987 1995 23 3590.00 3.40 10.80 0.63 8.50 0.30
3987 1995 24 1470.00 2.90 5.70 0.67 8.90 0.10
3987 1995 25 1800.00 0.90 4.00 0.68 4.40 2.50
3987 1995 26 1830.00 1.90 12.50 1.02 6.60 6.00
3987 1995 27 2010.00 0.00 9.70 0.61 8.90 2.90
3987 1995 28 2040.00 -0.40 7.20 0.75 6.90 4.10
3987 1995 29 2000.00 4.70 8.20 0.88 6.00 4.20
3987 1995 30 1220.00 -1.90 7.30 0.68 5.40 1.70
3987 1995 31 3340.00 -3.10 1.90 0.55 3.90 0.00
3987 1995 32 1930.00 0.40 9.70 0.82 7.00 1.10
3987 1995 33 3250.00 0.80 10.30 0.70 5.90 1.50
3987 1995 34 4040.00 -2.70 3.20 0.52 4.20 0.00
3987 1995 35 2230.00 1.70 6.90 0.77 6.40 4.30
3987 1995 36 4620.00 3.30 7.20 0.74 7.30 0.00
3987 1995 37 900.00 4.50 10.20 0.98 6.80 0.00
3987 1995 38 500.00 2.60 10.00 0.85 9.20 13.50
3987 1995 39 1250.00 -0.20 2.60 0.62 4.80 3.00
3987 1995 40 6930.00 -4.30 1.90 0.46 4.90 0.00
3987 1995 41 7050.00 -4.20 3.90 0.46 3.50 4.20
3987 1995 42 3390.00 -0.90 8.60 0.84 4.70 3.30
3987 1995 43 5180.00 4.10 10.50 0.83 7.00 0.50
3987 1995 44 6570.00 1.10 11.40 0.74 4.50 1.60
3987 1995 45 3780.00 5.20 11.20 0.84 6.10 0.90
3987 1995 46 2490.00 2.60 8.80 0.84 6.50 4.70
3987 1995 47 6620.00 3.80 10.50 0.75 6.10 3.10
3987 1995 48 5730.00 2.50 9.20 0.72 8.10 4.20
3987 1995 49 6290.00 2.20 8.70 0.72 6.00 0.50
3987 1995 50 3990.00 0.70 7.70 0.75 6.10 6.80
3987 1995 51 8530.00 2.60 10.40 0.70 8.00 0.20
3987 1995 52 6280.00 3.10 14.60 0.92 6.00 4.70
3987 1995 53 10280.00 1.60 9.10 0.58 6.70 0.00
3987 1995 54 4320.00 0.00 6.10 0.55 6.20 0.00
3987 1995 55 6300.00 -0.50 7.50 0.62 3.70 0.30
3987 1995 56 4650.00 1.00 5.60 0.67 2.80 1.80
3987 1995 57 1570.00 -0.10 1.80 0.60 2.30 0.10
3987 1995 58 5970.00 -1.10 5.80 0.55 4.40 2.20
3987 1995 59 1300.00 1.30 9.20 0.88 7.60 0.00
3987 1995 60 2570.00 6.20 10.70 0.83 6.40 0.00
3987 1995 61 7210.00 2.10 9.80 0.66 5.30 2.70
3987 1995 62 4930.00 0.10 9.00 0.69 4.90 3.30
3987 1995 63 7780.00 -1.30 5.30 0.56 4.30 0.00
3987 1995 64 11930.00 -2.70 7.60 0.48 4.90 0.00
3987 1995 65 9080.00 2.00 9.40 0.62 5.20 0.60
3987 1995 66 8360.00 -1.80 6.40 0.58 4.20 0.00
3987 1995 67 12170.00 -3.00 9.30 0.43 4.50 0.00
3987 1995 68 8370.00 -0.60 8.50 0.59 3.00 0.00
3987 1995 69 12510.00 -1.50 10.90 0.56 2.90 0.00
3987 1995 70 12830.00 -1.10 9.80 0.60 5.50 0.00
3987 1995 71 9480.00 -2.20 8.90 0.57 5.40 0.00
3987 1995 72 2170.00 1.90 4.70 0.60 5.90 0.00
3987 1995 73 9880.00 -4.80 2.60 0.34 6.40 0.00
3987 1995 74 5520.00 -3.60 4.00 0.51 4.50 1.00
3987 1995 75 3710.00 -1.80 3.80 0.59 4.80 1.00
3987 1995 76 4930.00 -0.70 8.20 0.76 7.10 2.70
3987 1995 77 10180.00 3.30 10.00 0.65 8.90 1.00
3987 1995 78 8940.00 2.30 8.60 0.68 6.70 1.90
3987 1995 79 7970.00 0.00 7.60 0.61 9.40 1.00
3987 1995 80 7930.00 2.50 8.90 0.57 6.90 0.00
3987 1995 81 13590.00 -2.80 7.40 0.53 5.60 0.00
3987 1995 82 13160.00 4.50 12.40 0.74 6.80 0.00
3987 1995 83 14630.00 2.20 17.10 0.67 6.10 0.00
3987 1995 84 8250.00 2.90 9.20 0.71 9.80 2.80
3987 1995 85 12470.00 1.20 9.20 0.63 7.30 13.90
3987 1995 86 6390.00 -0.50 5.80 0.61 7.10 6.70
3987 1995 87 5490.00 -1.40 2.40 0.54 7.60 7.10
3987 1995 88 8130.00 -1.10 3.50 0.51 3.50 1.50
3987 1995 89 19120.00 -3.30 8.20 0.48 4.10 0.00
3987 1995 90 10360.00 -2.00 8.80 0.60 4.30 5.30
3987 1995 91 8985.49 2.70 10.20 0.86 6.80 1.80
3987 1995 92 11337.08 5.60 18.40 0.96 8.70 0.50
3987 1995 93 8869.42 8.00 13.60 0.95 7.70 0.00
3987 1995 94 10630.00 4.30 10.40 0.69 7.30 1.50
3987 1995 95 12390.45 -0.90 11.80 0.57 3.40 0.60
3987 1995 96 6187.52 3.70 13.10 0.94 6.90 0.50
3987 1995 97 2880.00 5.40 11.20 0.86 8.90 4.10
3987 1995 98 15870.00 3.00 9.10 0.51 9.60 0.00
3987 1995 99 14340.00 -0.80 8.20 0.55 6.60 0.00
3987 1995 100 12370.00 2.20 10.50 0.70 2.10 4.30
3987 1995 101 4890.00 2.80 7.40 0.82 1.80 0.70
3987 1995 102 5210.00 1.00 9.20 0.83 2.20 3.20
3987 1995 103 8540.00 0.20 6.40 0.64 4.00 0.00
3987 1995 104 20410.00 -0.40 14.70 0.64 3.70 0.00
3987 1995 105 14590.00 1.10 15.50 0.70 2.50 3.40
3987 1995 106 7780.00 3.10 9.00 0.71 5.00 1.00
3987 1995 107 8630.00 0.70 7.50 0.74 4.70 4.20
3987 1995 108 9080.00 4.00 15.10 0.92 5.80 4.30
3987 1995 109 6310.00 2.90 8.50 0.76 2.30 8.00
3987 1995 110 11633.90 3.60 9.50 0.74 4.60 0.00
3987 1995 111 15810.00 3.70 11.10 0.82 4.90 0.00
3987 1995 112 20597.61 5.50 26.90 1.03 5.60 0.00
3987 1995 113 22590.00 12.10 28.10 1.05 5.80 0.00
3987 1995 114 22000.00 13.90 24.20 1.06 7.10 0.00
3987 1995 115 17890.00 12.20 22.70 0.99 6.00 0.00
3987 1995 116 19210.00 7.30 20.90 0.99 3.90 0.10
3987 1995 117 13980.00 5.80 15.10 0.98 3.60 0.10
3987 1995 118 7150.00 5.70 9.50 0.69 4.90 0.00
3987 1995 119 24780.00 1.30 14.30 0.62 1.90 0.00
3987 1995 120 20330.00 3.90 18.30 0.73 3.50 0.00
3987 1995 121 21420.00 7.70 18.30 0.74 3.30 0.00
3987 1995 122 25630.00 4.10 16.90 0.54 3.10 0.00
3987 1995 123 25850.00 5.20 20.30 0.64 2.40 0.00
3987 1995 124 23640.00 9.00 22.80 0.94 3.60 0.00
3987 1995 125 23850.00 8.50 23.90 1.13 3.20 0.00
3987 1995 126 24540.00 10.80 22.20 1.04 4.70 0.00
3987 1995 127 22870.00 6.10 17.30 0.83 4.60 1.00
3987 1995 128 12660.00 9.30 18.60 1.24 4.40 3.40
3987 1995 129 14700.00 7.20 13.90 0.95 6.40 3.10
3987 1995 130 8850.00 6.00 10.70 0.90 1.90 2.30
3987 1995 131 17030.00 4.10 13.50 0.86 2.20 0.00
3987 1995 132 9720.00 4.10 14.70 1.00 4.40 0.80
3987 1995 133 1460.00 6.00 9.70 0.96 6.60 10.00
3987 1995 134 14010.00 5.60 12.20 0.65 8.50 0.00
3987 1995 135 18910.00 2.30 14.40 0.76 4.10 0.00
3987 1995 136 17280.00 4.40 15.80 0.86 2.10 0.40
3987 1995 137 8570.00 9.50 16.50 1.24 4.50 5.40
3987 1995 138 8190.00 8.10 14.00 0.99 5.30 11.50
3987 1995 139 17540.00 5.70 13.30 0.81 3.40 0.00
3987 1995 140 21110.00 4.90 17.20 0.81 2.30 0.00
3987 1995 141 22100.00 5.40 14.50 0.80 3.70 0.00
3987 1995 142 29860.00 3.00 17.60 0.64 1.70 0.00
3987 1995 143 23920.00 6.00 21.70 0.85 3.30 0.00
3987 1995 144 27280.00 9.50 25.10 0.91 3.60 0.00
3987 1995 145 27610.00 10.90 25.40 0.92 4.00 0.00
3987 1995 146 21130.00 12.00 28.00 1.37 4.40 0.00
3987 1995 147 20410.00 12.40 27.00 1.63 4.40 0.00
3987 1995 148 24520.00 11.50 25.70 1.33 2.60 0.00
3987 1995 149 25500.00 14.40 29.10 1.50 4.00 0.00
3987 1995 150 7060.00 16.20 20.20 1.72 3.10 6.10
3987 1995 151 3860.00 13.60 16.30 1.64 2.60 0.50
3987 1995 152 3040.00 10.70 15.20 1.47 3.40 17.50
3987 1995 153 5540.00 8.80 10.70 1.18 5.10 12.00
3987 1995 154 24360.00 7.60 19.40 1.14 2.50 0.20
3987 1995 155 16330.00 11.90 21.60 1.39 3.20 1.50
3987 1995 156 20490.00 9.60 21.90 1.39 1.60 0.00
3987 1995 157 9750.00 10.90 19.70 1.52 1.90 2.60
3987 1995 158 17220.00 12.20 20.40 1.38 2.70 3.40
3987 1995 159 22870.00 9.30 17.40 1.02 4.10 0.00
3987 1995 160 8440.00 9.00 13.90 1.19 2.50 0.30
3987 1995 161 21790.00 7.60 19.70 1.18 3.10 0.40
3987 1995 162 10800.00 9.90 16.10 1.20 2.50 3.60
3987 1995 163 10370.00 10.20 16.70 1.31 1.80 9.00
3987 1995 164 11195.73 10.30 12.70 1.26 4.10 17.70
3987 1995 165 18352.31 7.60 19.50 1.25 3.70 0.00
3987 1995 166 13466.49 9.40 16.60 1.25 2.10 0.10
3987 1995 167 17780.00 8.60 17.60 1.22 4.00 1.10
3987 1995 168 13510.00 10.00 19.10 1.22 3.50 4.10
3987 1995 169 12540.00 11.40 18.50 1.55 4.30 2.60
3987 1995 170 24820.00 8.60 21.40 1.30 3.90 0.00
3987 1995 171 23850.00 12.10 26.60 1.62 2.00 0.00
3987 1995 172 15680.00 15.00 24.10 1.97 4.10 6.40
3987 1995 173 12020.00 8.70 15.60 1.09 5.60 4.60
3987 1995 174 9200.00 8.70 15.10 1.32 2.50 0.10
3987 1995 175 20220.00 11.60 21.00 1.51 3.20 2.70
3987 1995 176 24220.00 13.70 25.20 1.46 4.90 0.00
3987 1995 177 27560.00 11.80 25.40 1.56 4.30 0.00
3987 1995 178 27720.00 13.30 27.80 1.57 3.80 0.00
3987 1995 179 29970.00 10.00 25.30 1.14 2.80 0.00
3987 1995 180 30430.00 14.50 27.20 1.49 4.60 0.00
3987 1995 181 27690.00 13.50 25.80 1.34 3.20 0.00
3987 1995 182 26520.00 14.40 22.00 1.35 4.10 0.00
3987 1995 183 17900.00 9.50 22.50 1.34 3.20 5.30
3987 1995 184 14800.00 15.90 23.80 1.96 4.10 2.30
3987 1995 185 17710.00 11.80 18.00 1.20 6.40 0.00
3987 1995 186 20560.00 12.10 19.70 1.12 4.90 0.00
3987 1995 187 21360.00 12.30 23.70 1.33 1.80 0.00
3987 1995 188 28220.00 14.30 28.60 1.43 2.50 0.00
3987 1995 189 28390.00 17.10 31.60 1.60 2.60 0.00
3987 1995 190 27610.00 18.10 33.30 1.85 4.00 0.00
3987 1995 191 23680.00 19.30 33.10 2.19 3.80 0.00
3987 1995 192 25500.00 17.00 29.00 2.00 4.60 0.00
3987 1995 193 22720.00 19.20 31.90 2.10 3.50 0.00
3987 1995 194 18110.00 19.00 31.90 2.19 2.30 3.60
3987 1995 195 23550.00 17.60 30.00 2.21 2.00 16.20
3987 1995 196 18880.00 17.40 26.80 2.09 3.00 0.00
3987 1995 197 15080.00 15.80 24.10 1.94 3.60 5.00
3987 1995 198 20110.00 14.20 23.40 1.72 3.50 0.00
3987 1995 199 10710.00 15.90 21.30 1.77 3.80 0.10
3987 1995 200 19670.00 15.80 25.80 1.82 5.30 0.00
3987 1995 201 21070.00 15.80 28.00 2.01 2.40 0.00
3987 1995 202 26510.00 17.20 33.60 2.00 2.60 0.00
3987 1995 203 16280.00 18.70 26.00 1.84 4.70 2.10
3987 1995 204 24720.00 12.90 21.90 1.20 2.60 0.00
3987 1995 205 26090.00 12.10 26.50 1.21 2.60 0.00
3987 1995 206 26900.00 13.60 25.20 1.34 2.90 0.00
3987 1995 207 27630.00 12.50 27.60 1.20 4.20 0.00
3987 1995 208 24150.00 16.10 30.90 1.53 4.50 0.00
3987 1995 209 14020.00 19.30 25.40 2.02 2.60 0.00
3987 1995 210 27110.00 16.30 30.60 1.22 3.90 0.00
3987 1995 211 26040.00 17.30 32.60 1.45 4.10 0.00
3987 1995 212 25980.00 18.40 31.70 1.44 4.00 0.00
3987 1995 213 26670.00 17.20 28.60 1.34 4.50 0.00
3987 1995 214 25090.00 14.20 27.40 1.30 3.20 0.00
3987 1995 215 24120.00 12.40 30.50 1.37 3.70 0.00
3987 1995 216 16830.00 15.50 25.10 1.74 3.60 0.00
3987 1995 217 25050.00 15.00 28.50 1.55 2.30 0.00
3987 1995 218 23260.00 15.40 30.10 1.31 3.00 0.00
3987 1995 219 23600.00 17.80 27.60 1.42 4.10 0.00
3987 1995 220 23110.00 11.00 25.70 1.10 3.60 0.00
3987 1995 221 26210.00 9.50 25.40 0.94 3.00 0.00
3987 1995 222 24590.00 12.30 28.90 1.06 3.00 0.00
3987 1995 223 24680.00 12.80 29.40 1.30 2.90 0.00
3987 1995 224 25110.00 15.40 30.90 1.06 3.50 0.00
3987 1995 225 13800.00 15.00 30.40 1.48 3.90 7.10
3987 1995 226 11280.00 16.50 23.40 1.69 3.20 0.10
3987 1995 227 13180.00 10.50 20.90 1.43 4.30 4.70
3987 1995 228 17580.00 14.50 25.20 1.61 2.10 0.00
3987 1995 229 21320.00 14.50 27.20 1.45 2.20 0.00
3987 1995 230 19650.00 15.90 29.30 1.53 3.80 0.00
3987 1995 231 19750.00 17.50 31.40 1.58 3.40 0.00
3987 1995 232 17120.00 18.00 32.30 1.56 2.50 0.00
3987 1995 233 20430.00 17.20 29.90 1.76 3.40 0.00
3987 1995 234 22330.00 17.40 30.40 1.22 4.10 0.00
3987 1995 235 18260.00 17.60 32.10 1.53 3.70 0.00
3987 1995 236 13500.00 16.80 24.90 1.84 3.80 0.00
3987 1995 237 15920.00 14.30 25.20 1.60 4.30 0.00
3987 1995 238 10310.00 15.50 21.10 1.45 6.70 1.20
3987 1995 239 11930.00 11.70 19.40 1.30 4.20 6.70
3987 1995 240 7350.00 10.30 15.80 1.29 3.10 1.30
3987 1995 241 8630.00 9.10 15.50 1.14 5.30 2.10
3987 1995 242 13380.00 7.50 17.90 0.97 4.40 1.00
3987 1995 243 4830.00 8.70 14.20 1.19 5.90 30.50
3987 1995 244 3850.00 10.80 15.30 1.34 5.00 4.20
3987 1995 245 11750.00 10.40 18.60 1.29 2.00 0.60
3987 1995 246 11730.00 10.70 19.00 1.29 4.40 0.00
3987 1995 247 7700.00 11.60 18.10 1.21 7.00 4.70
3987 1995 248 15160.00 11.70 20.40 1.26 4.60 0.00
3987 1995 249 15370.00 10.10 21.30 1.26 2.70 0.00
3987 1995 250 17860.00 9.30 23.90 1.19 4.00 1.10
3987 1995 251 11950.00 13.20 21.00 1.61 3.60 6.10
3987 1995 252 7360.00 14.20 19.10 1.48 4.70 1.80
3987 1995 253 12810.00 10.30 21.30 1.37 3.30 0.00
3987 1995 254 7390.00 11.20 21.70 1.57 4.10 0.10
3987 1995 255 16380.00 12.60 22.40 1.29 3.30 0.10
3987 1995 256 13950.00 14.10 24.50 1.61 5.50 0.00
3987 1995 257 3080.00 12.50 19.20 1.54 4.30 0.00
3987 1995 258 6870.00 10.70 18.30 1.35 2.00 0.00
3987 1995 259 13000.00 10.20 21.30 1.31 2.10 0.00
3987 1995 260 15020.00 10.40 21.30 1.37 2.90 0.00
3987 1995 261 12340.00 11.30 21.30 1.33 4.10 0.00
3987 1995 262 4990.00 9.90 14.20 1.21 5.30 9.80
3987 1995 263 1290.00 9.80 12.30 1.30 4.50 9.70
3987 1995 264 9820.00 9.30 16.80 1.19 3.70 0.00
3987 1995 265 15390.00 6.00 16.80 1.23 2.30 0.00
3987 1995 266 6540.00 11.50 17.10 1.45 3.50 0.00
3987 1995 267 10928.72 11.70 19.30 1.32 4.30 0.00
3987 1995 268 11940.00 10.00 19.10 1.32 3.60 0.00
3987 1995 269 5920.00 12.20 16.60 1.32 5.90 9.90
3987 1995 270 2330.00 10.10 12.40 1.27 4.20 12.20
3987 1995 271 10850.00 6.60 11.90 0.89 8.70 1.50
3987 1995 272 7620.00 3.70 11.50 0.83 6.50 5.80
3987 1995 273 8780.00 4.40 9.50 0.88 6.40 1.40
3987 1995 274 11100.00 2.20 10.80 0.83 4.30 1.50
3987 1995 275 12250.00 8.20 17.00 1.15 4.30 0.00
3987 1995 276 10250.00 7.60 20.50 1.37 3.80 0.00
3987 1995 277 9580.00 13.70 21.60 1.67 4.40 0.00
3987 1995 278 9660.00 12.90 22.00 1.63 3.90 0.20
3987 1995 279 9060.00 12.60 19.40 1.37 2.30 0.00
3987 1995 280 10040.00 13.30 21.30 1.35 3.00 0.00
3987 1995 281 8340.00 14.50 22.00 1.39 3.20 0.00
3987 1995 282 11700.00 12.40 23.70 1.46 2.90 0.00
3987 1995 283 11440.00 11.70 24.90 1.59 3.10 0.00
3987 1995 284 10380.00 11.50 20.70 1.46 2.70 0.00
3987 1995 285 2100.00 11.20 14.40 1.52 1.40 0.00
3987 1995 286 2710.00 13.50 16.60 1.57 1.40 0.00
3987 1995 287 3310.00 13.10 15.90 1.39 1.90 0.00
3987 1995 288 6450.00 9.20 15.10 1.17 2.90 0.00
3987 1995 289 3050.00 7.20 14.90 1.39 2.10 0.00
3987 1995 290 6140.00 8.50 17.80 1.34 3.20 0.00
3987 1995 291 4050.00 9.50 17.70 1.27 5.10 0.40
3987 1995 292 6010.00 7.60 14.50 1.07 6.50 0.00
3987 1995 293 2160.00 8.00 14.00 1.09 6.80 0.80
3987 1995 294 9440.00 3.30 11.70 0.73 4.40 0.00
3987 1995 295 9250.00 0.40 11.10 0.68 3.20 0.00
3987 1995 296 7270.00 1.60 12.60 0.85 4.40 0.00
3987 1995 297 8770.00 4.30 15.90 0.86 4.30 0.00
3987 1995 298 7900.00 2.50 16.30 0.98 4.60 0.50
3987 1995 299 6760.00 5.00 13.80 1.16 3.20 0.00
3987 1995 300 5280.00 9.70 18.00 1.37 5.00 2.00
3987 1995 301 6720.00 7.20 14.10 1.05 3.30 0.00
3987 1995 302 3110.00 5.30 10.90 0.94 3.60 0.40
3987 1995 303 2770.00 4.90 10.40 0.95 2.30 0.00
3987 1995 304 4050.00 0.00 8.40 0.85 3.00 2.70
3987 1995 305 2010.00 5.40 9.20 0.95 6.00 3.10
3987 1995 306 4040.00 1.50 5.70 0.74 4.30 6.70
3987 1995 307 3650.00 -0.90 6.80 0.69 7.20 10.60
3987 1995 308 1970.00 -0.80 1.30 0.56 5.90 1.50
3987 1995 309 7620.00 -2.90 3.60 0.52 3.60 0.00
3987 1995 310 820.00 -1.00 4.50 0.67 7.10 10.70
3987 1995 311 5780.00 -1.20 7.70 0.65 3.70 0.10
3987 1995 312 4870.00 -3.00 3.90 0.56 1.60 2.80
3987 1995 313 1100.00 1.30 9.20 1.02 2.50 1.20
3987 1995 314 4120.00 5.10 10.90 0.97 3.10 0.00
3987 1995 315 3570.00 3.40 8.50 0.80 3.50 0.00
3987 1995 316 1150.00 1.80 6.00 0.73 5.10 0.00
3987 1995 317 1820.00 -0.30 2.40 0.61 2.50 0.00
3987 1995 318 1060.00 2.10 5.70 0.77 2.30 0.90
3987 1995 319 3000.00 4.60 9.90 0.90 4.50 1.70
3987 1995 320 2190.00 6.00 10.70 1.04 5.00 1.30
3987 1995 321 3250.00 -1.30 9.80 0.52 6.40 0.00
3987 1995 322 3670.00 -3.40 1.10 0.47 6.80 1.80
3987 1995 323 2290.00 0.00 4.40 0.65 6.40 8.70
3987 1995 324 5010.00 -2.90 1.60 0.50 3.30 0.00
3987 1995 325 5250.00 -5.30 1.20 0.45 3.90 0.00
3987 1995 326 4900.00 -6.80 0.50 0.44 4.60 0.20
3987 1995 327 830.00 -3.30 4.10 0.70 4.50 0.10
3987 1995 328 2070.00 2.00 7.60 0.80 4.30 0.00
3987 1995 329 3860.00 -1.20 4.30 0.61 3.80 0.00
3987 1995 330 4200.00 -2.30 4.20 0.55 3.70 0.00
3987 1995 331 4280.00 -3.80 2.30 0.51 4.20 0.00
3987 1995 332 590.00 -3.20 0.50 0.56 4.40 1.30
3987 1995 333 400.00 -0.20 0.90 0.62 3.90 0.60
3987 1995 334 640.00 -2.10 -0.20 0.52 3.40 0.00
3987 1995 335 1580.00 -3.70 -1.80 0.44 3.30 0.00
3987 1995 336 470.00 -2.10 -1.00 0.48 3.30 0.00
3987 1995 337 1080.00 -4.30 -2.00 0.44 3.80 0.00
3987 1995 338 560.00 -3.70 -0.70 0.43 4.30 0.20
3987 1995 339 2890.00 -7.20 -2.80 0.32 7.10 0.10
3987 1995 340 1250.00 -7.40 -5.00 0.32 6.70 0.10
3987 1995 341 360.00 -5.00 -2.90 0.43 5.60 6.80
3987 1995 342 2880.00 -3.30 0.30 0.51 3.70 0.00
3987 1995 343 1649.27 -2.80 0.30 0.57 1.70 0.00
3987 1995 344 580.00 -0.70 0.20 0.59 2.80 0.60
3987 1995 345 710.00 -0.70 1.80 0.66 3.80 2.50
3987 1995 346 780.00 0.10 1.50 0.56 3.90 0.00
3987 1995 347 810.00 -0.80 0.50 0.55 1.80 0.00
3987 1995 348 640.00 -2.80 0.90 0.50 4.60 0.00
3987 1995 349 2780.00 -5.70 -2.30 0.40 4.20 0.00
3987 1995 350 1670.00 -6.10 -4.00 0.38 4.10 0.00
3987 1995 351 580.00 -6.10 -2.80 0.45 1.50 0.10
3987 1995 352 560.00 -3.10 -2.00 0.49 0.40 0.10
3987 1995 353 810.00 -2.20 1.00 0.58 3.00 0.10
3987 1995 354 850.00 -5.30 1.40 0.52 3.30 0.00
3987 1995 355 3000.00 -8.00 -4.30 0.36 3.50 0.00
3987 1995 356 990.00 -8.10 3.70 0.56 5.10 13.00
3987 1995 357 990.00 3.70 8.60 0.97 6.80 6.30
3987 1995 358 1160.00 -1.70 5.40 0.53 3.30 0.10
3987 1995 359 700.00 -2.40 -0.20 0.53 3.70 0.80
3987 1995 360 1250.00 -5.90 0.60 0.47 4.40 0.10
3987 1995 361 2050.00 -9.20 -5.30 0.33 1.00 0.00
3987 1995 362 1870.00 -8.90 -5.30 0.33 1.40 0.00
3987 1995 363 3500.00 -13.10 -7.00 0.26 3.10 0.00
3987 1995 364 3260.00 -14.40 -8.70 0.22 5.90 0.00
3987 1995 365 2710.00 -12.90 -9.70 0.23 6.60 0.00
