*---------------------------------------------------------------------------*
* Station name: Potsdam Saekularstation
* Year: 1939
* Author: Pedro Alencar                                   -999.000: NIL VALUE
* Source: DWD
* Comments: Gaps filled with interpolation and storical means
* Longitude: 13.0622, latitude: 52.3812, altitude: 82.0 m.
*
    * Column  Daily value
    * 1       station number
    * 2       year
    * 3       day
    * 4       irradiation                   (kJ m-2 d-1)
    * 5       minimum temperature           (degrees Celsius
    * 6       maximum temperature           (degrees Celsius)
    * 7       early morning vapour pressure (kPa)
    * 8       mean wind speed (height: 2 m) (m s-1)
    * 9       precipitation                 (mm d-1)
    *
** WCCDESCRIPTION=Potsdam, Germany
** WCCFORMAT=2
** WCCYEARNR=1939
*---------------------------------------------------------------------------*
   13.0622 52.3812 82.0 -0.18 -0.55
3987 1939 1 3076.31 -3.80 0.40 0.52 4.90 10.50
3987 1939 2 2830.21 -1.30 6.70 0.72 6.40 0.40
3987 1939 3 2937.29 0.30 4.10 0.60 6.50 0.70
3987 1939 4 2676.12 -2.20 2.40 0.56 6.10 0.90
3987 1939 5 1687.03 -2.40 1.70 0.51 5.00 5.20
3987 1939 6 1754.49 -5.50 0.60 0.48 4.20 0.50
3987 1939 7 2723.23 -8.20 -3.80 0.37 4.20 2.50
3987 1939 8 1648.40 -8.10 4.90 0.71 8.70 2.30
3987 1939 9 1664.93 2.80 6.10 0.65 9.50 0.10
3987 1939 10 2035.93 0.30 7.10 0.73 7.50 1.30
3987 1939 11 1800.63 -1.80 2.10 0.64 4.60 0.50
3987 1939 12 1732.09 1.20 4.20 0.61 4.60 1.80
3987 1939 13 1756.40 0.90 3.30 0.69 4.20 0.90
3987 1939 14 4132.13 -1.50 4.30 0.59 4.60 0.80
3987 1939 15 1799.76 -1.70 7.80 0.83 6.40 6.60
3987 1939 16 1817.04 5.60 10.20 0.99 7.70 5.10
3987 1939 17 4463.92 7.00 11.60 0.96 7.00 1.90
3987 1939 18 2149.83 8.10 12.60 1.11 5.60 0.10
3987 1939 19 2326.72 6.90 12.10 1.00 3.90 0.00
3987 1939 20 2607.69 4.50 10.20 0.84 5.10 0.40
3987 1939 21 3228.11 3.30 9.50 0.77 5.20 0.10
3987 1939 22 2442.39 0.80 8.90 0.83 5.50 0.60
3987 1939 23 2774.35 5.50 9.90 0.81 5.50 0.20
3987 1939 24 2178.99 3.30 6.90 0.76 6.40 2.20
3987 1939 25 3895.01 -0.90 5.60 0.60 4.60 0.00
3987 1939 26 2164.66 -3.10 1.30 0.57 5.60 0.60
3987 1939 27 2200.93 0.40 1.80 0.64 4.80 2.90
3987 1939 28 2240.09 -0.30 2.40 0.63 3.60 0.10
3987 1939 29 2444.72 -2.60 2.70 0.56 3.10 0.00
3987 1939 30 2329.59 -4.30 -0.10 0.47 2.20 0.00
3987 1939 31 2372.67 -5.80 -0.20 0.48 2.30 0.00
3987 1939 32 5133.96 -5.20 2.70 0.44 1.90 0.00
3987 1939 33 2464.74 -5.60 -1.50 0.43 2.30 0.00
3987 1939 34 5007.74 -6.60 1.30 0.39 3.80 0.00
3987 1939 35 6428.51 -4.40 5.20 0.37 6.90 0.00
3987 1939 36 2588.17 2.10 4.40 0.65 7.90 0.00
3987 1939 37 4916.72 0.20 8.50 0.61 6.20 0.00
3987 1939 38 7778.50 -2.20 10.10 0.45 5.30 0.00
3987 1939 39 2859.52 -2.10 5.40 0.60 5.80 0.10
3987 1939 40 4476.29 0.40 10.10 0.63 6.70 3.50
3987 1939 41 2893.54 4.90 7.60 0.91 7.80 2.30
3987 1939 42 2877.77 7.40 10.00 1.13 9.50 0.40
3987 1939 43 2937.51 6.20 9.70 0.89 9.50 2.40
3987 1939 44 4222.38 0.70 7.70 0.60 9.60 2.10
3987 1939 45 8698.18 -3.10 3.20 0.40 6.00 0.00
3987 1939 46 3123.92 0.80 4.60 0.71 7.20 0.00
3987 1939 47 3176.38 3.70 6.50 0.79 6.30 0.50
3987 1939 48 3649.73 0.70 5.40 0.68 3.80 1.30
3987 1939 49 3994.37 -0.70 3.50 0.59 7.60 5.50
3987 1939 50 5168.45 -2.40 4.80 0.55 6.40 0.00
3987 1939 51 6151.99 -4.30 3.20 0.51 3.30 0.20
3987 1939 52 6036.51 -1.40 2.30 0.57 3.60 0.20
3987 1939 53 3637.56 -1.20 4.90 0.55 2.80 0.00
3987 1939 54 7285.39 -2.10 6.70 0.49 6.00 0.00
3987 1939 55 6007.61 -0.90 8.30 0.63 4.90 0.00
3987 1939 56 8254.39 0.00 14.20 0.65 5.00 0.00
3987 1939 57 4102.14 3.80 9.00 0.69 6.10 0.30
3987 1939 58 8154.16 1.00 9.50 0.64 4.40 0.00
3987 1939 59 10633.16 -3.40 8.20 0.57 4.90 0.10
3987 1939 60 4032.47 -0.70 3.90 0.67 4.80 0.60
3987 1939 61 10286.83 -1.30 9.50 0.60 3.30 0.00
3987 1939 62 9863.41 -1.70 11.20 0.53 4.40 0.00
3987 1939 63 12377.79 -2.40 11.20 0.52 6.30 0.00
3987 1939 64 10913.59 -2.30 10.70 0.59 7.30 0.60
3987 1939 65 6301.46 3.20 9.00 0.85 5.40 15.60
3987 1939 66 6567.21 2.40 8.10 0.72 6.90 1.90
3987 1939 67 6588.67 1.00 6.70 0.68 7.70 4.70
3987 1939 68 6848.55 -0.10 6.80 0.63 5.30 4.00
3987 1939 69 6530.52 0.00 5.50 0.63 4.50 2.00
3987 1939 70 9113.65 -1.70 4.70 0.56 3.70 2.20
3987 1939 71 6996.36 -3.30 2.90 0.51 3.50 0.40
3987 1939 72 6737.41 -1.30 2.80 0.48 3.90 4.30
3987 1939 73 6547.17 0.00 7.00 0.63 6.90 3.50
3987 1939 74 5079.41 -2.20 3.10 0.49 9.40 3.50
3987 1939 75 11693.42 -4.20 2.50 0.41 4.50 0.00
3987 1939 76 12731.12 -6.50 2.70 0.41 4.00 0.20
3987 1939 77 10226.25 -4.00 0.70 0.39 4.70 0.00
3987 1939 78 9427.58 -4.50 1.70 0.48 5.70 1.70
3987 1939 79 12236.28 -4.60 2.60 0.43 5.50 4.70
3987 1939 80 5539.41 -4.20 2.90 0.56 3.30 1.20
3987 1939 81 9939.89 -4.20 3.60 0.48 3.10 3.20
3987 1939 82 5698.49 -1.70 -0.20 0.55 4.10 1.60
3987 1939 83 6057.80 -2.30 1.80 0.56 2.50 1.10
3987 1939 84 9932.41 -2.30 8.60 0.57 5.90 1.10
3987 1939 85 5919.30 -0.50 4.50 0.63 5.30 2.50
3987 1939 86 5977.10 0.10 5.10 0.79 3.70 9.80
3987 1939 87 6926.34 2.80 8.20 0.77 3.70 1.60
3987 1939 88 6135.10 2.90 5.20 0.76 6.70 5.30
3987 1939 89 7682.83 2.80 9.00 0.83 2.90 0.10
3987 1939 90 18266.58 -0.30 9.00 0.53 5.10 0.00
3987 1939 91 18750.50 -1.70 9.20 0.51 5.60 0.00
3987 1939 92 17027.55 -2.50 13.00 0.52 5.80 0.10
3987 1939 93 8027.80 2.60 10.00 0.83 5.10 0.30
3987 1939 94 7970.16 3.60 16.30 0.96 6.30 7.30
3987 1939 95 8366.52 8.40 13.50 1.12 5.00 4.50
3987 1939 96 8754.14 5.00 14.50 1.05 3.10 0.10
3987 1939 97 6805.24 5.20 10.80 0.79 3.30 0.00
3987 1939 98 9081.49 2.70 10.90 0.63 3.20 0.00
3987 1939 99 19632.52 1.90 15.00 0.69 2.90 0.00
3987 1939 100 20526.58 2.40 15.10 0.57 4.40 0.00
3987 1939 101 19721.08 2.20 14.60 0.61 5.40 0.00
3987 1939 102 19073.60 1.60 23.10 0.83 4.40 4.50
3987 1939 103 17976.72 11.20 24.90 1.15 5.30 1.50
3987 1939 104 8941.26 12.80 22.00 1.35 4.40 0.10
3987 1939 105 12736.29 10.40 17.00 1.01 7.80 0.00
3987 1939 106 7434.25 8.30 12.60 1.04 8.80 6.80
3987 1939 107 12344.38 5.20 13.50 0.92 5.30 2.90
3987 1939 108 12553.23 3.90 11.50 0.79 4.60 1.00
3987 1939 109 19889.11 0.50 14.00 0.77 5.60 0.00
3987 1939 110 11700.03 1.90 14.30 0.85 6.60 0.00
3987 1939 111 14904.80 5.50 15.10 0.81 6.20 0.00
3987 1939 112 16855.34 5.70 20.50 0.77 6.00 2.50
3987 1939 113 12562.19 4.60 11.50 0.60 9.90 0.00
3987 1939 114 11041.83 4.40 14.00 0.76 5.90 0.00
3987 1939 115 11560.84 6.50 14.00 0.83 5.50 1.00
3987 1939 116 21265.49 2.70 13.30 0.61 3.70 2.20
3987 1939 117 8234.23 3.90 9.80 0.77 4.50 4.40
3987 1939 118 8303.67 3.00 7.00 0.81 4.40 5.70
3987 1939 119 8321.42 5.10 10.60 1.07 3.70 0.10
3987 1939 120 9461.50 7.30 19.80 1.36 3.40 1.00
3987 1939 121 8432.11 8.10 14.90 1.23 4.30 0.40
3987 1939 122 9081.98 7.40 12.40 1.01 3.70 0.00
3987 1939 123 8562.82 5.70 11.20 0.89 5.10 0.00
3987 1939 124 23632.64 0.80 14.50 0.64 4.40 0.00
3987 1939 125 22228.84 1.40 14.70 0.64 6.60 1.90
3987 1939 126 8755.27 5.70 9.10 0.91 3.30 5.00
3987 1939 127 8793.34 5.60 11.40 0.91 3.60 0.00
3987 1939 128 15385.89 5.30 15.30 0.83 6.10 0.00
3987 1939 129 8886.38 8.60 14.70 0.89 7.70 8.20
3987 1939 130 8946.27 6.90 12.10 1.04 4.80 1.30
3987 1939 131 8986.73 8.30 13.50 1.09 2.30 0.20
3987 1939 132 16809.48 8.70 15.10 0.96 5.90 0.10
3987 1939 133 19569.20 9.10 18.80 0.73 5.50 0.00
3987 1939 134 18817.01 6.00 17.90 0.75 4.20 0.10
3987 1939 135 9195.73 7.70 12.50 1.15 4.30 0.40
3987 1939 136 18562.78 7.50 19.30 1.01 4.40 0.00
3987 1939 137 18514.16 6.00 17.90 0.89 2.60 0.00
3987 1939 138 16749.36 7.10 19.30 0.96 2.70 0.00
3987 1939 139 10070.51 8.50 14.30 1.13 3.30 2.70
3987 1939 140 15983.79 8.30 15.20 0.84 3.20 0.00
3987 1939 141 18621.36 8.10 18.60 0.88 4.70 2.60
3987 1939 142 12329.88 7.80 20.30 0.84 5.30 0.00
3987 1939 143 25601.04 8.30 22.20 0.79 6.30 0.00
3987 1939 144 19888.36 4.90 19.90 0.79 6.50 26.00
3987 1939 145 9612.89 8.10 11.20 1.15 4.30 0.10
3987 1939 146 11561.42 8.60 14.50 1.19 3.30 6.50
3987 1939 147 14584.64 7.10 16.70 1.03 4.50 0.80
3987 1939 148 11743.18 9.20 15.60 1.08 5.20 4.30
3987 1939 149 21025.19 8.00 18.90 0.93 3.20 0.30
3987 1939 150 28491.54 5.10 20.70 0.77 3.40 0.00
3987 1939 151 28471.92 9.30 22.50 0.95 3.80 0.00
3987 1939 152 26505.56 9.70 25.60 1.04 3.30 0.00
3987 1939 153 28485.81 8.70 21.70 0.75 4.70 0.00
3987 1939 154 28659.51 6.00 24.20 0.99 3.70 0.00
3987 1939 155 21439.99 10.10 24.30 1.09 5.20 0.00
3987 1939 156 28152.94 11.00 26.50 1.27 2.30 0.00
3987 1939 157 28181.10 13.60 29.80 1.43 3.00 0.00
3987 1939 158 28428.98 16.40 31.00 1.20 4.20 0.00
3987 1939 159 27722.77 15.50 30.90 1.37 4.90 0.00
3987 1939 160 26898.42 8.50 20.00 0.87 4.60 0.00
3987 1939 161 28726.74 8.40 23.50 0.81 2.70 0.00
3987 1939 162 23018.68 11.60 26.40 1.16 4.60 0.00
3987 1939 163 14346.49 12.00 19.80 1.13 3.90 0.90
3987 1939 164 10063.91 7.80 14.30 1.11 4.20 5.60
3987 1939 165 11908.34 7.90 12.20 1.11 1.90 7.00
3987 1939 166 18045.44 5.40 18.00 1.09 2.60 0.00
3987 1939 167 16955.26 11.40 23.90 1.43 3.20 0.00
3987 1939 168 17895.92 15.20 26.00 1.84 2.80 0.00
3987 1939 169 9994.24 15.60 20.00 1.91 5.50 5.10
3987 1939 170 14379.48 12.20 20.40 1.39 4.40 6.70
3987 1939 171 14092.24 14.00 23.20 1.69 3.00 0.00
3987 1939 172 20889.95 16.80 29.00 1.87 3.00 0.00
3987 1939 173 25177.15 15.60 28.80 1.84 3.50 0.00
3987 1939 174 27521.31 12.00 22.20 1.03 3.80 0.00
3987 1939 175 19484.98 11.80 27.80 1.67 4.00 5.70
3987 1939 176 12688.50 12.60 20.40 1.48 4.90 7.40
3987 1939 177 14016.75 12.70 19.70 1.43 4.20 1.40
3987 1939 178 22862.94 11.50 18.80 1.07 4.20 0.00
3987 1939 179 19505.52 9.20 22.20 1.09 4.00 0.00
3987 1939 180 11876.26 15.60 23.30 1.57 4.10 0.10
3987 1939 181 20154.59 14.10 26.70 1.65 3.20 11.50
3987 1939 182 13106.48 13.50 19.20 1.55 4.70 7.40
3987 1939 183 12052.64 11.30 17.00 1.29 4.70 6.50
3987 1939 184 21849.68 8.00 21.80 1.20 4.00 0.00
3987 1939 185 26318.13 11.00 24.50 1.21 4.00 0.00
3987 1939 186 27398.68 11.70 27.90 1.32 5.50 0.00
3987 1939 187 18831.83 14.80 25.00 1.59 4.60 1.30
3987 1939 188 17711.22 14.70 24.60 1.52 2.80 0.00
3987 1939 189 16688.08 13.50 25.40 1.63 4.30 0.00
3987 1939 190 18827.65 17.80 26.40 1.61 6.20 0.00
3987 1939 191 16031.90 14.30 21.20 1.15 6.60 0.20
3987 1939 192 11107.05 11.70 17.10 1.01 7.60 0.00
3987 1939 193 16278.71 10.70 17.60 1.27 4.10 3.90
3987 1939 194 20507.40 9.70 21.00 1.24 3.00 0.00
3987 1939 195 16167.90 12.60 26.10 1.47 4.00 0.10
3987 1939 196 17494.23 16.50 29.90 1.69 3.70 2.00
3987 1939 197 18706.48 17.40 26.30 1.77 3.70 7.00
3987 1939 198 23224.24 15.60 24.30 1.51 5.50 0.00
3987 1939 199 23969.03 12.70 24.50 1.33 3.70 0.00
3987 1939 200 19688.46 14.10 29.40 1.51 4.80 6.00
3987 1939 201 17826.44 15.50 26.40 1.77 2.60 0.00
3987 1939 202 11028.90 16.10 24.40 1.93 2.60 0.00
3987 1939 203 17883.34 15.40 23.50 1.59 4.90 0.00
3987 1939 204 20008.84 13.50 22.30 1.60 3.90 6.20
3987 1939 205 16968.10 13.10 22.40 1.55 3.30 9.20
3987 1939 206 9317.00 11.90 17.60 1.41 4.90 2.90
3987 1939 207 18404.99 11.90 23.00 1.77 5.30 1.10
3987 1939 208 18817.79 11.70 22.20 1.31 6.70 0.00
3987 1939 209 25051.56 11.50 24.00 1.40 5.20 0.10
3987 1939 210 18456.84 15.50 27.30 1.63 4.00 0.00
3987 1939 211 25244.63 16.80 31.60 1.60 5.50 0.00
3987 1939 212 21603.43 18.30 27.30 1.75 5.50 0.00
3987 1939 213 19843.67 14.50 22.90 1.25 5.70 0.00
3987 1939 214 14136.75 13.60 21.40 1.39 3.90 7.40
3987 1939 215 15780.78 12.20 23.40 1.40 2.80 24.70
3987 1939 216 12379.12 13.90 20.50 1.68 3.00 0.20
3987 1939 217 19927.03 13.90 27.00 1.80 3.70 0.00
3987 1939 218 14305.93 14.20 25.40 1.81 6.00 15.70
3987 1939 219 15288.93 12.90 21.50 1.57 3.80 0.30
3987 1939 220 16098.68 12.80 24.50 1.56 4.30 2.80
3987 1939 221 8518.07 14.80 18.20 1.77 3.40 3.20
3987 1939 222 18996.08 14.40 24.60 1.59 3.10 0.00
3987 1939 223 21539.25 15.00 27.50 1.64 4.50 9.80
3987 1939 224 17174.31 14.40 22.20 1.45 4.10 0.40
3987 1939 225 17314.62 12.00 21.50 1.40 2.90 0.00
3987 1939 226 19507.33 9.60 21.40 1.28 2.60 0.00
3987 1939 227 16367.95 11.20 21.40 1.40 3.40 0.00
3987 1939 228 10413.95 14.60 22.80 1.67 5.20 0.00
3987 1939 229 9451.17 12.70 23.30 1.73 3.40 0.00
3987 1939 230 12689.85 14.30 27.20 1.79 3.20 0.10
3987 1939 231 19428.55 14.50 26.80 1.68 3.70 0.00
3987 1939 232 21999.71 15.90 29.40 1.61 4.50 0.00
3987 1939 233 20136.30 16.30 29.20 1.53 6.00 0.00
3987 1939 234 21169.74 15.50 31.30 1.51 4.90 0.00
3987 1939 235 16572.54 15.40 30.20 1.72 2.90 0.40
3987 1939 236 21395.56 15.30 29.00 1.17 5.60 0.00
3987 1939 237 21192.29 14.60 28.50 1.16 6.20 0.00
3987 1939 238 20222.27 14.60 26.70 1.37 4.20 0.00
3987 1939 239 20194.69 14.00 28.30 1.44 2.60 0.00
3987 1939 240 18474.48 14.20 28.10 1.68 2.30 0.50
3987 1939 241 10051.03 15.40 22.80 1.67 2.90 0.60
3987 1939 242 14263.73 13.90 27.60 1.64 3.00 1.00
3987 1939 243 8524.75 15.40 21.70 1.83 2.80 0.60
3987 1939 244 8526.94 15.40 24.30 1.75 2.10 1.40
3987 1939 245 10310.27 16.30 24.20 1.80 2.70 0.00
3987 1939 246 19296.59 14.80 25.00 1.49 5.00 0.00
3987 1939 247 17247.38 10.50 22.60 1.31 6.50 0.00
3987 1939 248 19122.97 10.00 25.50 1.20 6.20 0.00
3987 1939 249 16303.87 12.00 27.00 1.23 3.60 0.00
3987 1939 250 17205.58 12.80 25.50 1.44 3.30 0.00
3987 1939 251 18256.72 12.50 27.20 1.45 2.50 0.00
3987 1939 252 18162.84 13.00 29.10 1.52 3.80 0.00
3987 1939 253 9767.77 14.50 24.70 1.81 2.20 0.90
3987 1939 254 6646.15 14.30 22.70 1.79 3.20 1.40
3987 1939 255 6957.08 14.90 20.30 1.73 2.10 0.50
3987 1939 256 6781.75 13.90 19.50 1.55 3.20 0.00
3987 1939 257 10775.72 11.00 19.70 1.37 3.80 0.00
3987 1939 258 10855.43 9.40 21.80 1.27 3.30 0.00
3987 1939 259 5886.38 12.30 18.20 1.47 5.60 4.80
3987 1939 260 6286.97 13.60 17.70 1.56 5.30 15.30
3987 1939 261 5744.65 12.10 15.40 1.41 4.30 2.40
3987 1939 262 10509.65 11.90 20.30 1.19 4.80 0.10
3987 1939 263 5603.15 10.90 13.20 1.28 3.10 8.20
3987 1939 264 5525.65 10.80 13.20 1.40 2.60 5.40
3987 1939 265 7723.38 11.40 17.80 1.36 3.20 0.00
3987 1939 266 6994.36 10.70 17.80 1.29 3.60 1.40
3987 1939 267 7039.64 5.10 12.70 0.99 3.30 5.20
3987 1939 268 11523.11 1.70 12.90 0.81 4.60 6.20
3987 1939 269 5181.82 4.90 11.00 0.99 3.80 16.90
3987 1939 270 9160.22 2.40 12.30 0.84 3.00 0.80
3987 1939 271 9047.96 0.10 11.20 0.80 4.20 0.00
3987 1939 272 7104.71 6.10 12.60 1.00 3.00 0.00
3987 1939 273 9487.77 6.00 15.30 0.88 3.70 0.00
3987 1939 274 10545.08 3.10 14.70 0.85 3.30 0.00
3987 1939 275 4726.58 6.70 10.20 1.00 5.50 27.90
3987 1939 276 7344.28 2.30 10.30 0.79 5.30 0.00
3987 1939 277 13635.72 -1.60 11.10 0.51 5.40 0.00
3987 1939 278 12442.52 -0.40 13.40 0.60 7.40 0.00
3987 1939 279 12444.61 2.40 14.60 0.77 5.10 0.00
3987 1939 280 10809.95 1.00 9.40 0.55 5.50 0.00
3987 1939 281 12298.83 -2.30 8.30 0.52 3.10 0.00
3987 1939 282 7788.80 0.00 8.50 0.64 3.90 0.10
3987 1939 283 4172.11 2.90 5.00 0.73 3.30 0.10
3987 1939 284 5024.51 2.00 7.30 0.73 4.30 1.40
3987 1939 285 4085.07 3.80 11.90 1.04 4.90 3.10
3987 1939 286 5136.56 7.50 14.00 1.09 2.90 0.90
3987 1939 287 4968.01 5.20 15.70 1.21 5.40 4.70
3987 1939 288 7136.02 12.40 19.00 1.37 6.30 0.90
3987 1939 289 6627.42 7.50 16.60 1.12 7.40 0.00
3987 1939 290 4543.89 4.70 11.50 0.97 3.30 0.00
3987 1939 291 3611.26 6.20 8.90 1.04 5.80 27.50
3987 1939 292 3541.88 7.80 10.10 1.16 7.50 2.30
3987 1939 293 7086.19 7.70 14.40 1.05 4.40 0.00
3987 1939 294 3431.29 5.40 9.10 0.84 4.40 4.60
3987 1939 295 3377.06 3.10 5.50 0.79 3.80 2.50
3987 1939 296 3315.02 3.50 5.90 0.75 2.70 0.70
3987 1939 297 3248.23 3.00 7.30 0.89 4.60 4.60
3987 1939 298 5696.08 2.80 8.60 0.71 3.90 0.00
3987 1939 299 3143.74 1.40 3.90 0.69 3.70 2.70
3987 1939 300 3082.07 1.90 4.70 0.73 3.20 4.70
3987 1939 301 3021.47 3.50 5.80 0.80 4.90 4.80
3987 1939 302 3027.28 1.70 6.60 0.83 2.40 0.80
3987 1939 303 2908.84 4.10 6.10 0.73 2.80 0.00
3987 1939 304 2863.77 -0.30 4.80 0.56 3.20 0.00
3987 1939 305 2812.76 1.30 3.00 0.57 2.70 0.00
3987 1939 306 4559.99 -1.30 6.50 0.59 6.10 0.00
3987 1939 307 4365.16 -0.50 5.50 0.61 6.70 0.00
3987 1939 308 5744.45 -0.30 7.50 0.67 7.50 3.50
3987 1939 309 2592.81 5.20 8.20 0.99 4.60 4.30
3987 1939 310 5663.93 5.00 12.30 0.85 6.30 0.10
3987 1939 311 5913.48 3.30 13.30 0.89 5.10 0.00
3987 1939 312 2495.62 6.70 14.90 1.05 6.40 0.00
3987 1939 313 2398.04 9.30 12.00 1.15 5.40 0.30
3987 1939 314 5541.79 6.30 13.60 1.00 6.00 0.00
3987 1939 315 4402.68 4.30 10.70 0.93 3.80 0.20
3987 1939 316 2275.96 5.80 11.00 1.07 5.20 0.40
3987 1939 317 2811.38 6.10 9.00 0.95 2.50 0.00
3987 1939 318 3016.84 6.90 11.90 1.07 3.50 0.00
3987 1939 319 4033.24 7.30 12.50 1.01 5.80 0.60
3987 1939 320 2677.40 5.60 10.30 0.91 5.30 6.80
3987 1939 321 4236.19 4.00 8.00 0.77 7.00 0.20
3987 1939 322 4136.71 1.90 7.20 0.72 6.30 1.80
3987 1939 323 2022.65 3.70 6.70 0.88 6.00 26.80
3987 1939 324 4429.95 -1.40 5.50 0.51 4.10 0.00
3987 1939 325 5872.23 -4.90 4.60 0.44 2.40 0.00
3987 1939 326 5657.35 -3.20 3.90 0.43 2.30 0.00
3987 1939 327 3286.52 -5.00 0.40 0.40 4.50 0.00
3987 1939 328 2257.33 -7.20 -0.10 0.41 5.00 5.80
3987 1939 329 1846.36 -1.50 2.80 0.64 6.50 0.00
3987 1939 330 1815.30 0.40 5.70 0.69 8.70 12.00
3987 1939 331 2182.62 4.70 10.60 0.92 8.50 10.30
3987 1939 332 2923.25 1.10 9.90 0.72 9.60 4.20
3987 1939 333 1737.24 2.00 5.50 0.81 6.30 2.80
3987 1939 334 1707.47 5.00 12.20 1.01 8.60 9.20
3987 1939 335 1687.04 4.70 9.80 1.00 6.80 15.40
3987 1939 336 1792.70 8.30 10.30 0.96 8.10 0.70
3987 1939 337 2552.31 3.40 8.60 0.69 7.60 0.00
3987 1939 338 2742.67 1.00 6.20 0.64 6.50 1.20
3987 1939 339 2207.92 3.00 7.60 0.75 5.80 0.10
3987 1939 340 1691.79 -0.60 4.00 0.65 4.00 1.00
3987 1939 341 1591.74 0.80 2.70 0.59 7.00 0.00
3987 1939 342 1833.58 -3.30 1.90 0.51 3.70 0.00
3987 1939 343 4358.22 -5.30 -0.20 0.44 4.90 0.00
3987 1939 344 1557.81 -4.80 -0.30 0.49 5.80 0.00
3987 1939 345 1545.15 -1.00 0.40 0.52 5.90 0.00
3987 1939 346 1535.45 -1.70 0.30 0.55 4.70 0.00
3987 1939 347 1529.73 -3.80 -0.60 0.49 5.50 0.00
3987 1939 348 3601.59 -6.00 -2.30 0.36 6.20 0.00
3987 1939 349 1519.74 -6.10 -3.80 0.31 5.20 0.00
3987 1939 350 1840.75 -7.90 -4.60 0.31 5.70 0.00
3987 1939 351 4303.83 -7.60 -2.90 0.32 6.70 0.00
3987 1939 352 4219.10 -11.10 -3.80 0.31 4.80 0.00
3987 1939 353 3312.36 -7.10 -1.70 0.41 3.00 0.00
3987 1939 354 1898.70 -5.80 0.70 0.47 5.00 0.00
3987 1939 355 4322.09 -9.70 -0.20 0.37 3.30 0.00
3987 1939 356 1493.65 -8.40 0.70 0.45 6.90 1.40
3987 1939 357 1489.97 0.40 1.90 0.65 7.40 0.30
3987 1939 358 1490.09 0.00 3.00 0.65 8.80 2.90
3987 1939 359 1492.77 1.00 3.50 0.72 5.80 9.60
3987 1939 360 1504.28 -3.30 3.50 0.55 5.80 2.30
3987 1939 361 4209.91 -9.60 -2.40 0.28 3.30 0.00
3987 1939 362 4355.91 -13.60 -4.80 0.21 4.80 0.00
3987 1939 363 4091.99 -13.40 -5.70 0.17 5.60 0.00
3987 1939 364 1543.14 -13.50 -4.90 0.31 8.40 5.60
3987 1939 365 1546.14 -6.60 0.20 0.47 6.20 0.40
