*---------------------------------------------------------------------------*
* Station name: Potsdam Saekularstation
* Year: 1934
* Author: Pedro Alencar                                   -999.000: NIL VALUE
* Source: DWD
* Comments: Gaps filled with interpolation and storical means
* Longitude: 13.0622, latitude: 52.3812, altitude: 82.0 m.
*
    * Column  Daily value
    * 1       station number
    * 2       year
    * 3       day
    * 4       irradiation                   (kJ m-2 d-1)
    * 5       minimum temperature           (degrees Celsius
    * 6       maximum temperature           (degrees Celsius)
    * 7       early morning vapour pressure (kPa)
    * 8       mean wind speed (height: 2 m) (m s-1)
    * 9       precipitation                 (mm d-1)
    *
** WCCDESCRIPTION=Potsdam, Germany
** WCCFORMAT=2
** WCCYEARNR=1934
*---------------------------------------------------------------------------*
   13.0622 52.3812 82.0 -0.18 -0.55
3987 1934 1 1548.55 -0.30 1.50 0.64 2.20 0.30
3987 1934 2 1562.52 -1.10 1.40 0.57 2.80 0.40
3987 1934 3 1575.45 -1.30 0.90 0.52 1.30 0.00
3987 1934 4 2554.11 -3.10 1.70 0.44 2.60 0.00
3987 1934 5 1601.09 -3.50 3.10 0.64 5.70 5.90
3987 1934 6 1616.82 0.60 2.70 0.65 6.40 0.20
3987 1934 7 1631.36 0.70 3.70 0.65 4.90 0.00
3987 1934 8 3237.11 -1.40 5.10 0.51 5.00 0.00
3987 1934 9 1671.12 0.00 2.20 0.60 5.30 0.00
3987 1934 10 1695.47 -2.40 1.70 0.56 3.30 0.00
3987 1934 11 3659.41 -4.30 0.40 0.40 5.20 0.00
3987 1934 12 3427.54 -5.50 3.50 0.41 6.10 8.70
3987 1934 13 1887.94 -1.60 5.00 0.68 5.90 0.80
3987 1934 14 2093.76 1.30 4.90 0.59 6.90 2.80
3987 1934 15 1892.16 1.60 5.90 0.69 7.20 0.90
3987 1934 16 2013.40 1.70 5.40 0.63 6.00 0.00
3987 1934 17 2505.66 1.90 4.60 0.63 7.80 6.20
3987 1934 18 1873.51 2.50 10.30 1.01 7.90 4.30
3987 1934 19 2474.04 4.50 10.80 0.85 8.90 2.20
3987 1934 20 3391.94 -1.00 5.20 0.55 5.90 0.00
3987 1934 21 5779.69 -4.80 4.20 0.47 2.10 0.00
3987 1934 22 6010.49 -6.10 2.50 0.41 4.20 0.00
3987 1934 23 3811.23 -7.80 1.50 0.40 2.60 0.00
3987 1934 24 5274.87 -8.30 1.30 0.44 3.50 0.00
3987 1934 25 6105.80 -7.80 3.40 0.40 3.90 0.00
3987 1934 26 5286.87 -8.80 5.50 0.47 4.90 0.70
3987 1934 27 2607.76 1.70 6.90 0.68 6.00 2.30
3987 1934 28 2291.16 0.90 2.90 0.67 2.80 0.50
3987 1934 29 2598.21 0.60 3.40 0.63 2.80 0.00
3987 1934 30 2864.41 -1.20 2.20 0.51 3.90 1.10
3987 1934 31 2533.22 -2.70 1.50 0.51 6.00 1.60
3987 1934 32 4134.55 -3.70 0.50 0.41 5.40 0.20
3987 1934 33 5462.45 -9.00 -1.50 0.33 2.10 0.00
3987 1934 34 2518.20 -10.20 -2.40 0.36 2.90 0.80
3987 1934 35 2557.54 -4.20 0.00 0.49 1.30 0.20
3987 1934 36 2600.47 -2.10 0.60 0.57 3.60 0.30
3987 1934 37 2642.89 0.20 2.90 0.64 8.10 0.10
3987 1934 38 2686.09 2.00 5.10 0.73 10.10 0.10
3987 1934 39 2856.24 2.50 6.00 0.56 13.60 0.20
3987 1934 40 6605.81 -0.20 6.00 0.53 8.60 0.00
3987 1934 41 2842.00 3.40 5.30 0.69 9.90 0.00
3987 1934 42 3200.89 3.10 7.40 0.71 9.90 1.00
3987 1934 43 5150.18 1.70 7.20 0.69 5.40 0.00
3987 1934 44 5710.95 -5.20 4.10 0.39 2.90 0.00
3987 1934 45 9139.96 -5.00 7.80 0.37 5.80 0.00
3987 1934 46 5283.00 -0.80 6.50 0.64 5.10 0.00
3987 1934 47 3319.63 -0.80 3.80 0.71 4.70 1.00
3987 1934 48 3238.87 3.30 4.90 0.81 5.70 0.20
3987 1934 49 3298.57 3.10 5.80 0.79 6.60 0.00
3987 1934 50 3636.93 2.00 5.40 0.63 9.20 0.40
3987 1934 51 3574.15 -0.30 4.10 0.64 10.10 4.70
3987 1934 52 3568.98 -0.40 3.20 0.63 6.30 1.50
3987 1934 53 3548.33 1.20 5.80 0.80 8.00 0.40
3987 1934 54 6107.46 3.90 10.40 0.79 7.20 0.00
3987 1934 55 6853.10 2.70 10.20 0.75 4.40 0.00
3987 1934 56 4177.53 0.50 9.50 0.76 4.70 0.00
3987 1934 57 4245.06 4.40 11.70 0.80 4.60 0.00
3987 1934 58 3888.14 1.40 5.90 0.72 3.10 7.70
3987 1934 59 3965.62 0.40 4.50 0.64 4.80 2.10
3987 1934 60 4035.43 -1.20 2.50 0.55 4.20 0.00
3987 1934 61 4093.21 1.50 4.70 0.76 2.60 0.70
3987 1934 62 4168.37 2.00 4.30 0.72 2.60 0.50
3987 1934 63 7798.92 0.90 6.90 0.63 4.00 0.00
3987 1934 64 8700.57 -0.90 9.00 0.52 4.90 0.00
3987 1934 65 6549.45 -1.10 8.70 0.60 6.80 1.60
3987 1934 66 6573.02 0.20 7.20 0.69 8.10 1.50
3987 1934 67 5924.10 -0.20 6.60 0.59 7.70 2.70
3987 1934 68 4596.51 1.40 7.40 0.65 4.80 0.80
3987 1934 69 10144.47 -2.20 8.00 0.48 2.80 0.00
3987 1934 70 5079.85 1.70 8.20 0.73 3.40 3.00
3987 1934 71 8027.71 2.30 13.00 0.85 4.50 1.70
3987 1934 72 7371.31 5.50 11.60 0.72 6.00 0.00
3987 1934 73 9556.16 2.30 12.80 0.67 6.10 0.50
3987 1934 74 7758.81 2.10 12.10 0.69 5.90 0.20
3987 1934 75 12372.33 1.60 12.50 0.57 6.00 0.00
3987 1934 76 9949.24 0.00 9.60 0.63 6.60 0.30
3987 1934 77 10129.64 3.30 13.30 0.71 6.50 0.40
3987 1934 78 12170.56 0.10 10.90 0.51 4.90 0.00
3987 1934 79 7336.07 -2.00 11.80 0.56 5.50 0.20
3987 1934 80 6951.91 5.10 14.00 0.84 3.30 1.50
3987 1934 81 7703.89 4.00 12.60 0.77 3.60 0.00
3987 1934 82 6210.81 2.50 10.60 0.79 1.50 0.00
3987 1934 83 12347.36 0.40 13.20 0.75 2.40 0.00
3987 1934 84 6105.07 1.00 7.30 0.72 4.30 0.90
3987 1934 85 5997.07 2.80 5.50 0.76 3.10 0.50
3987 1934 86 8891.84 -0.70 8.90 0.59 1.90 0.00
3987 1934 87 6050.30 2.40 6.00 0.71 2.90 0.00
3987 1934 88 6115.64 3.30 7.50 0.75 7.20 0.30
3987 1934 89 9329.95 5.60 14.70 0.89 4.30 0.00
3987 1934 90 16957.76 2.80 15.00 0.79 3.80 0.00
3987 1934 91 15721.10 4.00 14.60 0.69 6.60 0.00
3987 1934 92 18532.38 -0.80 13.60 0.41 7.70 0.00
3987 1934 93 19217.73 -0.70 12.40 0.39 6.20 0.00
3987 1934 94 18934.53 -0.80 13.70 0.49 5.50 0.00
3987 1934 95 10045.82 2.00 12.40 0.64 3.10 0.00
3987 1934 96 17973.12 -1.20 15.60 0.53 3.10 0.00
3987 1934 97 19641.23 0.30 16.90 0.51 4.80 0.00
3987 1934 98 19644.26 3.40 17.90 0.84 4.90 0.00
3987 1934 99 18475.92 4.20 20.50 0.83 4.00 16.70
3987 1934 100 7035.32 3.40 14.20 0.95 5.00 10.00
3987 1934 101 7118.66 1.50 7.10 0.72 2.60 0.00
3987 1934 102 10796.57 3.90 12.30 0.81 4.90 0.50
3987 1934 103 7247.03 3.10 9.40 0.71 5.50 0.00
3987 1934 104 11572.33 5.30 17.10 0.97 2.20 0.00
3987 1934 105 11074.62 7.90 20.40 1.23 2.50 0.00
3987 1934 106 19566.85 11.30 27.60 1.29 3.80 0.00
3987 1934 107 16392.30 12.20 27.00 1.48 4.60 2.90
3987 1934 108 20773.68 12.80 26.00 1.17 5.80 0.00
3987 1934 109 21639.95 6.00 20.40 0.76 5.50 0.20
3987 1934 110 17949.21 7.30 18.50 0.89 5.10 0.00
3987 1934 111 19882.92 5.00 15.00 0.64 4.80 0.00
3987 1934 112 19128.45 2.70 19.20 0.75 6.20 0.00
3987 1934 113 13836.67 7.10 18.90 1.04 7.60 1.80
3987 1934 114 13024.62 6.20 15.40 0.81 4.80 0.00
3987 1934 115 15033.21 6.30 16.50 0.79 4.60 0.00
3987 1934 116 14409.76 4.40 18.80 0.83 4.90 0.00
3987 1934 117 17376.42 6.80 20.60 0.88 3.50 0.00
3987 1934 118 18708.80 7.70 23.70 1.27 4.60 12.40
3987 1934 119 18446.12 8.40 23.10 1.48 3.10 4.00
3987 1934 120 22793.80 11.10 26.70 1.29 4.00 0.00
3987 1934 121 23728.78 9.30 26.50 1.24 3.90 0.00
3987 1934 122 16042.61 10.90 24.60 1.51 2.80 0.50
3987 1934 123 18163.69 12.70 27.70 1.44 4.70 2.50
3987 1934 124 17279.68 17.40 27.50 1.32 6.70 0.00
3987 1934 125 21806.77 12.60 23.60 1.36 3.30 0.80
3987 1934 126 14045.81 13.40 26.90 1.60 3.20 1.00
3987 1934 127 20121.53 12.50 26.40 1.23 5.40 0.00
3987 1934 128 8839.37 8.80 18.00 1.08 4.60 4.30
3987 1934 129 11668.12 8.80 16.60 1.20 2.10 0.00
3987 1934 130 24146.21 9.90 24.10 1.40 3.20 0.00
3987 1934 131 22584.27 10.10 23.90 1.05 3.10 0.00
3987 1934 132 25747.03 10.70 26.90 1.16 3.20 0.00
3987 1934 133 22915.26 11.00 26.80 1.32 4.20 0.00
3987 1934 134 17335.00 5.90 16.20 0.88 5.70 0.00
3987 1934 135 24761.69 4.90 14.80 0.75 5.40 0.00
3987 1934 136 26693.01 4.10 21.80 0.64 5.20 0.00
3987 1934 137 10336.38 10.20 16.30 1.03 5.10 0.00
3987 1934 138 24778.52 2.60 18.80 0.67 3.50 0.00
3987 1934 139 11593.84 8.60 18.10 0.75 2.10 0.00
3987 1934 140 18840.88 9.50 23.30 1.16 4.10 1.00
3987 1934 141 20332.37 8.30 20.80 1.15 5.00 0.80
3987 1934 142 17110.66 14.20 22.20 1.21 8.20 2.00
3987 1934 143 23649.46 9.30 18.90 0.93 8.10 0.00
3987 1934 144 21979.15 4.50 15.60 0.79 6.50 0.00
3987 1934 145 20063.78 4.60 16.10 0.63 4.80 0.30
3987 1934 146 16075.65 6.20 12.20 0.68 7.30 0.10
3987 1934 147 12729.84 3.40 11.50 0.81 7.70 2.10
3987 1934 148 10671.06 6.80 13.60 1.09 7.80 0.80
3987 1934 149 13629.35 7.00 14.20 0.83 6.00 0.00
3987 1934 150 27237.87 3.30 19.60 0.85 2.70 0.00
3987 1934 151 28464.40 7.00 23.60 0.79 4.00 0.00
3987 1934 152 28267.15 8.90 27.10 0.89 4.10 0.00
3987 1934 153 23561.69 12.70 30.00 1.05 3.70 0.00
3987 1934 154 26694.30 11.00 25.00 1.04 4.20 0.00
3987 1934 155 14954.44 9.30 18.00 1.05 3.80 4.30
3987 1934 156 20960.24 4.70 16.30 0.92 3.30 0.00
3987 1934 157 23936.29 5.90 20.50 0.96 3.10 0.00
3987 1934 158 20862.71 8.00 22.50 1.04 4.50 3.00
3987 1934 159 13425.58 11.30 19.10 1.28 4.90 0.40
3987 1934 160 23794.79 10.10 23.90 1.33 4.10 1.60
3987 1934 161 25709.66 9.60 26.10 1.25 4.50 0.00
3987 1934 162 27583.34 10.90 23.60 0.84 6.40 0.00
3987 1934 163 27974.00 11.10 23.10 0.83 3.80 0.00
3987 1934 164 28704.97 10.20 26.60 0.95 4.20 0.00
3987 1934 165 24645.70 11.30 25.30 1.09 3.80 1.90
3987 1934 166 23231.66 11.80 20.10 0.97 4.20 0.00
3987 1934 167 27657.59 6.30 23.40 0.76 3.10 0.00
3987 1934 168 22671.31 13.50 27.90 0.85 3.40 0.00
3987 1934 169 26536.01 15.50 32.50 1.00 4.40 0.80
3987 1934 170 19991.34 14.90 29.50 1.76 4.00 5.30
3987 1934 171 14348.09 15.60 21.90 1.28 6.10 0.10
3987 1934 172 20961.52 11.10 19.40 0.95 6.80 0.00
3987 1934 173 14000.27 11.70 21.40 1.20 6.20 2.00
3987 1934 174 24164.61 13.80 21.20 1.05 7.40 0.00
3987 1934 175 19992.22 9.50 25.40 1.21 5.00 3.90
3987 1934 176 10216.20 13.30 25.90 1.69 4.20 0.00
3987 1934 177 15748.68 15.60 26.20 1.76 3.60 1.40
3987 1934 178 17459.14 15.70 22.60 1.63 4.50 0.00
3987 1934 179 23866.12 10.90 28.60 1.60 2.70 0.40
3987 1934 180 22781.09 16.60 30.50 1.53 5.20 0.00
3987 1934 181 28013.63 15.70 32.00 1.33 3.90 0.00
3987 1934 182 22779.77 13.70 26.00 1.32 5.60 0.00
3987 1934 183 21547.93 10.90 25.90 1.32 5.10 0.00
3987 1934 184 12239.10 12.30 20.30 1.11 7.90 0.00
3987 1934 185 18951.76 10.70 22.90 1.12 7.50 0.00
3987 1934 186 25274.22 10.00 24.80 1.05 4.50 0.00
3987 1934 187 26256.68 10.10 26.60 1.11 4.40 0.00
3987 1934 188 28312.80 11.10 28.30 1.00 5.70 0.00
3987 1934 189 27866.67 11.30 29.60 1.23 4.50 0.00
3987 1934 190 22804.40 10.90 28.40 1.37 4.70 0.00
3987 1934 191 28210.46 11.10 28.70 1.27 4.50 0.00
3987 1934 192 25694.59 14.00 27.70 1.17 4.40 0.00
3987 1934 193 18313.06 13.60 24.00 1.12 4.80 0.00
3987 1934 194 13485.74 12.40 24.00 1.09 2.40 0.00
3987 1934 195 18419.52 11.30 26.40 1.35 2.40 0.00
3987 1934 196 25069.47 13.70 29.90 1.45 2.90 0.00
3987 1934 197 19925.27 15.00 24.20 1.53 4.90 0.00
3987 1934 198 26680.38 12.10 29.60 1.37 3.60 0.00
3987 1934 199 27019.27 15.20 31.40 1.33 2.60 0.00
3987 1934 200 21208.30 17.00 33.20 1.61 5.00 0.30
3987 1934 201 24320.46 13.60 26.40 1.25 3.50 0.20
3987 1934 202 20078.41 16.00 30.10 1.67 4.20 10.60
3987 1934 203 18630.99 17.00 30.60 1.75 3.30 0.00
3987 1934 204 10496.97 16.30 24.50 1.87 2.50 9.70
3987 1934 205 16924.10 16.10 25.30 1.55 5.30 0.00
3987 1934 206 25231.29 11.00 25.70 1.29 5.00 0.00
3987 1934 207 18856.31 14.10 23.90 1.48 6.10 11.20
3987 1934 208 17928.16 11.40 21.50 1.35 8.70 6.00
3987 1934 209 12688.25 11.20 19.50 1.35 8.10 4.00
3987 1934 210 12731.37 13.60 20.90 1.48 7.50 4.00
3987 1934 211 18349.46 13.90 24.70 1.48 4.50 0.00
3987 1934 212 25730.64 14.60 28.90 1.68 2.60 0.00
3987 1934 213 16008.69 15.50 23.70 1.85 4.70 0.60
3987 1934 214 18434.60 15.50 27.00 1.65 3.00 0.20
3987 1934 215 12296.84 16.40 23.00 1.87 3.20 15.60
3987 1934 216 9951.31 13.60 18.90 1.56 4.20 17.10
3987 1934 217 8740.35 12.50 19.30 1.27 7.40 2.60
3987 1934 218 9149.46 13.40 19.00 1.48 6.10 0.00
3987 1934 219 18320.24 15.80 25.90 1.65 4.10 0.00
3987 1934 220 24828.01 14.50 27.50 1.44 3.80 0.00
3987 1934 221 23191.20 13.80 28.50 1.43 4.10 0.00
3987 1934 222 14013.85 16.20 23.00 1.52 4.40 0.00
3987 1934 223 17778.10 12.30 24.20 1.37 5.20 0.50
3987 1934 224 17733.95 11.20 22.20 1.25 5.10 0.00
3987 1934 225 16753.93 12.70 21.90 1.31 4.70 0.00
3987 1934 226 13957.93 11.60 23.70 1.25 2.90 0.00
3987 1934 227 19475.03 10.80 24.20 1.35 3.80 0.00
3987 1934 228 19930.09 9.40 24.10 1.24 4.00 0.00
3987 1934 229 16926.79 14.40 23.40 1.39 5.00 0.00
3987 1934 230 16956.58 11.50 22.00 1.13 3.50 0.00
3987 1934 231 10866.84 9.60 21.20 1.39 4.10 1.00
3987 1934 232 21897.06 11.40 24.20 1.15 5.10 0.00
3987 1934 233 21741.69 15.00 24.90 1.31 5.00 0.00
3987 1934 234 19388.02 13.40 30.60 1.20 3.80 0.00
3987 1934 235 15152.80 18.00 30.40 1.56 4.20 20.40
3987 1934 236 17640.35 12.70 22.70 1.29 3.80 0.00
3987 1934 237 16758.58 12.50 25.00 1.15 2.70 0.00
3987 1934 238 18041.25 11.20 25.50 1.35 3.70 0.00
3987 1934 239 18224.01 11.40 23.40 1.33 5.40 1.80
3987 1934 240 7288.70 13.70 18.90 1.65 3.30 9.10
3987 1934 241 11953.33 14.60 24.10 1.75 3.60 15.10
3987 1934 242 10239.07 10.70 18.40 1.37 3.30 7.80
3987 1934 243 8368.65 7.80 16.60 1.29 3.60 2.20
3987 1934 244 7041.13 10.00 12.70 1.28 8.00 31.70
3987 1934 245 16536.50 7.80 19.40 1.05 4.50 0.00
3987 1934 246 19684.29 7.80 22.00 1.16 3.20 0.00
3987 1934 247 17008.98 11.40 24.20 1.36 2.00 0.00
3987 1934 248 11178.46 15.00 21.40 1.71 1.90 0.00
3987 1934 249 6630.50 14.40 18.20 1.72 3.10 6.10
3987 1934 250 14739.05 13.20 21.70 1.51 2.50 0.00
3987 1934 251 18602.39 11.70 23.50 1.39 2.70 0.00
3987 1934 252 17812.57 11.40 26.50 1.39 4.60 0.00
3987 1934 253 17474.21 12.00 25.90 1.52 4.00 0.00
3987 1934 254 17784.75 13.50 27.20 1.60 3.20 0.00
3987 1934 255 16839.06 15.40 28.40 1.48 4.00 0.00
3987 1934 256 16311.66 15.00 27.80 1.67 3.90 0.00
3987 1934 257 16483.13 13.40 25.20 1.43 5.00 0.00
3987 1934 258 16961.00 10.50 23.50 1.21 5.60 0.00
3987 1934 259 16476.11 9.50 27.00 1.25 4.70 0.00
3987 1934 260 14520.24 12.40 25.70 1.64 2.20 0.00
3987 1934 261 16211.52 14.20 28.40 1.56 3.50 0.00
3987 1934 262 16159.02 13.20 27.30 1.32 4.80 0.10
3987 1934 263 9071.34 14.20 21.50 1.37 4.30 0.50
3987 1934 264 8629.05 11.90 19.60 1.33 4.40 0.90
3987 1934 265 12898.53 9.30 19.20 1.04 4.10 0.60
3987 1934 266 9434.53 10.90 18.30 1.09 7.10 1.50
3987 1934 267 10403.45 8.00 17.40 0.96 5.30 0.00
3987 1934 268 10442.72 11.60 19.00 1.07 7.50 0.00
3987 1934 269 14740.43 5.80 19.90 0.91 4.20 0.00
3987 1934 270 7395.33 11.90 21.70 1.48 4.60 0.00
3987 1934 271 13706.64 8.30 22.20 1.23 2.70 0.00
3987 1934 272 14404.86 8.20 23.60 1.04 5.20 0.00
3987 1934 273 12115.14 8.60 24.50 1.36 4.40 0.80
3987 1934 274 5511.82 12.30 19.40 1.67 2.40 0.10
3987 1934 275 11390.02 11.40 23.90 1.52 4.10 0.20
3987 1934 276 7319.67 14.50 20.40 1.44 5.20 0.00
3987 1934 277 10004.97 12.10 23.40 1.36 5.60 4.90
3987 1934 278 6512.15 9.60 17.90 1.13 5.10 0.00
3987 1934 279 5955.53 6.40 15.40 1.11 3.60 0.10
3987 1934 280 12464.44 5.00 18.50 0.92 3.70 0.00
3987 1934 281 12461.21 5.90 19.20 0.91 4.50 0.00
3987 1934 282 7499.88 3.90 17.10 0.96 4.80 0.00
3987 1934 283 6398.92 5.50 12.20 0.93 4.00 0.00
3987 1934 284 8030.09 6.70 16.90 1.03 7.50 3.50
3987 1934 285 3982.36 9.00 15.30 1.37 9.60 1.20
3987 1934 286 9020.65 9.30 15.00 0.95 9.20 2.80
3987 1934 287 3869.44 7.20 13.00 1.11 8.80 14.90
3987 1934 288 4851.55 4.90 8.60 0.83 8.80 4.40
3987 1934 289 6086.26 4.50 9.70 0.79 5.40 1.20
3987 1934 290 4063.03 0.30 6.50 0.76 5.20 4.10
3987 1934 291 3636.74 -0.60 5.70 0.73 4.20 1.60
3987 1934 292 3544.98 1.90 12.30 1.07 5.80 1.90
3987 1934 293 5636.37 6.40 13.30 0.89 5.00 0.20
3987 1934 294 4088.57 6.70 15.50 1.19 4.30 0.00
3987 1934 295 8295.79 6.80 15.80 0.93 4.20 0.00
3987 1934 296 6041.72 3.70 13.20 0.99 3.90 1.20
3987 1934 297 6335.00 9.20 15.50 1.17 3.70 0.00
3987 1934 298 6822.15 8.10 17.90 1.11 4.90 0.00
3987 1934 299 6068.15 6.40 18.10 1.16 5.20 0.00
3987 1934 300 7565.18 11.10 16.80 1.03 6.00 0.00
3987 1934 301 4451.67 8.60 13.50 0.95 7.80 0.70
3987 1934 302 6270.27 5.50 11.70 0.77 5.70 0.00
3987 1934 303 8157.36 4.10 10.80 0.68 6.80 0.00
3987 1934 304 4067.82 3.30 13.50 0.88 6.20 8.40
3987 1934 305 5167.09 2.40 8.70 0.69 4.20 2.90
3987 1934 306 5874.66 0.20 5.40 0.64 4.90 0.80
3987 1934 307 4954.89 -0.30 7.30 0.63 4.70 0.00
3987 1934 308 4529.44 -2.60 5.70 0.55 6.10 0.20
3987 1934 309 6052.43 1.20 11.80 0.76 5.00 0.60
3987 1934 310 6776.13 3.00 16.20 0.89 5.40 6.30
3987 1934 311 2609.16 6.60 10.40 0.91 6.30 0.10
3987 1934 312 2456.10 2.00 8.00 0.85 3.80 20.50
3987 1934 313 3951.35 3.20 8.30 0.76 5.00 0.00
3987 1934 314 2480.86 -0.10 7.00 0.69 5.00 0.00
3987 1934 315 2329.70 1.40 6.10 0.77 4.30 0.00
3987 1934 316 2283.60 3.90 7.00 0.89 2.90 2.30
3987 1934 317 5865.11 -0.10 9.30 0.71 4.40 0.00
3987 1934 318 2421.56 -1.90 4.30 0.68 4.90 0.10
3987 1934 319 2830.39 2.10 7.90 0.85 4.30 0.10
3987 1934 320 2125.37 4.20 7.10 0.92 3.10 0.10
3987 1934 321 2087.07 5.40 7.50 0.95 4.80 4.70
3987 1934 322 2551.17 3.60 7.50 0.77 3.30 0.20
3987 1934 323 2027.34 1.00 5.60 0.71 4.10 0.00
3987 1934 324 2000.82 -2.10 1.70 0.60 1.60 0.10
3987 1934 325 1966.43 -1.20 2.20 0.64 2.00 0.10
3987 1934 326 1925.33 1.20 6.60 0.81 4.40 0.10
3987 1934 327 1897.58 1.90 6.60 0.79 6.40 0.60
3987 1934 328 1873.79 -1.70 3.30 0.68 3.00 0.50
3987 1934 329 1837.75 2.40 6.40 0.80 5.80 0.20
3987 1934 330 1809.27 4.80 6.60 0.80 7.70 1.90
3987 1934 331 1777.39 5.60 9.90 1.04 7.60 0.00
3987 1934 332 1752.92 7.60 9.60 0.96 6.80 0.00
3987 1934 333 1733.16 6.00 9.10 0.85 5.00 0.00
3987 1934 334 1713.53 3.10 7.50 0.80 3.90 0.00
3987 1934 335 4617.25 0.60 7.90 0.67 3.00 0.00
3987 1934 336 1677.61 1.30 3.80 0.64 3.60 11.10
3987 1934 337 1645.03 1.30 10.50 1.11 7.40 7.40
3987 1934 338 1624.34 8.70 10.40 1.21 4.20 3.00
3987 1934 339 2109.79 7.90 11.90 1.16 5.00 2.40
3987 1934 340 1803.06 6.40 10.20 1.03 3.70 0.00
3987 1934 341 1582.90 3.60 8.20 0.92 4.40 0.00
3987 1934 342 1566.65 4.30 9.60 1.03 3.10 0.30
3987 1934 343 3564.64 5.00 10.20 0.92 4.80 0.00
3987 1934 344 3467.88 1.40 7.60 0.76 4.80 0.10
3987 1934 345 3079.84 2.40 8.10 0.80 3.90 0.00
3987 1934 346 1523.91 3.60 6.40 0.85 3.60 0.00
3987 1934 347 2972.62 2.10 8.90 0.77 4.50 0.00
3987 1934 348 2035.44 0.70 6.70 0.77 4.30 0.10
3987 1934 349 2659.52 0.70 9.00 0.89 4.90 0.10
3987 1934 350 1493.61 5.00 7.30 0.91 3.70 0.00
3987 1934 351 1489.08 3.70 7.50 0.85 2.90 0.00
3987 1934 352 2206.43 0.40 5.80 0.79 3.40 0.20
3987 1934 353 1483.91 3.20 6.90 0.87 3.50 0.20
3987 1934 354 1801.49 3.00 6.20 0.83 4.20 0.20
3987 1934 355 1483.72 2.50 5.00 0.81 4.00 0.10
3987 1934 356 1489.39 0.00 2.90 0.64 5.00 0.00
3987 1934 357 1494.06 -2.30 0.60 0.47 5.30 0.00
3987 1934 358 1500.97 -4.60 -1.30 0.41 4.20 0.50
3987 1934 359 1505.27 -6.50 -3.80 0.39 2.80 0.00
3987 1934 360 1505.54 -4.10 -1.50 0.51 4.10 0.10
3987 1934 361 1509.37 -2.10 -0.40 0.55 5.40 6.40
3987 1934 362 1513.67 -1.80 0.80 0.61 5.50 0.10
3987 1934 363 1520.82 -0.40 1.10 0.61 7.00 0.00
3987 1934 364 1518.02 -0.20 7.80 0.83 6.20 0.40
3987 1934 365 1528.17 2.60 7.00 0.89 5.00 15.30
