*---------------------------------------------------------------------------*
* Station name: Potsdam Saekularstation
* Year: 1970
* Author: Pedro Alencar                                   -999.000: NIL VALUE
* Source: DWD
* Comments: Gaps filled with interpolation and storical means
* Longitude: 13.0622, latitude: 52.3812, altitude: 82.0 m.
*
    * Column  Daily value
    * 1       station number
    * 2       year
    * 3       day
    * 4       irradiation                   (kJ m-2 d-1)
    * 5       minimum temperature           (degrees Celsius
    * 6       maximum temperature           (degrees Celsius)
    * 7       early morning vapour pressure (kPa)
    * 8       mean wind speed (height: 2 m) (m s-1)
    * 9       precipitation                 (mm d-1)
    *
** WCCDESCRIPTION=Potsdam, Germany
** WCCFORMAT=2
** WCCYEARNR=1970
*---------------------------------------------------------------------------*
   13.0622 52.3812 82.0 -0.18 -0.55
3987 1970 1 1330.00 -15.50 -12.40 0.18 2.60 1.00
3987 1970 2 700.00 -13.40 -3.50 0.35 5.40 7.20
3987 1970 3 1100.00 -3.90 -0.10 0.53 4.60 3.90
3987 1970 4 3620.00 -7.20 0.20 0.40 5.20 0.00
3987 1970 5 1120.00 -11.00 -2.00 0.42 4.90 8.90
3987 1970 6 3130.00 -6.40 -0.50 0.45 4.10 0.00
3987 1970 7 2010.00 -11.10 -4.00 0.30 3.40 0.00
3987 1970 8 1800.00 -14.90 -8.00 0.22 2.00 0.00
3987 1970 9 2850.00 -13.80 -5.00 0.31 6.30 0.20
3987 1970 10 2490.00 -6.40 -0.30 0.39 5.20 0.00
3987 1970 11 3480.00 -5.10 4.10 0.52 5.00 0.00
3987 1970 12 2360.00 -3.00 1.30 0.54 4.50 0.00
3987 1970 13 2340.00 -3.50 3.30 0.57 3.90 0.00
3987 1970 14 2830.00 -2.40 2.30 0.54 3.10 0.00
3987 1970 15 950.00 -3.50 1.10 0.58 5.10 0.00
3987 1970 16 690.00 -5.20 1.10 0.51 5.00 8.50
3987 1970 17 1500.00 -7.90 -5.00 0.32 2.70 0.00
3987 1970 18 1530.00 -9.80 -5.50 0.31 1.20 0.10
3987 1970 19 1710.00 -17.40 -7.90 0.24 1.00 0.10
3987 1970 20 1720.00 -8.40 -3.40 0.33 1.60 0.10
3987 1970 21 1640.00 -11.10 -5.00 0.30 4.10 0.00
3987 1970 22 1490.00 -8.60 -6.40 0.31 5.40 0.00
3987 1970 23 1800.00 -8.50 -5.20 0.34 4.90 0.00
3987 1970 24 2740.00 -8.80 -1.70 0.40 5.00 0.00
3987 1970 25 3040.00 -3.20 2.30 0.50 4.30 0.00
3987 1970 26 2820.00 -2.70 4.50 0.58 4.30 5.00
3987 1970 27 520.00 -0.50 2.90 0.65 3.70 16.30
3987 1970 28 1920.00 -2.20 -0.20 0.51 4.50 0.70
3987 1970 29 2060.00 -3.60 -1.70 0.46 2.00 0.10
3987 1970 30 5850.00 -9.60 -3.50 0.33 4.80 0.00
3987 1970 31 5260.00 -14.60 -5.70 0.23 2.60 0.00
3987 1970 32 6110.00 -17.60 -7.50 0.20 3.00 0.00
3987 1970 33 5220.00 -17.90 -2.90 0.27 5.90 6.20
3987 1970 34 2730.00 -2.50 3.70 0.61 8.00 1.10
3987 1970 35 3300.00 2.00 5.40 0.60 7.80 0.10
3987 1970 36 3850.00 0.60 5.30 0.61 5.10 3.30
3987 1970 37 2770.00 -3.00 1.60 0.49 5.40 0.90
3987 1970 38 6040.00 -4.20 1.20 0.43 5.30 1.00
3987 1970 39 2340.00 -1.00 3.40 0.61 7.00 0.20
3987 1970 40 1610.00 -0.20 2.10 0.61 4.90 5.90
3987 1970 41 3160.00 -0.70 1.60 0.61 4.20 3.90
3987 1970 42 2310.00 -1.10 0.80 0.57 1.60 0.60
3987 1970 43 3300.00 -3.60 0.40 0.49 3.80 5.90
3987 1970 44 1850.00 -3.90 1.60 0.52 6.50 2.60
3987 1970 45 4590.00 -4.80 -1.10 0.35 2.90 0.10
3987 1970 46 7060.00 -10.50 -4.50 0.27 3.40 0.10
3987 1970 47 5220.00 -14.30 -2.90 0.32 4.10 0.40
3987 1970 48 5180.00 -6.90 -3.30 0.34 4.30 1.10
3987 1970 49 1450.00 -7.70 -2.40 0.41 4.50 2.70
3987 1970 50 7070.00 -11.50 -1.10 0.33 2.80 1.20
3987 1970 51 3940.00 -8.40 5.40 0.56 5.70 6.60
3987 1970 52 1420.00 0.50 2.30 0.62 5.90 1.20
3987 1970 53 1540.00 -0.50 1.20 0.62 3.20 12.30
3987 1970 54 2330.00 -1.30 0.90 0.57 4.60 5.70
3987 1970 55 3810.00 -3.40 -1.00 0.50 3.30 0.50
3987 1970 56 4020.00 -2.10 2.60 0.59 2.00 1.90
3987 1970 57 6980.00 -3.00 0.40 0.46 3.50 3.00
3987 1970 58 3150.00 -3.80 -1.40 0.47 4.50 3.50
3987 1970 59 5400.00 -4.90 -1.60 0.43 4.50 0.90
3987 1970 60 6070.00 -7.00 -0.40 0.43 5.60 9.80
3987 1970 61 4760.00 -1.40 2.00 0.56 4.50 0.60
3987 1970 62 6210.00 -6.50 3.00 0.48 4.10 0.60
3987 1970 63 7870.00 -7.90 1.80 0.46 3.10 7.50
3987 1970 64 2240.00 -1.50 0.00 0.58 5.10 13.40
3987 1970 65 5300.00 -1.70 1.40 0.54 9.20 2.80
3987 1970 66 11870.00 -4.70 4.40 0.44 4.90 0.00
3987 1970 67 10330.00 -7.00 3.40 0.43 4.30 0.00
3987 1970 68 12500.00 -3.50 4.90 0.42 4.30 0.00
3987 1970 69 12750.00 -8.30 6.90 0.39 4.50 0.00
3987 1970 70 12150.00 -6.80 5.80 0.47 4.70 0.00
3987 1970 71 7430.00 -0.60 4.80 0.59 3.50 0.00
3987 1970 72 8520.00 -0.60 4.20 0.52 2.30 0.00
3987 1970 73 12980.00 -5.40 3.60 0.46 3.80 0.00
3987 1970 74 13950.00 -8.20 2.70 0.43 2.80 0.20
3987 1970 75 2110.00 -2.20 0.60 0.60 3.40 0.10
3987 1970 76 5620.00 0.20 6.40 0.67 6.90 4.40
3987 1970 77 5440.00 2.30 5.90 0.72 6.90 2.30
3987 1970 78 8390.00 0.60 5.30 0.61 8.30 0.20
3987 1970 79 9760.00 1.20 5.40 0.61 8.20 4.00
3987 1970 80 12650.00 1.70 10.30 0.69 6.50 0.20
3987 1970 81 7640.00 3.30 10.50 0.74 6.10 0.00
3987 1970 82 14430.00 -0.50 10.50 0.62 3.20 0.00
3987 1970 83 12110.00 -1.70 6.50 0.60 5.90 6.00
3987 1970 84 2350.00 0.10 4.40 0.61 5.40 1.60
3987 1970 85 10520.00 -0.80 6.20 0.50 5.20 0.10
3987 1970 86 10850.00 -0.60 5.50 0.53 5.20 2.10
3987 1970 87 10390.00 -1.90 3.20 0.51 7.10 5.50
3987 1970 88 12150.00 -5.00 3.70 0.49 7.30 0.50
3987 1970 89 4780.00 0.50 7.40 0.69 7.00 0.80
3987 1970 90 5190.00 4.50 11.70 0.82 5.30 5.50
3987 1970 91 10230.00 1.50 7.60 0.68 6.90 0.60
3987 1970 92 12460.00 -0.90 7.00 0.52 5.80 0.00
3987 1970 93 14510.00 -3.90 6.10 0.52 3.50 0.20
3987 1970 94 12350.00 -1.80 4.10 0.49 5.40 0.30
3987 1970 95 5000.00 -2.10 2.70 0.55 7.30 7.40
3987 1970 96 12430.00 -1.10 7.60 0.54 6.50 1.70
3987 1970 97 5730.00 0.60 8.00 0.63 5.80 0.60
3987 1970 98 13210.00 -2.60 8.70 0.53 2.60 0.00
3987 1970 99 3000.00 1.50 7.40 0.70 4.50 22.20
3987 1970 100 3440.00 -0.50 2.70 0.61 10.00 7.40
3987 1970 101 6880.00 0.40 4.40 0.64 7.90 2.80
3987 1970 102 7910.00 -0.30 5.00 0.65 4.10 0.50
3987 1970 103 17550.00 -1.10 11.30 0.64 5.80 0.00
3987 1970 104 15430.00 -1.40 10.00 0.57 3.20 0.00
3987 1970 105 17760.00 -1.10 10.90 0.60 2.50 0.00
3987 1970 106 3810.00 5.00 10.20 0.99 4.70 9.50
3987 1970 107 11130.00 10.10 17.80 1.22 5.30 0.50
3987 1970 108 6290.00 10.00 15.50 1.25 3.70 3.30
3987 1970 109 12480.00 6.40 15.90 0.86 2.70 0.90
3987 1970 110 6500.00 5.60 13.20 0.86 4.00 3.30
3987 1970 111 15580.00 1.10 13.80 0.69 6.70 2.80
3987 1970 112 2490.00 7.60 12.80 1.07 6.90 5.10
3987 1970 113 6180.00 9.90 14.90 1.04 6.50 0.40
3987 1970 114 12030.00 8.70 13.60 0.97 5.20 1.00
3987 1970 115 8670.00 6.70 15.50 1.00 5.40 2.50
3987 1970 116 7200.00 7.10 13.30 0.94 4.30 0.10
3987 1970 117 7620.00 5.30 11.00 0.84 4.30 0.80
3987 1970 118 17750.00 2.60 11.20 0.66 4.90 0.00
3987 1970 119 6760.00 0.50 7.60 0.69 5.80 2.20
3987 1970 120 11460.00 0.60 6.30 0.70 4.50 5.10
3987 1970 121 7840.00 0.00 6.70 0.68 3.40 4.50
3987 1970 122 19380.00 3.40 12.40 0.70 3.30 0.00
3987 1970 123 19180.00 4.50 14.70 0.76 2.30 0.00
3987 1970 124 18670.00 3.60 16.40 0.83 3.00 0.00
3987 1970 125 20640.00 6.10 19.40 0.82 5.40 0.00
3987 1970 126 21350.00 8.30 25.70 1.21 5.50 0.00
3987 1970 127 20140.00 13.10 24.70 1.16 4.60 0.00
3987 1970 128 21660.00 11.00 26.50 1.14 5.70 0.00
3987 1970 129 24050.00 13.50 25.20 1.25 4.30 0.00
3987 1970 130 25970.00 12.10 25.00 1.17 5.90 0.00
3987 1970 131 9360.00 11.50 21.50 1.27 5.80 5.60
3987 1970 132 5770.00 8.50 11.80 1.15 2.90 3.90
3987 1970 133 8780.00 9.30 13.50 1.16 3.80 0.10
3987 1970 134 9510.00 9.80 13.80 1.19 5.30 0.50
3987 1970 135 10840.00 7.70 15.90 1.12 2.70 0.00
3987 1970 136 17310.00 7.00 19.70 1.02 3.60 0.00
3987 1970 137 28380.00 3.00 19.60 0.65 4.50 0.00
3987 1970 138 25640.00 4.60 21.80 0.87 3.50 0.00
3987 1970 139 15110.00 6.60 19.90 1.13 4.20 4.60
3987 1970 140 18580.00 7.00 17.30 0.98 4.60 0.10
3987 1970 141 11720.00 8.20 16.00 1.04 5.50 2.20
3987 1970 142 21220.00 5.70 13.40 0.87 7.10 1.60
3987 1970 143 18120.00 5.50 14.70 0.73 6.40 0.20
3987 1970 144 20730.00 3.60 18.70 0.81 3.00 0.00
3987 1970 145 24160.00 7.00 22.50 0.94 3.20 2.40
3987 1970 146 18190.00 11.40 19.60 1.18 5.50 5.90
3987 1970 147 9980.00 7.80 15.70 1.11 5.30 14.10
3987 1970 148 12160.00 8.70 15.80 1.17 2.30 3.40
3987 1970 149 20580.00 6.80 17.60 1.10 1.90 0.00
3987 1970 150 15300.00 7.70 20.30 1.16 3.70 2.00
3987 1970 151 6130.00 7.80 15.80 1.19 4.80 0.70
3987 1970 152 13740.00 8.50 17.30 1.07 6.50 4.50
3987 1970 153 16610.00 7.20 16.30 0.91 6.30 0.00
3987 1970 154 19600.00 6.90 19.70 0.96 3.20 0.00
3987 1970 155 23100.00 6.80 19.70 0.96 3.90 2.00
3987 1970 156 21830.00 9.40 23.70 1.36 3.90 0.00
3987 1970 157 28160.00 12.80 27.30 1.50 3.40 2.10
3987 1970 158 25200.00 12.20 26.40 1.44 4.20 0.00
3987 1970 159 29490.00 14.50 27.80 1.45 5.20 0.00
3987 1970 160 27060.00 15.10 29.10 1.56 4.40 0.00
3987 1970 161 18180.00 16.90 27.80 1.84 3.30 4.10
3987 1970 162 25520.00 13.00 26.90 1.54 4.20 0.00
3987 1970 163 29540.00 13.60 23.90 1.21 6.90 0.00
3987 1970 164 25160.00 9.20 20.30 0.98 5.20 0.00
3987 1970 165 22010.00 8.60 20.80 1.11 2.70 0.00
3987 1970 166 27410.00 10.00 24.90 1.20 2.10 0.00
3987 1970 167 21640.00 11.80 26.80 1.20 4.30 0.00
3987 1970 168 28150.00 13.90 27.70 1.13 3.80 0.00
3987 1970 169 27680.00 11.30 24.90 1.07 4.40 0.00
3987 1970 170 29180.00 11.70 28.10 1.18 3.20 0.00
3987 1970 171 29620.00 13.20 31.20 1.11 2.10 0.00
3987 1970 172 27770.00 14.80 31.10 1.45 2.30 0.00
3987 1970 173 24870.00 16.70 31.50 1.61 2.90 0.90
3987 1970 174 18800.00 16.30 28.60 1.81 2.40 3.00
3987 1970 175 24050.00 15.60 26.40 1.75 2.70 0.60
3987 1970 176 11300.00 16.30 24.60 1.76 4.00 0.00
3987 1970 177 26420.00 14.00 24.10 1.30 2.60 0.00
3987 1970 178 29180.00 11.80 29.20 1.26 3.90 0.00
3987 1970 179 23250.00 16.10 31.90 1.73 3.90 12.00
3987 1970 180 8950.00 12.50 27.70 1.60 4.40 6.90
3987 1970 181 23010.00 12.30 19.70 1.18 4.50 0.00
3987 1970 182 14870.00 8.20 18.40 1.09 4.60 8.80
3987 1970 183 14540.00 11.40 17.40 1.28 4.70 4.20
3987 1970 184 18060.00 10.10 17.10 1.24 6.10 0.80
3987 1970 185 14460.00 11.60 18.10 1.23 4.90 0.80
3987 1970 186 15870.00 11.00 21.30 1.32 3.60 0.00
3987 1970 187 28880.00 12.60 24.90 1.32 2.90 0.00
3987 1970 188 24920.00 14.60 28.40 1.59 2.60 0.00
3987 1970 189 25250.00 17.00 31.70 1.70 4.20 0.00
3987 1970 190 16020.00 17.60 29.10 1.88 3.60 0.00
3987 1970 191 18450.00 16.90 27.90 1.53 4.60 0.00
3987 1970 192 14310.00 12.80 23.70 1.22 3.80 0.00
3987 1970 193 17640.00 12.00 23.40 1.37 4.10 0.00
3987 1970 194 25330.00 15.60 27.90 1.52 4.00 0.00
3987 1970 195 14770.00 14.40 26.40 1.46 4.20 8.60
3987 1970 196 12790.00 9.70 16.50 1.25 6.50 4.40
3987 1970 197 10460.00 11.10 16.30 1.31 5.00 0.00
3987 1970 198 25790.00 8.60 20.90 1.09 5.00 0.00
3987 1970 199 20410.00 10.70 20.70 1.22 5.60 0.00
3987 1970 200 18140.00 13.30 21.60 1.48 4.70 1.50
3987 1970 201 10410.00 13.90 19.40 1.56 5.10 1.50
3987 1970 202 20100.00 9.80 19.90 1.03 6.10 0.00
3987 1970 203 19680.00 9.40 21.30 1.16 3.60 0.00
3987 1970 204 20420.00 10.30 24.00 1.20 2.40 0.00
3987 1970 205 22650.00 13.50 28.40 1.36 3.30 0.10
3987 1970 206 16000.00 15.70 24.60 1.46 5.60 2.40
3987 1970 207 5990.00 9.60 16.00 1.36 6.10 5.10
3987 1970 208 6940.00 9.40 16.70 1.42 2.80 0.60
3987 1970 209 16400.00 12.70 27.10 1.65 3.70 0.00
3987 1970 210 17390.00 17.70 25.80 1.99 4.00 3.80
3987 1970 211 23830.00 14.70 25.20 1.54 2.30 0.00
3987 1970 212 24960.00 14.10 29.00 1.60 3.10 6.90
3987 1970 213 14500.00 16.80 26.30 1.97 3.20 0.00
3987 1970 214 10600.00 17.00 25.90 1.72 3.30 0.00
3987 1970 215 18790.00 16.30 26.50 1.81 3.50 6.40
3987 1970 216 15410.00 13.80 24.70 1.78 2.00 0.00
3987 1970 217 23370.00 13.70 26.60 1.70 2.20 0.00
3987 1970 218 23320.00 14.20 27.50 1.66 2.00 0.00
3987 1970 219 18990.00 16.20 28.20 1.77 2.00 0.00
3987 1970 220 8820.00 15.50 25.00 1.74 1.90 0.70
3987 1970 221 17530.00 17.00 26.90 1.80 2.60 0.00
3987 1970 222 10910.00 14.30 23.50 1.63 3.30 0.40
3987 1970 223 14210.00 15.20 20.40 1.44 5.40 0.00
3987 1970 224 18400.00 10.60 20.70 1.13 5.70 0.00
3987 1970 225 23370.00 9.30 23.30 1.16 1.70 0.00
3987 1970 226 19640.00 10.40 28.30 1.45 3.80 0.10
3987 1970 227 20490.00 13.20 21.90 1.26 3.00 0.00
3987 1970 228 15880.00 10.50 26.30 1.38 4.30 2.40
3987 1970 229 10260.00 14.40 21.50 1.50 4.00 0.00
3987 1970 230 17790.00 8.10 21.30 1.12 3.00 0.00
3987 1970 231 18970.00 9.50 25.50 1.14 4.40 0.00
3987 1970 232 18220.00 12.10 29.30 1.47 4.30 0.00
3987 1970 233 6370.00 14.80 24.40 1.76 3.10 8.40
3987 1970 234 5400.00 13.80 17.80 1.47 3.50 0.00
3987 1970 235 14860.00 11.30 22.30 1.36 3.50 0.00
3987 1970 236 15370.00 11.70 25.30 1.47 3.00 3.30
3987 1970 237 15670.00 10.20 24.00 1.35 2.60 0.00
3987 1970 238 21990.00 10.20 23.40 1.30 3.30 0.00
3987 1970 239 19340.00 10.60 24.20 1.27 1.20 0.00
3987 1970 240 15640.00 14.10 25.30 1.33 2.20 0.00
3987 1970 241 16940.00 11.90 25.90 1.33 2.70 0.00
3987 1970 242 16520.00 12.80 26.30 1.41 2.30 0.00
3987 1970 243 16950.00 12.40 26.40 1.29 3.30 0.00
3987 1970 244 6940.00 14.70 21.50 1.54 4.10 0.40
3987 1970 245 17710.00 9.10 20.80 1.11 3.90 0.00
3987 1970 246 12360.00 10.20 21.80 1.24 4.50 0.00
3987 1970 247 7290.00 11.90 19.60 1.30 5.40 0.00
3987 1970 248 11500.00 12.70 18.40 1.33 8.70 4.80
3987 1970 249 9850.00 10.90 16.30 1.20 8.20 4.40
3987 1970 250 18010.00 7.50 18.60 1.06 4.00 0.00
3987 1970 251 13270.00 6.60 24.30 1.33 5.50 2.50
3987 1970 252 13430.00 14.30 23.10 1.56 5.30 0.00
3987 1970 253 15600.00 14.40 29.60 1.69 4.20 2.30
3987 1970 254 5780.00 11.50 24.90 1.46 3.10 14.00
3987 1970 255 13740.00 8.00 20.10 1.20 4.50 0.00
3987 1970 256 11290.00 11.10 16.60 1.15 6.70 2.60
3987 1970 257 5770.00 7.60 17.90 1.32 6.80 1.30
3987 1970 258 16520.00 12.60 26.00 1.54 4.40 0.00
3987 1970 259 8320.00 11.60 19.80 1.34 7.30 0.60
3987 1970 260 11950.00 9.60 17.30 1.16 5.90 0.90
3987 1970 261 12620.00 12.00 22.10 1.39 3.40 0.00
3987 1970 262 13510.00 9.80 23.00 1.47 1.60 0.00
3987 1970 263 11820.00 11.20 21.30 1.41 1.70 0.00
3987 1970 264 4530.00 11.60 17.40 1.39 4.80 0.00
3987 1970 265 16090.00 6.10 18.00 0.95 2.60 0.00
3987 1970 266 14280.00 5.00 15.90 0.90 3.10 0.00
3987 1970 267 9480.65 2.70 15.20 0.87 3.40 0.00
3987 1970 268 2710.00 5.80 13.50 1.15 3.50 0.40
3987 1970 269 13830.00 4.30 14.80 0.88 2.20 0.00
3987 1970 270 15410.00 1.80 16.20 0.80 3.60 0.00
3987 1970 271 15340.00 2.60 15.10 0.73 4.10 0.00
3987 1970 272 14250.00 0.10 17.20 0.67 3.90 0.00
3987 1970 273 2190.00 4.70 17.10 1.04 4.50 13.20
3987 1970 274 7150.00 8.60 14.40 1.14 4.90 0.10
3987 1970 275 3600.00 7.70 13.20 1.07 6.30 8.10
3987 1970 276 3620.00 4.70 9.70 0.96 8.00 6.90
3987 1970 277 3550.00 5.50 12.40 1.08 5.30 3.30
3987 1970 278 2620.00 7.10 14.80 1.27 4.90 3.20
3987 1970 279 11420.00 11.70 19.80 1.47 4.50 0.00
3987 1970 280 11070.00 10.20 23.40 1.46 2.90 0.00
3987 1970 281 7880.00 10.40 20.10 1.42 2.00 0.00
3987 1970 282 6630.00 10.50 18.00 1.35 3.00 0.00
3987 1970 283 1250.00 12.00 13.80 1.46 1.80 0.00
3987 1970 284 1400.00 11.60 13.60 1.39 2.30 0.00
3987 1970 285 9180.00 9.00 16.80 1.11 3.50 0.00
3987 1970 286 2300.00 5.30 9.30 0.96 1.30 0.00
3987 1970 287 2560.00 7.00 10.80 0.96 2.80 0.00
3987 1970 288 8200.00 1.10 11.40 0.74 1.70 0.30
3987 1970 289 2130.00 6.70 10.60 1.07 2.10 0.00
3987 1970 290 3870.00 7.90 11.40 1.12 1.20 0.00
3987 1970 291 6660.00 4.40 13.10 0.93 4.90 0.00
3987 1970 292 1670.00 7.00 11.80 0.89 7.60 1.50
3987 1970 293 4200.00 4.30 9.80 0.81 4.80 0.10
3987 1970 294 4450.00 1.50 8.50 0.78 3.00 0.80
3987 1970 295 5510.00 2.70 9.80 0.80 4.40 0.40
3987 1970 296 3500.00 1.70 7.80 0.73 2.70 0.50
3987 1970 297 4370.00 0.00 7.30 0.80 3.90 6.10
3987 1970 298 2000.00 6.10 11.20 1.15 6.80 0.30
3987 1970 299 1460.00 7.50 11.00 1.03 7.70 7.70
3987 1970 300 4800.00 4.10 8.90 0.81 5.70 4.40
3987 1970 301 1030.00 1.80 11.30 0.93 7.40 2.30
3987 1970 302 5710.00 6.10 11.20 0.80 6.10 0.00
3987 1970 303 2180.00 6.70 13.10 1.14 7.60 6.70
3987 1970 304 2100.00 8.60 14.90 1.24 6.30 4.90
3987 1970 305 2320.00 9.70 15.10 1.17 10.00 0.00
3987 1970 306 1460.00 7.50 12.10 1.02 5.30 6.50
3987 1970 307 1080.00 7.30 14.40 1.16 7.90 11.40
3987 1970 308 3070.00 7.90 11.50 0.96 10.00 2.70
3987 1970 309 2990.00 6.10 10.60 0.91 8.10 4.50
3987 1970 310 5170.00 2.60 6.90 0.70 4.60 4.90
3987 1970 311 7440.00 -4.60 3.00 0.48 2.60 0.00
3987 1970 312 4530.00 -4.70 1.40 0.51 3.50 1.10
3987 1970 313 1730.00 -0.50 7.20 0.80 9.30 6.90
3987 1970 314 3470.00 1.70 7.20 0.67 7.70 0.10
3987 1970 315 1500.00 1.60 9.10 0.86 5.00 5.40
3987 1970 316 3200.00 8.20 13.50 1.00 6.80 0.60
3987 1970 317 4500.00 4.40 10.60 0.89 4.90 0.00
3987 1970 318 1080.00 -0.80 5.10 0.73 3.30 5.30
3987 1970 319 3420.00 1.30 6.50 0.76 3.60 0.00
3987 1970 320 2010.00 -0.10 4.30 0.70 3.10 0.10
3987 1970 321 4240.00 -0.90 5.80 0.64 3.80 0.30
3987 1970 322 1710.00 1.70 10.80 0.94 5.90 2.50
3987 1970 323 1540.00 8.10 11.40 1.07 6.00 0.00
3987 1970 324 4070.00 4.30 11.20 0.89 3.60 0.00
3987 1970 325 1760.00 1.50 6.90 0.79 4.10 0.70
3987 1970 326 660.00 3.90 5.40 0.82 3.70 1.80
3987 1970 327 1070.00 3.20 5.20 0.76 4.00 0.00
3987 1970 328 4460.00 -0.60 7.60 0.65 4.20 0.00
3987 1970 329 4050.00 -1.80 6.70 0.61 4.80 0.00
3987 1970 330 2070.00 -0.80 9.30 0.79 4.90 0.30
3987 1970 331 620.00 5.10 8.80 0.90 2.20 0.20
3987 1970 332 740.00 2.70 5.50 0.79 2.60 0.00
3987 1970 333 1370.00 1.60 7.60 0.81 4.40 2.30
3987 1970 334 2480.00 7.40 12.10 1.03 4.80 0.00
3987 1970 335 2480.00 4.10 10.20 0.89 4.20 0.40
3987 1970 336 1720.00 5.30 7.80 0.88 5.40 2.80
3987 1970 337 480.00 3.90 8.20 0.82 8.40 5.40
3987 1970 338 2060.00 -1.20 4.10 0.63 4.10 5.30
3987 1970 339 1670.00 0.40 7.00 0.84 5.50 0.10
3987 1970 340 2530.00 2.40 7.20 0.75 6.10 0.00
3987 1970 341 1620.00 1.60 6.40 0.76 5.40 0.40
3987 1970 342 2820.00 1.30 5.30 0.70 5.40 0.00
3987 1970 343 1636.34 2.90 7.00 0.84 6.00 0.20
3987 1970 344 610.00 4.50 7.00 0.88 4.10 0.00
3987 1970 345 480.00 4.70 6.80 0.88 1.70 0.00
3987 1970 346 560.00 0.00 5.80 0.62 1.60 0.00
3987 1970 347 740.00 -1.80 3.10 0.63 2.60 0.00
3987 1970 348 980.00 1.10 5.50 0.75 5.80 0.90
3987 1970 349 940.00 0.40 3.80 0.66 3.70 0.10
3987 1970 350 930.00 -0.90 1.60 0.62 2.80 0.00
3987 1970 351 2610.00 -2.00 2.10 0.56 3.40 1.70
3987 1970 352 940.00 -0.70 4.00 0.71 4.00 0.00
3987 1970 353 1110.00 1.30 4.40 0.72 3.10 0.00
3987 1970 354 1110.00 2.50 8.00 0.87 5.50 0.50
3987 1970 355 1760.00 -0.10 6.30 0.64 6.50 1.30
3987 1970 356 3330.00 -4.50 1.00 0.50 3.30 0.10
3987 1970 357 1480.00 -3.60 -0.70 0.49 1.80 0.00
3987 1970 358 2210.00 -5.90 -1.20 0.44 3.60 0.00
3987 1970 359 2430.00 -5.00 -0.50 0.44 2.80 0.00
3987 1970 360 1280.00 -5.90 -2.60 0.35 3.60 0.30
3987 1970 361 980.00 -8.20 -4.00 0.37 3.30 0.00
3987 1970 362 610.00 -4.80 -2.40 0.44 6.80 7.20
3987 1970 363 1330.00 -3.30 -2.10 0.48 2.00 0.30
3987 1970 364 560.00 -3.80 -1.70 0.48 2.80 1.20
3987 1970 365 1930.00 -10.70 -2.20 0.30 3.50 0.00
