*---------------------------------------------------------------------------*
* Station name: Potsdam Saekularstation
* Year: 1925
* Author: Pedro Alencar                                   -999.000: NIL VALUE
* Source: DWD
* Comments: Gaps filled with interpolation and storical means
* Longitude: 13.0622, latitude: 52.3812, altitude: 82.0 m.
*
    * Column  Daily value
    * 1       station number
    * 2       year
    * 3       day
    * 4       irradiation                   (kJ m-2 d-1)
    * 5       minimum temperature           (degrees Celsius
    * 6       maximum temperature           (degrees Celsius)
    * 7       early morning vapour pressure (kPa)
    * 8       mean wind speed (height: 2 m) (m s-1)
    * 9       precipitation                 (mm d-1)
    *
** WCCDESCRIPTION=Potsdam, Germany
** WCCFORMAT=2
** WCCYEARNR=1925
*---------------------------------------------------------------------------*
   13.0622 52.3812 82.0 -0.18 -0.55
3987 1925 1 1953.00 1.50 5.00 0.64 7.70 1.00
3987 1925 2 1550.93 3.40 7.90 0.83 10.10 7.20
3987 1925 3 1559.24 6.40 9.80 1.01 8.60 3.50
3987 1925 4 1572.09 6.00 11.70 0.92 9.00 1.40
3987 1925 5 1758.48 5.10 8.50 0.68 8.80 0.00
3987 1925 6 2290.23 0.50 5.70 0.63 9.10 0.40
3987 1925 7 1672.83 0.10 4.70 0.69 10.60 3.00
3987 1925 8 1643.91 4.20 6.30 0.73 8.80 0.10
3987 1925 9 2441.87 -0.50 4.90 0.57 7.90 2.50
3987 1925 10 4337.65 0.80 5.70 0.67 8.70 0.00
3987 1925 11 1707.98 1.60 4.10 0.73 8.00 0.00
3987 1925 12 1730.27 3.20 4.40 0.76 4.60 0.20
3987 1925 13 3451.19 0.70 5.60 0.64 3.80 0.00
3987 1925 14 4939.06 -2.40 5.50 0.51 6.30 0.00
3987 1925 15 2208.73 0.40 7.10 0.63 7.90 8.00
3987 1925 16 3484.07 0.30 6.70 0.71 4.90 0.00
3987 1925 17 1862.80 -1.30 2.60 0.65 4.10 0.20
3987 1925 18 1887.89 1.20 3.30 0.69 3.10 0.00
3987 1925 19 1914.92 3.30 4.40 0.76 3.80 0.10
3987 1925 20 4345.93 -0.30 6.10 0.64 4.30 0.00
3987 1925 21 4272.15 -2.40 2.60 0.52 5.10 0.10
3987 1925 22 5745.73 -4.40 4.50 0.43 5.30 0.00
3987 1925 23 3782.31 -2.30 7.10 0.55 5.00 0.00
3987 1925 24 2086.44 -0.50 2.80 0.65 2.10 5.30
3987 1925 25 2121.85 0.80 2.90 0.69 2.10 0.20
3987 1925 26 2166.81 -1.70 2.10 0.55 4.20 0.20
3987 1925 27 2212.58 -4.40 -1.70 0.43 4.80 0.80
3987 1925 28 2240.38 -3.80 3.70 0.64 5.20 1.30
3987 1925 29 2275.78 -1.30 6.00 0.67 6.20 7.90
3987 1925 30 3331.35 2.00 5.60 0.69 9.30 1.70
3987 1925 31 2343.74 4.10 9.40 0.95 10.60 0.60
3987 1925 32 2514.79 1.10 8.80 0.65 11.40 1.70
3987 1925 33 5228.99 0.80 6.30 0.61 7.10 1.60
3987 1925 34 2544.98 2.20 5.70 0.83 7.40 0.90
3987 1925 35 3104.88 2.60 8.00 0.80 7.60 0.60
3987 1925 36 3848.01 0.00 7.60 0.71 7.20 0.00
3987 1925 37 2625.06 6.70 8.40 0.72 8.80 3.10
3987 1925 38 3224.77 0.60 7.00 0.69 6.90 2.30
3987 1925 39 4777.87 1.00 5.70 0.53 7.70 4.50
3987 1925 40 4586.18 2.50 9.80 0.79 9.00 8.40
3987 1925 41 6547.79 3.90 9.80 0.75 9.70 0.00
3987 1925 42 6272.37 4.70 13.30 0.76 7.10 0.00
3987 1925 43 4620.77 4.70 15.80 0.73 6.40 0.20
3987 1925 44 6298.67 1.80 10.60 0.77 4.70 0.00
3987 1925 45 5933.63 1.80 13.50 0.77 4.60 0.00
3987 1925 46 3236.62 2.90 10.10 0.77 5.80 0.00
3987 1925 47 3238.80 4.70 9.80 0.64 4.80 0.00
3987 1925 48 6169.87 1.00 10.00 0.65 4.80 3.30
3987 1925 49 5867.65 2.00 7.60 0.67 6.50 1.00
3987 1925 50 4043.78 2.40 6.80 0.67 7.60 0.30
3987 1925 51 3435.09 0.70 4.00 0.64 4.10 0.00
3987 1925 52 3509.75 -1.80 0.70 0.49 4.20 0.00
3987 1925 53 4575.67 -4.10 -0.30 0.41 5.50 3.10
3987 1925 54 3646.58 -3.40 -0.60 0.47 3.80 0.90
3987 1925 55 9886.62 -5.70 4.60 0.47 4.20 0.00
3987 1925 56 8727.25 -2.10 10.10 0.57 5.60 0.00
3987 1925 57 9943.17 -0.30 10.40 0.59 6.10 0.40
3987 1925 58 7154.26 3.30 12.20 0.71 6.40 0.00
3987 1925 59 8550.95 3.70 11.90 0.65 6.00 0.00
3987 1925 60 6616.53 -0.60 11.70 0.64 4.00 0.00
3987 1925 61 4486.24 0.50 5.80 0.67 4.40 0.00
3987 1925 62 4166.67 0.00 4.80 0.56 6.40 0.00
3987 1925 63 12266.24 -2.40 6.00 0.44 4.20 0.10
3987 1925 64 6294.78 -1.50 7.40 0.69 7.70 0.70
3987 1925 65 4771.11 4.10 7.60 0.76 11.60 0.10
3987 1925 66 5094.32 3.70 8.60 0.71 9.60 0.00
3987 1925 67 5772.65 0.60 4.50 0.67 8.00 5.90
3987 1925 68 10283.72 -1.00 5.50 0.49 8.70 4.70
3987 1925 69 7824.67 -2.10 1.10 0.52 7.30 1.80
3987 1925 70 7948.93 -4.50 1.80 0.37 5.00 0.80
3987 1925 71 10961.91 -10.40 -0.70 0.25 3.60 0.00
3987 1925 72 10000.56 -10.00 0.10 0.35 6.20 12.40
3987 1925 73 6316.42 -3.20 2.20 0.56 4.70 5.50
3987 1925 74 7305.55 -4.70 0.10 0.48 5.20 1.90
3987 1925 75 11796.08 -9.00 0.50 0.27 4.10 0.00
3987 1925 76 5322.86 -6.40 1.20 0.47 4.50 0.00
3987 1925 77 7299.76 -5.20 5.00 0.51 2.50 0.40
3987 1925 78 5366.81 -0.20 4.70 0.60 4.80 0.00
3987 1925 79 5434.07 2.00 6.80 0.73 4.10 8.50
3987 1925 80 5527.60 0.60 3.60 0.65 4.50 1.20
3987 1925 81 15156.00 -2.40 7.30 0.44 3.30 0.00
3987 1925 82 13401.92 -2.30 7.80 0.43 3.00 0.00
3987 1925 83 12301.05 -2.00 8.80 0.52 3.70 0.00
3987 1925 84 9156.95 -0.80 11.50 0.64 4.00 0.00
3987 1925 85 5876.79 2.90 8.70 0.84 5.20 0.00
3987 1925 86 9111.11 6.20 17.00 0.99 4.60 0.10
3987 1925 87 6067.16 1.60 8.00 0.65 5.50 1.10
3987 1925 88 14436.06 -1.20 8.30 0.51 7.60 0.90
3987 1925 89 8183.92 0.00 8.70 0.67 4.00 0.10
3987 1925 90 6269.72 2.80 9.30 0.71 4.00 0.00
3987 1925 91 15207.77 2.50 16.30 0.72 5.80 0.00
3987 1925 92 10525.67 5.10 15.10 0.80 4.70 0.50
3987 1925 93 11139.51 5.40 18.00 0.84 5.50 4.50
3987 1925 94 15701.52 2.80 9.70 0.52 4.30 0.00
3987 1925 95 19378.85 -0.30 14.90 0.59 7.30 0.00
3987 1925 96 19595.29 1.50 17.30 0.51 8.20 0.00
3987 1925 97 20063.73 1.40 15.80 0.45 8.80 0.00
3987 1925 98 19968.92 2.40 18.10 0.44 7.90 0.00
3987 1925 99 18432.86 2.70 17.70 0.51 6.20 0.00
3987 1925 100 13388.66 3.90 19.20 0.57 6.80 0.00
3987 1925 101 19923.97 6.00 19.70 0.59 6.60 0.00
3987 1925 102 19734.28 5.60 20.40 0.61 6.10 0.00
3987 1925 103 20628.93 5.90 21.00 0.60 3.80 0.00
3987 1925 104 8171.74 6.30 12.10 0.91 3.80 2.50
3987 1925 105 12478.19 3.70 11.70 0.93 6.00 7.60
3987 1925 106 12369.04 5.00 9.90 0.72 7.50 1.70
3987 1925 107 11267.01 3.40 11.30 0.80 7.50 4.30
3987 1925 108 15477.62 4.10 15.00 0.68 5.80 0.20
3987 1925 109 9960.41 6.80 15.70 0.96 4.60 0.50
3987 1925 110 21447.06 3.70 14.30 0.63 4.00 0.00
3987 1925 111 17844.55 2.30 12.30 0.68 4.60 0.20
3987 1925 112 11121.60 2.00 14.20 0.68 3.30 0.00
3987 1925 113 19512.85 2.80 18.00 0.63 6.40 0.00
3987 1925 114 14277.14 6.90 15.70 0.89 4.50 5.60
3987 1925 115 8092.34 5.30 9.70 0.83 2.60 0.30
3987 1925 116 8167.31 3.40 6.70 0.87 3.30 13.30
3987 1925 117 14131.79 3.40 12.40 0.77 4.80 0.00
3987 1925 118 19264.59 1.40 12.60 0.64 3.90 0.00
3987 1925 119 8354.28 2.80 8.30 0.84 3.80 2.60
3987 1925 120 20671.91 2.50 14.40 0.76 3.80 0.50
3987 1925 121 10851.52 5.00 14.80 0.95 5.30 3.50
3987 1925 122 9554.90 4.80 12.20 0.77 6.00 0.00
3987 1925 123 22335.63 3.20 14.90 0.61 4.80 0.00
3987 1925 124 23648.47 4.50 18.00 0.68 3.90 0.00
3987 1925 125 22168.33 5.30 20.50 1.03 6.10 0.00
3987 1925 126 14376.26 9.30 22.10 1.23 5.00 4.10
3987 1925 127 22828.67 7.70 20.10 1.00 4.00 0.00
3987 1925 128 17296.25 7.50 21.10 1.25 4.50 0.10
3987 1925 129 18613.27 9.60 22.00 1.19 3.50 0.70
3987 1925 130 11795.69 10.70 19.80 1.43 3.90 0.10
3987 1925 131 9432.66 10.50 15.30 1.12 5.00 0.00
3987 1925 132 19911.34 10.80 20.20 1.05 4.00 0.00
3987 1925 133 25916.18 7.30 25.10 0.93 3.70 0.00
3987 1925 134 25986.03 9.60 24.70 1.04 4.40 0.00
3987 1925 135 26500.15 9.80 25.60 1.09 4.60 0.00
3987 1925 136 26555.24 10.60 25.60 1.00 5.70 0.00
3987 1925 137 26746.58 9.90 25.50 0.97 6.40 0.00
3987 1925 138 26629.95 11.20 25.10 0.80 8.20 0.00
3987 1925 139 27250.07 7.80 22.50 0.69 6.70 0.00
3987 1925 140 27016.40 8.40 23.80 0.76 3.30 0.00
3987 1925 141 25967.46 9.90 26.50 0.97 5.50 0.00
3987 1925 142 25788.40 8.60 21.80 0.88 4.80 0.00
3987 1925 143 19784.57 9.90 25.00 1.09 3.20 0.00
3987 1925 144 18428.36 11.50 27.60 1.37 5.20 9.50
3987 1925 145 16148.66 11.60 21.90 1.25 4.40 1.50
3987 1925 146 19702.95 10.10 25.60 1.15 3.90 0.00
3987 1925 147 19741.40 12.50 23.30 1.36 3.00 0.10
3987 1925 148 21180.23 12.60 25.50 1.24 4.70 0.00
3987 1925 149 12390.10 15.50 25.70 1.33 4.50 9.40
3987 1925 150 21510.86 10.90 24.00 1.20 5.50 0.90
3987 1925 151 23048.47 13.50 22.90 1.05 6.10 0.00
3987 1925 152 23166.31 10.50 24.50 0.96 2.60 0.00
3987 1925 153 11214.41 13.30 21.40 1.35 3.50 4.00
3987 1925 154 18289.65 10.70 20.20 1.04 4.70 0.00
3987 1925 155 12025.79 8.80 17.00 1.12 4.40 0.40
3987 1925 156 27681.99 6.60 22.50 0.88 2.80 0.00
3987 1925 157 27441.83 9.40 23.80 0.87 4.60 0.00
3987 1925 158 28659.28 9.40 24.70 0.75 4.90 0.00
3987 1925 159 25980.21 9.60 26.70 0.96 4.00 0.00
3987 1925 160 23233.31 14.30 25.50 1.05 4.70 0.00
3987 1925 161 22598.78 11.30 29.30 1.28 6.20 0.00
3987 1925 162 29084.92 11.00 28.60 1.29 3.50 0.00
3987 1925 163 27224.69 15.20 27.20 1.39 5.20 0.00
3987 1925 164 21486.70 10.60 20.10 0.96 6.20 1.90
3987 1925 165 13444.23 10.50 18.60 1.08 9.50 1.00
3987 1925 166 20952.99 8.40 18.50 0.87 9.30 0.10
3987 1925 167 12900.60 9.60 23.70 1.47 5.40 10.00
3987 1925 168 15649.01 10.50 17.90 1.11 9.00 0.20
3987 1925 169 17912.99 6.80 13.80 0.96 9.00 11.80
3987 1925 170 21599.11 8.70 18.30 1.13 7.30 1.60
3987 1925 171 11050.40 9.90 14.90 1.13 5.80 4.80
3987 1925 172 11171.37 10.70 16.10 1.05 6.00 3.20
3987 1925 173 13139.92 8.40 15.00 1.08 3.70 1.10
3987 1925 174 15585.74 8.30 16.40 1.16 3.80 11.40
3987 1925 175 23516.02 7.70 19.50 1.07 1.90 0.00
3987 1925 176 25975.41 9.50 22.30 1.19 2.20 0.00
3987 1925 177 21056.17 10.30 19.70 1.29 4.90 0.00
3987 1925 178 17656.99 10.70 18.70 1.13 3.80 0.00
3987 1925 179 16871.61 11.20 20.40 1.16 4.00 0.00
3987 1925 180 16956.28 10.40 23.30 1.47 5.40 0.00
3987 1925 181 29083.69 11.80 24.80 1.15 5.50 0.00
3987 1925 182 21127.17 10.00 24.80 1.32 5.10 0.00
3987 1925 183 9936.87 14.70 18.70 1.51 3.50 0.00
3987 1925 184 9912.65 15.10 20.00 1.53 4.00 0.00
3987 1925 185 24735.41 14.80 29.00 1.77 5.70 5.40
3987 1925 186 13602.82 14.70 23.90 1.81 3.50 8.50
3987 1925 187 20241.96 14.70 26.50 1.59 3.30 0.00
3987 1925 188 20215.42 15.30 25.60 1.67 5.30 3.70
3987 1925 189 16216.76 14.40 20.30 1.27 7.10 0.00
3987 1925 190 18596.53 10.00 19.60 1.08 4.20 0.00
3987 1925 191 20379.08 9.50 21.70 1.20 3.70 2.90
3987 1925 192 13035.18 12.10 19.60 1.41 5.50 4.30
3987 1925 193 15002.70 10.30 20.30 1.36 4.80 0.00
3987 1925 194 23913.52 11.20 23.10 1.20 4.20 0.60
3987 1925 195 13937.38 14.00 23.10 1.51 3.50 0.00
3987 1925 196 27689.84 12.70 26.60 1.23 3.00 0.00
3987 1925 197 21529.02 13.70 27.90 1.40 3.20 0.00
3987 1925 198 23118.67 15.00 29.20 1.60 4.00 0.00
3987 1925 199 26224.56 15.50 30.40 1.35 4.80 0.00
3987 1925 200 24502.71 16.40 30.80 1.17 4.10 0.00
3987 1925 201 27273.54 17.00 31.40 1.25 5.10 0.00
3987 1925 202 27209.81 16.00 31.10 1.25 4.80 0.00
3987 1925 203 25704.99 17.50 32.60 1.24 4.60 0.00
3987 1925 204 25776.50 17.10 31.40 1.29 6.40 0.00
3987 1925 205 16047.84 18.50 29.90 1.60 6.40 0.20
3987 1925 206 17320.29 16.90 28.50 1.75 4.80 5.30
3987 1925 207 11882.11 16.80 24.70 1.91 4.00 0.40
3987 1925 208 15594.73 15.20 25.10 1.56 4.50 0.40
3987 1925 209 19926.72 11.50 21.60 1.20 6.80 1.20
3987 1925 210 19108.15 14.50 24.50 1.15 6.60 1.10
3987 1925 211 14851.37 14.00 25.20 1.60 5.40 10.60
3987 1925 212 14485.17 14.50 21.80 1.52 5.70 5.20
3987 1925 213 13354.46 14.80 22.30 1.47 4.00 0.60
3987 1925 214 11588.33 11.90 20.50 1.51 3.50 22.40
3987 1925 215 16060.23 11.80 21.20 1.32 8.20 0.10
3987 1925 216 16077.99 12.30 20.60 1.31 4.40 0.00
3987 1925 217 12624.30 14.70 25.00 1.57 2.40 7.70
3987 1925 218 16745.74 13.70 20.40 1.33 4.70 0.00
3987 1925 219 18463.42 12.00 26.10 1.57 4.20 0.90
3987 1925 220 16295.68 15.10 25.80 1.59 3.50 0.00
3987 1925 221 21038.85 14.70 28.60 1.53 4.50 0.00
3987 1925 222 18226.98 17.50 34.60 1.87 5.50 0.10
3987 1925 223 10396.11 17.40 27.60 2.03 4.00 4.30
3987 1925 224 11250.67 16.70 22.00 1.79 2.80 0.00
3987 1925 225 23419.59 14.80 25.90 1.37 2.40 0.00
3987 1925 226 16008.68 16.10 27.60 1.77 3.00 0.00
3987 1925 227 13891.18 14.50 19.60 1.15 6.00 0.00
3987 1925 228 14708.64 10.70 19.30 1.28 6.20 0.00
3987 1925 229 8821.12 13.40 18.30 1.21 7.20 0.00
3987 1925 230 10519.59 13.90 20.10 1.28 6.20 0.00
3987 1925 231 8683.45 10.60 19.00 1.23 3.60 0.00
3987 1925 232 10584.66 12.70 21.70 1.41 2.30 0.30
3987 1925 233 9847.42 14.00 21.40 1.75 3.00 1.40
3987 1925 234 20438.20 12.00 25.60 1.53 3.10 0.00
3987 1925 235 7966.44 13.90 18.20 1.57 3.80 0.20
3987 1925 236 16623.63 13.00 24.10 1.44 2.90 1.00
3987 1925 237 16394.89 16.20 24.00 1.81 2.60 0.00
3987 1925 238 7636.77 14.90 18.40 1.76 5.80 2.70
3987 1925 239 15702.49 14.50 21.90 1.48 6.00 3.40
3987 1925 240 12535.41 12.50 21.40 1.57 5.50 3.00
3987 1925 241 12305.45 10.90 19.70 1.49 6.00 0.50
3987 1925 242 13502.72 12.20 19.50 1.29 9.20 0.40
3987 1925 243 8029.51 12.40 18.60 1.31 6.70 1.40
3987 1925 244 7101.57 13.90 20.60 1.76 7.50 9.50
3987 1925 245 12272.98 10.70 16.40 1.19 7.90 2.00
3987 1925 246 7313.71 10.20 13.70 1.16 8.70 3.00
3987 1925 247 9941.43 7.40 14.70 1.03 8.10 3.80
3987 1925 248 6759.61 6.60 11.60 1.01 8.70 1.80
3987 1925 249 11692.53 7.40 14.70 1.00 6.00 1.90
3987 1925 250 6802.05 8.50 13.90 1.16 8.30 8.30
3987 1925 251 6527.00 10.00 11.40 1.19 7.00 5.90
3987 1925 252 7740.80 9.90 16.50 1.16 4.90 1.30
3987 1925 253 8382.80 6.50 15.10 1.16 5.40 4.50
3987 1925 254 9601.17 5.80 10.30 1.03 4.10 2.00
3987 1925 255 10651.44 7.20 16.20 1.08 3.50 5.20
3987 1925 256 9379.38 5.60 15.30 1.07 3.60 0.20
3987 1925 257 10537.03 7.70 17.20 1.03 2.30 0.00
3987 1925 258 16779.34 6.50 17.80 0.95 2.10 0.00
3987 1925 259 15666.97 6.50 18.70 0.84 2.80 0.00
3987 1925 260 10291.41 6.00 18.00 0.91 3.70 0.00
3987 1925 261 13369.82 6.00 18.90 1.11 3.60 0.00
3987 1925 262 9473.70 10.70 20.50 1.32 3.30 4.00
3987 1925 263 12188.86 12.10 23.20 1.48 5.40 3.00
3987 1925 264 6065.05 11.80 18.40 1.56 4.80 6.20
3987 1925 265 14642.75 8.90 18.00 1.11 5.40 1.00
3987 1925 266 6603.21 13.00 23.60 1.61 5.00 14.20
3987 1925 267 5295.32 12.00 14.20 1.43 2.10 12.60
3987 1925 268 8172.42 8.80 15.40 1.15 4.30 0.10
3987 1925 269 10191.35 4.90 15.20 0.99 4.80 0.70
3987 1925 270 5176.46 7.90 11.80 1.03 6.80 6.00
3987 1925 271 5011.76 8.80 11.20 1.15 5.60 1.00
3987 1925 272 4943.87 7.50 11.80 1.08 2.00 0.10
3987 1925 273 12550.41 3.60 17.20 0.99 3.80 0.10
3987 1925 274 13808.61 6.80 19.00 1.03 3.90 0.00
3987 1925 275 13802.02 6.90 20.00 1.12 2.70 0.00
3987 1925 276 7835.68 10.10 18.20 1.27 5.70 0.40
3987 1925 277 12224.10 5.70 14.90 0.93 6.00 0.00
3987 1925 278 5065.06 3.70 12.70 1.03 7.30 1.80
3987 1925 279 4728.20 10.90 14.40 1.32 5.10 0.00
3987 1925 280 4346.13 9.20 13.70 1.17 6.00 1.60
3987 1925 281 9608.92 3.60 12.90 0.75 3.10 0.00
3987 1925 282 12323.43 1.30 13.30 0.69 3.70 0.00
3987 1925 283 4141.14 4.80 11.40 0.96 6.90 0.00
3987 1925 284 5386.22 5.50 13.60 0.91 5.60 0.00
3987 1925 285 4256.67 1.80 9.70 0.81 6.10 2.10
3987 1925 286 5233.98 1.40 8.80 0.79 4.80 2.60
3987 1925 287 6587.39 2.50 7.50 0.65 8.60 1.70
3987 1925 288 8503.99 -0.10 7.70 0.59 7.90 0.00
3987 1925 289 5376.73 0.40 7.70 0.69 5.60 0.10
3987 1925 290 5498.17 1.20 8.40 0.71 5.30 0.00
3987 1925 291 6730.39 4.20 12.30 1.05 8.20 8.80
3987 1925 292 4139.53 0.30 8.20 0.69 4.90 0.00
3987 1925 293 8626.74 -2.80 7.00 0.45 3.50 6.10
3987 1925 294 3403.36 1.50 15.20 1.27 7.00 1.80
3987 1925 295 4351.63 11.70 17.10 1.33 6.10 0.00
3987 1925 296 3945.31 11.80 16.00 1.12 5.50 0.00
3987 1925 297 7324.51 7.50 15.60 0.99 5.10 0.00
3987 1925 298 4355.03 6.70 13.40 1.03 3.70 0.00
3987 1925 299 7184.27 5.00 15.50 0.99 4.70 0.00
3987 1925 300 3369.42 8.40 13.60 0.99 6.20 0.40
3987 1925 301 3185.17 10.10 14.70 1.16 3.80 0.00
3987 1925 302 5498.84 7.60 15.00 1.09 2.70 0.00
3987 1925 303 8008.37 2.70 15.90 1.01 3.80 0.00
3987 1925 304 5891.29 3.20 13.80 1.03 4.10 0.10
3987 1925 305 2791.52 7.60 9.20 0.99 6.00 0.00
3987 1925 306 2746.54 5.20 7.80 0.84 6.60 0.50
3987 1925 307 3330.82 5.90 11.30 1.07 5.30 4.60
3987 1925 308 6733.33 9.60 13.50 1.05 10.70 0.00
3987 1925 309 4713.33 5.10 11.50 0.93 5.60 0.00
3987 1925 310 3912.10 4.20 9.60 0.85 6.10 1.90
3987 1925 311 3860.81 1.10 6.80 0.75 3.80 0.00
3987 1925 312 2461.02 2.80 5.20 0.80 5.70 9.70
3987 1925 313 2415.14 3.40 6.80 0.85 3.70 5.10
3987 1925 314 3243.78 2.30 5.90 0.67 5.20 0.00
3987 1925 315 5626.41 -1.40 5.00 0.53 2.90 0.00
3987 1925 316 5600.73 -3.10 3.30 0.45 6.30 1.30
3987 1925 317 2257.86 -0.80 1.10 0.60 3.70 0.20
3987 1925 318 2216.20 -0.20 1.90 0.57 1.30 3.50
3987 1925 319 2178.95 -1.00 1.10 0.56 2.90 2.10
3987 1925 320 2140.35 -0.20 1.60 0.59 1.90 0.00
3987 1925 321 4772.39 -3.80 1.40 0.56 1.80 0.00
3987 1925 322 2218.09 -1.70 3.30 0.57 2.90 0.00
3987 1925 323 5872.11 -3.10 4.80 0.52 4.30 0.00
3987 1925 324 2000.79 -4.60 2.50 0.56 4.40 0.80
3987 1925 325 1956.54 2.20 5.70 0.85 5.80 0.90
3987 1925 326 1927.26 2.00 5.50 0.81 3.20 0.40
3987 1925 327 1898.06 3.20 5.10 0.81 3.20 1.20
3987 1925 328 3128.56 0.00 4.30 0.64 5.60 1.80
3987 1925 329 2030.21 1.00 2.70 0.64 6.00 1.10
3987 1925 330 1824.68 -2.40 1.60 0.52 4.70 1.20
3987 1925 331 1802.78 -6.30 -1.00 0.40 6.30 1.60
3987 1925 332 1820.21 -3.00 0.60 0.52 4.00 0.10
3987 1925 333 1758.62 -5.90 -2.90 0.40 1.90 0.00
3987 1925 334 1738.43 -10.40 -3.60 0.35 2.90 8.60
3987 1925 335 1709.26 -5.20 -0.20 0.48 7.30 1.30
3987 1925 336 3709.45 -10.90 -3.00 0.29 4.40 1.60
3987 1925 337 2801.09 -6.90 -4.70 0.35 3.00 0.20
3987 1925 338 2746.61 -13.30 -5.20 0.25 3.90 0.00
3987 1925 339 1642.32 -13.40 -5.50 0.31 3.70 0.00
3987 1925 340 1622.92 -11.80 -3.50 0.28 5.60 0.00
3987 1925 341 2737.55 -5.90 -1.00 0.31 4.10 0.10
3987 1925 342 4486.73 -11.00 -3.30 0.31 6.10 0.00
3987 1925 343 3818.85 -9.90 -1.30 0.35 6.00 0.60
3987 1925 344 1551.78 -1.30 3.10 0.65 5.90 2.60
3987 1925 345 1580.75 1.00 3.50 0.65 7.20 1.10
3987 1925 346 1532.30 0.70 2.60 0.65 6.70 3.70
3987 1925 347 1729.27 -1.40 1.10 0.53 7.10 0.00
3987 1925 348 1519.65 -2.10 0.30 0.52 4.50 1.00
3987 1925 349 2011.34 -9.10 -2.10 0.29 3.90 0.60
3987 1925 350 2580.29 -11.20 -5.40 0.25 4.50 0.00
3987 1925 351 2109.32 -11.10 -0.80 0.41 7.20 1.30
3987 1925 352 1493.77 -0.80 1.40 0.64 6.50 3.60
3987 1925 353 1529.41 0.70 3.30 0.60 7.70 0.60
3987 1925 354 1493.25 -4.00 0.70 0.48 8.10 3.80
3987 1925 355 1599.61 0.00 7.70 0.76 7.70 0.20
3987 1925 356 1482.08 2.90 8.90 0.71 7.20 0.00
3987 1925 357 1842.59 2.10 7.70 0.64 10.10 0.00
3987 1925 358 1932.71 -1.70 2.30 0.57 8.30 0.60
3987 1925 359 3508.19 -2.80 1.90 0.47 8.00 0.00
3987 1925 360 1584.08 -3.40 0.20 0.53 4.30 0.90
3987 1925 361 1497.49 -0.20 6.50 0.87 6.00 8.90
3987 1925 362 1626.64 2.90 6.50 0.80 6.00 7.80
3987 1925 363 1504.04 2.70 11.20 1.09 7.10 4.20
3987 1925 364 1508.85 10.50 13.90 1.27 10.40 8.50
3987 1925 365 2254.56 7.20 10.50 0.77 11.40 2.40
