*---------------------------------------------------------------------------*
* Station name: Potsdam Saekularstation
* Year: 1988
* Author: Pedro Alencar                                   -999.000: NIL VALUE
* Source: DWD
* Comments: Gaps filled with interpolation and storical means
* Longitude: 13.0622, latitude: 52.3812, altitude: 82.0 m.
*
    * Column  Daily value
    * 1       station number
    * 2       year
    * 3       day
    * 4       irradiation                   (kJ m-2 d-1)
    * 5       minimum temperature           (degrees Celsius
    * 6       maximum temperature           (degrees Celsius)
    * 7       early morning vapour pressure (kPa)
    * 8       mean wind speed (height: 2 m) (m s-1)
    * 9       precipitation                 (mm d-1)
    *
** WCCDESCRIPTION=Potsdam, Germany
** WCCFORMAT=2
** WCCYEARNR=1988
*---------------------------------------------------------------------------*
   13.0622 52.3812 82.0 -0.18 -0.55
3987 1988 1 1590.00 3.90 8.40 0.80 4.80 6.00
3987 1988 2 760.00 4.60 11.90 0.97 8.20 0.30
3987 1988 3 2050.00 6.90 12.20 0.77 7.40 0.00
3987 1988 4 1200.00 5.20 7.90 0.70 7.40 1.30
3987 1988 5 1730.00 4.50 9.10 0.83 6.10 0.70
3987 1988 6 1320.00 7.70 11.90 0.83 6.20 0.00
3987 1988 7 2520.00 3.40 10.00 0.69 6.50 1.30
3987 1988 8 530.00 2.70 5.10 0.65 6.50 0.00
3987 1988 9 3270.00 -2.00 4.30 0.56 3.60 0.00
3987 1988 10 1560.00 -1.40 4.60 0.50 4.40 0.00
3987 1988 11 360.00 0.10 4.00 0.57 5.60 5.00
3987 1988 12 3610.00 -1.40 5.40 0.58 4.70 0.00
3987 1988 13 4020.00 -4.50 2.30 0.45 4.00 0.00
3987 1988 14 3570.00 -5.30 3.30 0.46 4.10 0.00
3987 1988 15 630.00 -3.00 -0.10 0.49 2.50 6.20
3987 1988 16 1030.00 -2.10 0.20 0.55 2.40 1.70
3987 1988 17 760.00 -0.20 2.90 0.64 3.10 2.90
3987 1988 18 1000.00 0.90 4.00 0.70 3.00 0.00
3987 1988 19 3490.00 -2.10 2.40 0.56 3.50 0.00
3987 1988 20 3470.00 -2.10 2.50 0.55 3.80 0.00
3987 1988 21 3770.00 -1.90 4.60 0.57 3.60 0.00
3987 1988 22 4060.00 -1.60 4.20 0.59 4.00 0.10
3987 1988 23 310.00 -0.20 2.00 0.61 4.80 1.50
3987 1988 24 1830.00 -1.60 2.30 0.58 4.50 5.50
3987 1988 25 1080.00 0.50 6.40 0.78 5.30 3.60
3987 1988 26 3470.00 2.60 9.70 0.77 5.60 1.60
3987 1988 27 1070.00 3.70 6.20 0.75 5.50 0.50
3987 1988 28 1000.00 -0.60 4.30 0.65 4.60 2.40
3987 1988 29 4800.00 3.20 9.50 0.84 4.40 0.10
3987 1988 30 2230.00 2.90 7.50 0.73 2.80 0.00
3987 1988 31 2230.00 1.10 5.80 0.69 4.80 0.00
3987 1988 32 2570.00 0.00 4.70 0.59 6.30 12.70
3987 1988 33 4360.00 1.80 8.80 0.72 6.50 0.00
3987 1988 34 3310.00 2.40 7.20 0.63 6.30 1.80
3987 1988 35 4220.00 3.90 10.70 0.70 5.00 0.10
3987 1988 36 4300.00 2.50 8.00 0.66 5.10 0.90
3987 1988 37 2690.00 2.20 10.00 0.65 6.80 0.00
3987 1988 38 6170.00 -1.50 6.90 0.55 5.00 0.00
3987 1988 39 2540.00 -0.60 4.50 0.55 6.30 6.10
3987 1988 40 4010.00 -0.50 5.10 0.62 7.00 2.30
3987 1988 41 2480.00 1.40 6.00 0.58 7.50 0.40
3987 1988 42 3520.00 0.90 6.00 0.59 6.00 1.80
3987 1988 43 5050.00 -2.30 5.50 0.57 2.80 0.90
3987 1988 44 4510.00 0.30 5.40 0.80 3.90 0.00
3987 1988 45 8370.00 -2.90 6.90 0.49 4.30 0.00
3987 1988 46 7370.00 -2.60 6.90 0.53 5.10 0.00
3987 1988 47 7530.00 -2.20 7.40 0.56 5.50 0.00
3987 1988 48 1020.00 -0.20 5.70 0.59 7.80 6.50
3987 1988 49 1900.00 0.00 3.60 0.63 5.70 10.70
3987 1988 50 1200.00 1.30 4.30 0.70 5.30 5.00
3987 1988 51 4120.00 -1.60 1.80 0.51 1.90 0.00
3987 1988 52 3710.00 -3.20 3.50 0.57 5.10 0.70
3987 1988 53 3150.00 2.20 6.10 0.70 6.90 5.50
3987 1988 54 4770.00 1.40 4.90 0.65 5.00 3.50
3987 1988 55 1070.00 -0.30 2.30 0.62 2.60 4.40
3987 1988 56 1350.00 -0.90 0.60 0.58 4.00 13.80
3987 1988 57 1390.00 -1.60 0.80 0.59 2.60 0.40
3987 1988 58 2020.00 -0.70 1.70 0.59 4.00 0.30
3987 1988 59 3500.00 -1.80 3.70 0.56 7.60 4.30
3987 1988 60 2660.00 -0.70 1.90 0.58 6.50 4.80
3987 1988 61 4370.00 -2.00 1.40 0.53 5.60 4.00
3987 1988 62 4560.00 -3.50 0.10 0.46 4.80 1.00
3987 1988 63 7470.00 -5.20 4.40 0.51 4.40 0.40
3987 1988 64 6480.00 -0.20 5.80 0.58 4.20 4.40
3987 1988 65 8800.00 -0.80 4.60 0.55 4.00 1.10
3987 1988 66 2590.00 -0.60 1.50 0.57 5.00 8.20
3987 1988 67 3940.00 -0.20 3.90 0.61 4.80 2.30
3987 1988 68 3670.00 -1.10 1.30 0.50 5.80 0.90
3987 1988 69 5780.00 -2.90 1.60 0.43 3.40 0.00
3987 1988 70 3390.00 -4.80 1.40 0.50 4.30 4.50
3987 1988 71 8670.00 -0.10 6.00 0.66 6.90 8.50
3987 1988 72 9310.00 -0.70 4.60 0.51 7.30 0.10
3987 1988 73 6340.00 -2.30 3.30 0.47 6.00 1.10
3987 1988 74 13090.00 -3.70 4.80 0.47 5.80 0.00
3987 1988 75 3400.00 -3.10 3.40 0.60 4.30 9.10
3987 1988 76 10740.00 3.00 9.70 0.80 5.20 2.70
3987 1988 77 9530.00 -0.70 5.80 0.59 8.00 0.10
3987 1988 78 10140.00 -1.90 4.40 0.45 4.60 0.00
3987 1988 79 8250.00 -4.70 7.90 0.42 3.10 0.50
3987 1988 80 2300.00 1.10 8.10 0.72 4.10 6.00
3987 1988 81 1680.00 1.20 7.30 0.73 5.70 0.30
3987 1988 82 3650.00 -1.10 3.50 0.54 3.50 2.10
3987 1988 83 4250.00 -0.20 7.90 0.74 2.50 1.80
3987 1988 84 6620.00 3.90 9.20 0.83 3.90 5.00
3987 1988 85 9820.00 2.90 10.10 0.74 4.80 0.60
3987 1988 86 9080.00 3.30 10.70 0.78 4.80 2.40
3987 1988 87 4930.00 -0.10 6.70 0.72 3.70 3.30
3987 1988 88 4820.00 1.70 7.30 0.73 3.70 0.50
3987 1988 89 9030.00 0.40 9.90 0.68 3.70 0.00
3987 1988 90 12870.00 0.70 13.70 0.66 4.70 0.00
3987 1988 91 6820.00 3.30 13.10 0.79 3.50 2.20
3987 1988 92 2490.00 4.20 10.70 0.89 3.90 0.20
3987 1988 93 13140.00 3.70 11.70 0.67 5.30 0.00
3987 1988 94 16440.00 0.90 12.50 0.66 3.00 0.00
3987 1988 95 4010.00 2.80 8.20 0.78 2.50 0.00
3987 1988 96 12380.00 1.50 12.80 0.74 3.80 0.00
3987 1988 97 15010.00 3.40 16.30 0.77 4.70 0.00
3987 1988 98 12270.00 4.80 19.00 0.72 5.10 0.00
3987 1988 99 9990.00 7.10 17.50 0.76 4.40 0.00
3987 1988 100 10180.00 1.60 8.60 0.50 5.80 0.20
3987 1988 101 17400.00 -2.50 9.60 0.44 7.00 0.00
3987 1988 102 8730.00 5.00 12.50 0.65 6.90 0.00
3987 1988 103 15680.00 2.80 15.80 0.68 2.70 0.00
3987 1988 104 13620.00 4.00 11.30 0.53 5.60 0.00
3987 1988 105 22220.00 -2.60 11.70 0.35 3.00 0.00
3987 1988 106 21480.00 -1.20 16.20 0.37 4.00 0.00
3987 1988 107 20110.00 0.70 20.60 0.43 4.80 0.00
3987 1988 108 20750.00 2.50 23.40 0.62 4.20 0.20
3987 1988 109 11720.00 11.20 19.80 1.22 1.80 0.00
3987 1988 110 18870.00 8.20 23.70 1.09 3.70 0.00
3987 1988 111 19680.00 8.80 25.70 0.96 5.10 2.60
3987 1988 112 13460.00 7.60 17.60 0.96 4.10 0.00
3987 1988 113 18430.00 5.30 14.70 0.64 5.60 0.00
3987 1988 114 13650.00 -0.30 7.30 0.47 4.90 0.10
3987 1988 115 17970.00 -3.80 8.40 0.38 2.70 0.00
3987 1988 116 15750.00 -1.10 9.90 0.46 2.90 0.00
3987 1988 117 14810.00 -0.30 11.70 0.40 2.90 0.00
3987 1988 118 22530.00 -1.00 14.20 0.41 5.50 0.00
3987 1988 119 14870.00 3.20 14.60 0.48 8.00 0.00
3987 1988 120 10180.00 7.30 16.50 0.80 3.10 0.20
3987 1988 121 18170.00 8.10 22.30 0.75 3.30 0.00
3987 1988 122 21250.00 8.80 24.40 0.93 3.30 0.00
3987 1988 123 13770.00 10.20 21.80 1.15 3.60 2.20
3987 1988 124 12770.00 9.60 20.40 1.24 3.50 2.20
3987 1988 125 15360.00 7.00 20.20 0.93 5.00 0.00
3987 1988 126 19220.00 5.80 21.30 0.86 4.00 0.00
3987 1988 127 13800.00 6.80 17.50 0.93 2.80 0.00
3987 1988 128 24030.00 6.10 19.90 0.85 3.70 0.00
3987 1988 129 20740.00 8.20 20.40 0.81 6.60 0.00
3987 1988 130 26530.00 8.60 22.90 0.71 6.10 0.00
3987 1988 131 24300.00 6.70 18.60 0.61 5.30 0.00
3987 1988 132 18450.00 5.30 16.70 0.80 5.00 0.00
3987 1988 133 22850.00 8.70 24.30 1.00 6.80 0.00
3987 1988 134 26170.00 10.80 24.40 0.74 6.70 0.00
3987 1988 135 26010.00 11.50 25.60 0.79 6.00 0.00
3987 1988 136 25710.00 11.80 26.60 0.84 5.30 0.00
3987 1988 137 22260.00 11.20 26.20 0.87 4.50 0.00
3987 1988 138 17420.00 12.20 24.50 1.06 3.40 0.30
3987 1988 139 20940.00 8.10 20.00 0.88 3.00 0.00
3987 1988 140 13590.00 9.40 18.50 0.93 2.50 0.00
3987 1988 141 5310.00 6.90 15.90 0.96 5.10 1.00
3987 1988 142 17530.00 3.10 15.60 0.74 4.70 0.00
3987 1988 143 20390.00 3.90 16.90 0.81 2.70 0.00
3987 1988 144 16920.00 8.10 18.00 0.81 3.00 0.00
3987 1988 145 25380.00 6.20 24.60 0.91 3.30 0.00
3987 1988 146 21670.00 12.10 27.00 1.11 3.50 0.00
3987 1988 147 24970.00 12.40 28.10 1.30 5.30 0.00
3987 1988 148 22000.00 15.30 28.20 1.33 5.50 0.00
3987 1988 149 17170.00 14.70 27.90 1.48 4.40 3.80
3987 1988 150 15500.00 12.60 24.50 1.58 2.80 4.60
3987 1988 151 16590.00 11.20 19.10 1.25 3.40 0.20
3987 1988 152 20150.00 10.20 18.40 1.03 4.90 0.50
3987 1988 153 21740.00 8.40 19.90 1.02 4.90 5.10
3987 1988 154 12790.00 10.00 19.00 1.20 4.80 0.00
3987 1988 155 14270.00 9.60 21.30 1.33 3.30 0.30
3987 1988 156 13240.00 12.00 20.50 1.39 2.50 14.50
3987 1988 157 22120.00 10.40 19.60 1.19 3.30 0.00
3987 1988 158 3600.00 11.50 16.30 1.33 3.30 6.20
3987 1988 159 8260.00 12.30 18.90 1.56 2.20 19.10
3987 1988 160 6820.00 14.20 17.90 1.67 3.10 2.10
3987 1988 161 4070.00 14.50 16.00 1.66 4.10 7.00
3987 1988 162 6540.00 13.30 19.20 1.65 3.50 0.80
3987 1988 163 10710.00 12.10 18.00 1.43 4.80 0.00
3987 1988 164 31590.00 7.20 21.00 0.91 4.20 0.00
3987 1988 165 29330.00 6.30 24.50 1.00 3.60 0.00
3987 1988 166 24300.00 9.30 21.20 1.25 4.00 0.00
3987 1988 167 28430.00 11.60 23.50 1.26 3.10 0.00
3987 1988 168 27690.00 12.40 24.20 1.00 3.00 0.00
3987 1988 169 21190.00 10.20 23.80 1.05 3.00 0.00
3987 1988 170 27700.00 8.10 26.10 1.17 2.90 0.00
3987 1988 171 15920.00 12.50 22.60 1.13 4.80 0.00
3987 1988 172 24680.00 10.70 23.20 1.24 4.60 0.00
3987 1988 173 25030.00 9.70 20.90 1.13 5.60 0.00
3987 1988 174 14800.00 10.00 21.00 1.36 5.10 4.40
3987 1988 175 8050.00 9.00 14.60 1.18 4.60 0.00
3987 1988 176 7790.00 11.60 16.60 1.40 4.60 2.20
3987 1988 177 8710.00 12.20 18.50 1.53 3.00 0.00
3987 1988 178 11620.00 13.90 21.30 1.68 2.20 1.70
3987 1988 179 9430.00 14.00 21.00 1.65 2.00 5.70
3987 1988 180 22330.00 13.20 26.70 1.86 2.70 0.00
3987 1988 181 15820.00 16.90 26.90 2.06 3.10 5.10
3987 1988 182 20850.00 15.00 26.50 1.89 2.80 0.50
3987 1988 183 14830.00 16.70 29.10 1.93 3.90 8.20
3987 1988 184 20890.00 13.80 22.60 1.38 4.40 0.00
3987 1988 185 11430.00 12.00 21.40 1.33 4.70 4.00
3987 1988 186 17460.00 11.70 23.70 1.39 4.60 0.00
3987 1988 187 17180.00 12.50 29.60 1.74 5.00 4.80
3987 1988 188 21900.00 13.30 24.90 1.45 3.80 0.50
3987 1988 189 15920.00 15.00 24.50 1.66 3.80 5.50
3987 1988 190 16480.00 12.60 24.50 1.51 2.80 3.70
3987 1988 191 18820.00 11.10 21.70 1.36 3.50 8.70
3987 1988 192 27030.00 10.40 23.10 1.21 3.20 0.00
3987 1988 193 23810.00 12.80 28.70 1.47 3.90 6.40
3987 1988 194 25860.00 13.60 23.80 1.40 3.00 0.00
3987 1988 195 22240.00 12.80 24.50 1.26 3.50 9.40
3987 1988 196 16430.00 14.10 21.10 1.50 4.30 0.50
3987 1988 197 14460.00 12.00 20.80 1.41 3.80 4.50
3987 1988 198 14190.00 12.60 19.10 1.40 3.80 0.50
3987 1988 199 10230.00 12.10 17.70 1.45 3.80 6.30
3987 1988 200 12730.00 10.60 19.30 1.49 3.80 7.20
3987 1988 201 11690.00 11.60 19.10 1.35 5.00 0.00
3987 1988 202 17110.00 11.90 23.20 1.45 3.00 0.00
3987 1988 203 12190.00 15.10 22.20 1.57 2.80 0.00
3987 1988 204 16610.00 14.80 27.30 1.88 3.90 0.70
3987 1988 205 20470.00 18.50 30.70 2.18 3.50 0.00
3987 1988 206 17350.00 19.50 29.10 2.11 5.10 3.10
3987 1988 207 24890.00 14.00 25.20 1.31 3.90 0.00
3987 1988 208 26200.00 13.80 30.30 1.40 3.80 1.10
3987 1988 209 21910.00 14.50 26.20 1.40 3.30 4.80
3987 1988 210 25990.00 11.00 22.80 1.24 3.30 0.00
3987 1988 211 12330.00 13.00 25.20 1.34 4.30 0.50
3987 1988 212 20920.00 11.00 22.10 1.13 4.50 0.00
3987 1988 213 16450.00 10.30 21.80 1.12 4.30 0.00
3987 1988 214 23050.00 11.50 25.20 1.24 3.00 0.00
3987 1988 215 11690.00 13.90 21.80 1.25 3.60 0.60
3987 1988 216 7140.00 11.00 18.10 1.23 3.00 9.30
3987 1988 217 16770.00 7.60 19.20 1.11 3.80 0.00
3987 1988 218 14360.00 13.90 19.00 1.25 5.20 0.00
3987 1988 219 11200.00 13.00 22.40 1.49 4.30 0.00
3987 1988 220 24570.00 13.30 26.10 1.65 3.30 0.00
3987 1988 221 18660.00 14.30 27.30 1.63 2.10 0.00
3987 1988 222 23480.00 14.00 30.20 1.48 2.60 0.60
3987 1988 223 19990.00 16.10 27.80 1.77 2.30 0.00
3987 1988 224 16670.00 17.70 29.10 1.78 4.30 0.00
3987 1988 225 17030.00 13.40 27.60 1.56 3.00 0.00
3987 1988 226 19440.00 17.30 24.50 1.15 5.60 0.00
3987 1988 227 23070.00 10.90 28.80 1.20 2.60 0.00
3987 1988 228 21700.00 16.30 30.20 1.48 5.00 0.00
3987 1988 229 20000.00 11.30 22.80 1.19 2.90 0.00
3987 1988 230 21010.00 10.50 22.60 1.18 4.80 0.00
3987 1988 231 23690.00 9.70 24.30 1.17 2.80 0.00
3987 1988 232 14270.00 11.00 29.00 1.32 4.10 0.80
3987 1988 233 6060.00 15.60 23.80 1.61 3.80 2.20
3987 1988 234 13860.00 13.00 21.80 1.20 4.80 0.00
3987 1988 235 14590.00 10.40 22.10 1.30 3.80 3.70
3987 1988 236 11840.00 10.60 19.00 1.17 4.40 0.00
3987 1988 237 13260.00 10.20 21.90 1.16 3.30 0.00
3987 1988 238 6430.00 12.50 18.10 1.32 4.10 2.20
3987 1988 239 8010.00 9.50 16.30 1.22 5.20 5.30
3987 1988 240 16800.00 10.60 20.10 1.23 3.70 0.00
3987 1988 241 19210.00 14.00 27.30 1.50 3.60 0.00
3987 1988 242 12260.00 16.50 23.80 1.75 3.30 4.40
3987 1988 243 8790.00 10.90 18.50 1.38 2.90 0.50
3987 1988 244 17020.00 9.10 23.20 1.21 3.50 0.00
3987 1988 245 18400.00 10.80 25.90 1.26 3.70 0.40
3987 1988 246 3590.00 14.20 20.00 1.62 3.50 5.10
3987 1988 247 12180.00 10.50 18.90 1.07 5.40 0.00
3987 1988 248 14630.00 10.60 20.70 1.21 3.30 0.30
3987 1988 249 11410.00 9.70 20.50 1.26 3.10 1.50
3987 1988 250 12760.00 11.20 19.60 1.31 4.30 0.00
3987 1988 251 16780.00 8.40 21.60 1.19 2.50 0.00
3987 1988 252 17580.00 8.10 20.80 1.07 2.30 0.00
3987 1988 253 16660.00 8.20 21.20 1.08 3.00 0.00
3987 1988 254 17440.00 9.40 23.40 1.10 2.80 0.00
3987 1988 255 6150.00 10.40 18.60 1.38 3.70 0.30
3987 1988 256 10850.00 10.90 18.20 1.11 5.30 1.90
3987 1988 257 9460.00 7.40 13.90 1.15 6.40 4.90
3987 1988 258 6870.00 9.00 15.10 1.13 2.00 0.00
3987 1988 259 12550.00 9.30 18.80 1.19 2.30 0.00
3987 1988 260 8080.00 7.10 15.20 1.20 4.20 0.30
3987 1988 261 7160.00 10.70 16.20 1.30 4.50 0.50
3987 1988 262 10710.00 11.20 17.70 1.22 6.00 0.30
3987 1988 263 3840.00 11.40 15.30 1.26 6.00 0.00
3987 1988 264 2510.00 12.10 14.50 1.23 3.50 0.00
3987 1988 265 3430.00 10.90 14.00 1.17 2.10 0.00
3987 1988 266 9850.00 10.50 18.00 1.12 3.60 0.00
3987 1988 267 7580.31 8.60 18.10 1.19 5.40 3.60
3987 1988 268 5940.00 9.10 14.60 1.07 7.50 5.80
3987 1988 269 15240.00 8.10 17.50 1.09 5.00 1.50
3987 1988 270 7260.00 10.70 20.50 1.49 6.90 0.10
3987 1988 271 4420.00 12.40 19.30 1.48 4.50 0.30
3987 1988 272 8740.00 11.60 23.00 1.26 5.90 1.60
3987 1988 273 9680.00 10.20 19.00 1.19 5.10 0.00
3987 1988 274 10900.00 7.90 15.60 0.91 3.20 0.00
3987 1988 275 12810.00 4.00 15.80 0.89 2.80 0.00
3987 1988 276 13460.00 4.10 17.40 0.81 5.00 0.00
3987 1988 277 11900.00 4.70 17.90 0.93 5.20 0.00
3987 1988 278 13030.00 4.00 18.90 0.92 4.00 0.00
3987 1988 279 10540.00 6.60 19.90 1.07 4.30 0.00
3987 1988 280 8910.00 9.00 16.20 1.10 6.00 1.50
3987 1988 281 5920.00 8.00 14.80 0.92 6.80 0.00
3987 1988 282 1170.00 7.00 10.90 0.82 8.90 2.20
3987 1988 283 2850.00 6.60 13.90 1.06 6.50 2.60
3987 1988 284 6280.00 8.50 16.20 0.95 6.30 0.00
3987 1988 285 7090.00 4.20 13.40 0.84 4.50 0.70
3987 1988 286 4410.00 8.20 16.60 1.16 5.00 0.20
3987 1988 287 2770.00 10.90 15.20 1.36 2.30 1.90
3987 1988 288 5700.00 10.90 19.10 1.50 2.60 0.20
3987 1988 289 1530.00 10.50 14.00 1.35 2.60 0.50
3987 1988 290 1260.00 9.70 11.90 1.21 2.40 0.30
3987 1988 291 920.00 10.30 12.00 1.29 1.00 0.30
3987 1988 292 2940.00 10.20 13.40 1.21 1.90 0.00
3987 1988 293 2670.00 6.60 10.80 0.87 5.90 0.00
3987 1988 294 6100.00 5.60 12.00 0.82 7.00 0.00
3987 1988 295 4020.00 7.30 11.50 0.91 3.60 0.00
3987 1988 296 1910.00 8.30 11.70 1.04 1.60 0.00
3987 1988 297 5250.00 7.00 13.90 0.99 2.60 0.00
3987 1988 298 840.00 7.40 10.40 1.04 3.20 0.50
3987 1988 299 9060.00 1.00 8.40 0.56 4.40 0.00
3987 1988 300 6980.00 -3.50 7.70 0.45 5.00 0.00
3987 1988 301 4560.00 2.00 16.60 0.73 5.80 0.00
3987 1988 302 7890.00 9.80 18.10 1.01 5.40 0.00
3987 1988 303 5380.00 2.80 13.50 0.68 5.50 0.10
3987 1988 304 5580.00 -1.70 5.50 0.57 2.40 0.00
3987 1988 305 3580.00 -2.90 8.20 0.60 5.40 0.60
3987 1988 306 1620.00 -1.20 8.80 0.73 6.70 3.10
3987 1988 307 3160.00 1.30 8.80 0.70 5.40 1.40
3987 1988 308 7360.00 -2.60 3.90 0.45 2.80 0.00
3987 1988 309 6810.00 -4.50 6.50 0.47 2.60 0.00
3987 1988 310 7160.00 -6.30 4.00 0.41 3.60 0.00
3987 1988 311 3050.00 -5.00 4.70 0.51 4.00 0.00
3987 1988 312 1820.00 1.00 7.20 0.76 3.80 0.50
3987 1988 313 2780.00 -3.60 5.90 0.56 2.60 0.00
3987 1988 314 3300.00 -3.40 4.00 0.47 5.70 0.00
3987 1988 315 5120.00 -3.70 6.90 0.50 4.70 0.00
3987 1988 316 3430.00 1.50 10.00 0.72 3.80 1.00
3987 1988 317 3290.00 6.00 14.30 1.03 2.80 5.80
3987 1988 318 1430.00 5.80 11.60 1.02 6.00 4.50
3987 1988 319 1950.00 4.20 7.90 0.82 5.80 0.00
3987 1988 320 2430.00 1.40 7.70 0.78 2.80 0.70
3987 1988 321 390.00 5.60 7.70 0.96 3.20 0.10
3987 1988 322 3630.00 -0.40 6.80 0.74 4.00 0.40
3987 1988 323 1280.00 1.90 9.90 0.89 6.20 5.50
3987 1988 324 3470.00 -1.20 8.50 0.55 3.90 0.30
3987 1988 325 510.00 -3.10 0.80 0.52 2.80 3.20
3987 1988 326 3720.00 -6.40 -0.90 0.38 3.30 0.00
3987 1988 327 4510.00 -10.90 -1.50 0.31 3.70 0.00
3987 1988 328 1280.00 -4.00 2.00 0.55 4.10 1.00
3987 1988 329 1540.00 1.40 6.30 0.80 6.80 1.10
3987 1988 330 440.00 5.10 8.00 0.90 6.80 0.40
3987 1988 331 1210.00 5.70 7.80 0.86 6.00 0.10
3987 1988 332 1280.00 0.30 6.20 0.64 5.10 0.00
3987 1988 333 1060.00 -1.60 5.50 0.64 5.60 3.30
3987 1988 334 2100.00 0.60 7.30 0.63 10.10 2.70
3987 1988 335 1740.00 -4.80 1.00 0.37 5.00 2.20
3987 1988 336 670.00 -4.80 -1.60 0.41 9.20 8.50
3987 1988 337 1290.00 -4.80 -2.70 0.37 7.30 0.00
3987 1988 338 780.00 -4.60 -2.80 0.39 3.60 5.60
3987 1988 339 800.00 -4.60 3.20 0.59 5.10 8.30
3987 1988 340 1830.00 1.40 6.50 0.67 9.10 3.90
3987 1988 341 430.00 2.40 3.90 0.70 7.10 2.90
3987 1988 342 1590.00 0.50 3.70 0.57 5.70 0.10
3987 1988 343 2049.86 -4.10 3.40 0.60 4.50 6.80
3987 1988 344 2980.00 1.90 6.20 0.72 6.50 0.00
3987 1988 345 580.00 0.90 7.70 0.79 5.90 0.70
3987 1988 346 590.00 6.10 9.20 0.90 9.80 3.80
3987 1988 347 820.00 2.30 7.30 0.76 6.80 0.30
3987 1988 348 900.00 -0.20 6.40 0.68 6.10 0.40
3987 1988 349 2530.00 -0.40 6.40 0.54 6.30 0.00
3987 1988 350 3270.00 -4.60 0.20 0.38 2.80 0.00
3987 1988 351 2240.00 -7.10 -0.80 0.37 2.90 0.00
3987 1988 352 530.00 -4.30 1.80 0.55 4.50 2.40
3987 1988 353 940.00 1.30 4.80 0.73 6.40 8.50
3987 1988 354 790.00 2.80 6.20 0.80 7.20 3.20
3987 1988 355 3000.00 -4.10 4.70 0.45 4.30 0.00
3987 1988 356 320.00 -5.80 4.90 0.63 6.20 0.60
3987 1988 357 490.00 4.40 8.40 0.88 6.50 0.50
3987 1988 358 810.00 6.20 8.20 0.85 7.10 1.30
3987 1988 359 1760.00 3.80 8.90 0.72 11.50 3.80
3987 1988 360 2730.00 1.60 5.70 0.67 6.40 0.10
3987 1988 361 860.00 4.60 9.70 0.95 5.50 0.00
3987 1988 362 800.00 5.80 9.30 0.83 7.10 0.40
3987 1988 363 1260.00 3.20 6.40 0.76 3.90 0.00
3987 1988 364 1220.00 4.80 9.50 0.88 5.20 0.00
3987 1988 365 1140.00 1.90 7.70 0.77 4.60 0.00
3987 1988 366 2450.00 2.00 6.90 0.71 5.20 0.00
