*---------------------------------------------------------------------------*
* Station name: Potsdam Saekularstation
* Year: 1975
* Author: Pedro Alencar                                   -999.000: NIL VALUE
* Source: DWD
* Comments: Gaps filled with interpolation and storical means
* Longitude: 13.0622, latitude: 52.3812, altitude: 82.0 m.
*
    * Column  Daily value
    * 1       station number
    * 2       year
    * 3       day
    * 4       irradiation                   (kJ m-2 d-1)
    * 5       minimum temperature           (degrees Celsius
    * 6       maximum temperature           (degrees Celsius)
    * 7       early morning vapour pressure (kPa)
    * 8       mean wind speed (height: 2 m) (m s-1)
    * 9       precipitation                 (mm d-1)
    *
** WCCDESCRIPTION=Potsdam, Germany
** WCCFORMAT=2
** WCCYEARNR=1975
*---------------------------------------------------------------------------*
   13.0622 52.3812 82.0 -0.18 -0.55
3987 1975 1 820.00 3.20 7.90 0.94 8.00 2.80
3987 1975 2 840.00 3.00 7.60 0.91 2.90 0.00
3987 1975 3 1710.00 2.60 6.90 0.81 3.40 0.00
3987 1975 4 810.00 3.10 6.10 0.75 10.50 1.90
3987 1975 5 440.00 4.20 7.90 0.91 11.40 1.40
3987 1975 6 510.00 7.70 9.00 0.90 13.70 7.80
3987 1975 7 2190.00 1.60 8.90 0.75 9.80 3.10
3987 1975 8 1450.00 -0.30 2.70 0.58 7.00 0.00
3987 1975 9 1800.00 -3.10 2.90 0.56 5.80 0.10
3987 1975 10 390.00 2.90 6.80 0.83 8.80 1.00
3987 1975 11 720.00 4.50 7.00 0.76 6.00 0.10
3987 1975 12 1670.00 5.20 9.50 0.88 5.10 0.00
3987 1975 13 2330.00 3.80 9.10 0.77 6.80 0.00
3987 1975 14 3810.00 1.60 10.00 0.70 6.80 0.00
3987 1975 15 2580.00 3.70 8.00 0.66 6.30 0.00
3987 1975 16 2590.00 1.60 7.50 0.58 5.50 0.00
3987 1975 17 2230.00 0.90 7.50 0.67 6.40 0.00
3987 1975 18 3520.00 2.80 10.00 0.80 4.80 0.10
3987 1975 19 1990.00 5.30 7.70 0.89 3.90 1.10
3987 1975 20 2410.00 -0.90 6.50 0.67 4.50 0.00
3987 1975 21 1250.00 -0.70 4.90 0.69 7.00 2.00
3987 1975 22 4660.00 1.70 6.90 0.64 8.30 3.80
3987 1975 23 3210.00 3.60 8.30 0.75 7.60 0.00
3987 1975 24 3680.00 2.60 7.80 0.69 8.60 2.30
3987 1975 25 3690.00 1.40 7.00 0.72 6.60 2.40
3987 1975 26 2960.00 3.00 6.40 0.61 10.10 0.00
3987 1975 27 3420.00 -2.30 4.70 0.54 6.30 3.30
3987 1975 28 4360.00 1.60 6.40 0.72 5.70 3.60
3987 1975 29 3040.00 1.10 5.40 0.66 6.40 1.80
3987 1975 30 3210.00 1.40 6.20 0.68 3.50 0.90
3987 1975 31 1080.00 3.40 7.80 0.96 3.50 0.10
3987 1975 32 950.00 3.60 7.70 0.93 3.70 0.10
3987 1975 33 820.00 3.20 7.60 0.88 4.50 0.30
3987 1975 34 570.00 2.00 6.00 0.63 4.50 0.00
3987 1975 35 1670.00 -1.00 2.40 0.49 3.80 0.00
3987 1975 36 4610.00 -3.40 1.90 0.46 2.90 0.00
3987 1975 37 1290.00 -4.20 -1.40 0.49 1.30 0.00
3987 1975 38 1550.00 -3.50 0.30 0.54 2.90 0.00
3987 1975 39 4530.00 -2.40 0.40 0.54 0.90 0.00
3987 1975 40 6180.00 -7.30 3.70 0.46 2.70 0.00
3987 1975 41 6290.00 -4.80 7.00 0.46 2.60 0.00
3987 1975 42 2520.00 0.00 5.60 0.61 3.00 0.00
3987 1975 43 3210.00 -1.20 8.10 0.73 5.10 1.30
3987 1975 44 3330.00 3.60 9.50 0.83 5.80 0.40
3987 1975 45 1460.00 -0.10 6.10 0.67 5.30 6.40
3987 1975 46 9230.00 -6.40 2.20 0.40 2.50 0.00
3987 1975 47 9520.00 -7.00 1.10 0.38 3.30 0.00
3987 1975 48 7280.00 -7.10 2.70 0.39 5.80 0.00
3987 1975 49 2190.00 1.00 5.20 0.67 5.10 0.00
3987 1975 50 1360.00 0.20 2.40 0.63 2.80 0.00
3987 1975 51 3430.00 -2.10 1.50 0.56 2.00 0.00
3987 1975 52 3740.00 -5.20 -0.40 0.50 2.30 0.00
3987 1975 53 8130.00 -2.60 8.00 0.50 4.70 0.00
3987 1975 54 7950.00 -3.40 8.00 0.46 3.00 0.00
3987 1975 55 4500.00 -0.90 6.60 0.53 2.30 0.00
3987 1975 56 9750.00 0.50 8.20 0.55 6.00 0.00
3987 1975 57 9960.00 -4.60 6.40 0.45 1.90 0.00
3987 1975 58 11210.00 -3.50 10.20 0.41 3.90 0.00
3987 1975 59 4920.00 -2.50 5.30 0.53 4.50 0.00
3987 1975 60 10480.00 1.00 9.80 0.57 2.70 0.00
3987 1975 61 8010.00 -0.80 12.70 0.66 3.80 0.10
3987 1975 62 9180.00 4.10 13.50 0.81 5.20 0.00
3987 1975 63 8290.00 1.80 14.50 0.76 4.00 0.00
3987 1975 64 9240.00 2.10 15.00 0.78 5.10 0.00
3987 1975 65 8000.00 2.30 13.00 0.73 4.50 0.00
3987 1975 66 6810.00 3.70 12.60 0.73 5.80 3.10
3987 1975 67 7530.00 5.20 11.10 0.74 7.00 0.00
3987 1975 68 9680.00 0.30 13.00 0.71 5.10 0.00
3987 1975 69 9880.00 2.40 17.40 0.86 3.10 0.00
3987 1975 70 1840.00 4.20 12.80 0.88 1.90 0.30
3987 1975 71 1240.00 3.70 6.10 0.81 4.80 0.30
3987 1975 72 1370.00 2.70 4.80 0.70 6.80 0.00
3987 1975 73 4800.00 3.30 7.50 0.72 7.20 5.40
3987 1975 74 2480.00 2.50 4.50 0.74 3.90 1.30
3987 1975 75 6210.00 1.40 4.70 0.59 4.50 0.00
3987 1975 76 11080.00 -3.20 5.30 0.46 3.30 0.00
3987 1975 77 5620.00 -3.00 4.70 0.52 5.10 0.00
3987 1975 78 8310.00 0.50 9.30 0.68 8.60 0.00
3987 1975 79 8520.00 4.30 11.00 0.64 9.40 0.00
3987 1975 80 15820.00 -2.30 6.60 0.37 5.50 0.00
3987 1975 81 16740.00 -5.20 8.20 0.37 5.00 0.00
3987 1975 82 13050.00 -3.20 9.50 0.41 5.20 0.00
3987 1975 83 12050.00 -2.70 8.60 0.46 4.20 0.00
3987 1975 84 7010.00 -0.80 3.80 0.59 6.50 5.50
3987 1975 85 5090.00 -1.60 1.10 0.57 4.80 6.40
3987 1975 86 10200.00 -2.20 5.60 0.52 5.00 3.80
3987 1975 87 5660.00 0.60 8.40 0.66 8.70 1.60
3987 1975 88 10490.00 -0.40 6.60 0.53 8.40 0.20
3987 1975 89 12420.00 -1.80 7.10 0.50 4.90 0.00
3987 1975 90 12750.00 -1.90 8.00 0.49 3.00 0.00
3987 1975 91 12190.00 -0.80 8.60 0.51 5.70 0.10
3987 1975 92 4960.00 1.30 4.50 0.67 5.70 4.40
3987 1975 93 2670.00 1.10 4.10 0.71 2.60 0.70
3987 1975 94 6460.00 3.00 8.50 0.71 3.80 2.90
3987 1975 95 1340.00 0.50 5.80 0.67 3.30 3.30
3987 1975 96 3590.00 -1.00 5.10 0.65 4.30 13.30
3987 1975 97 11800.00 0.60 9.20 0.60 6.30 0.00
3987 1975 98 11700.00 2.20 9.10 0.59 7.40 2.20
3987 1975 99 11760.00 0.10 8.40 0.56 6.30 0.00
3987 1975 100 13600.00 0.00 9.60 0.54 3.50 0.00
3987 1975 101 16040.00 -2.00 8.70 0.50 4.50 0.00
3987 1975 102 6510.00 0.30 7.00 0.75 5.40 2.30
3987 1975 103 14190.00 2.10 9.40 0.51 11.50 0.60
3987 1975 104 2780.00 1.80 9.80 0.89 2.80 12.60
3987 1975 105 12480.00 8.50 15.50 0.98 5.00 0.20
3987 1975 106 4490.00 6.80 12.00 0.95 3.70 2.10
3987 1975 107 2980.00 4.30 7.10 0.77 2.80 0.10
3987 1975 108 15500.00 2.80 11.80 0.67 4.00 0.00
3987 1975 109 22250.00 0.20 15.40 0.62 4.70 0.00
3987 1975 110 8420.00 1.30 14.20 0.70 3.70 0.10
3987 1975 111 17290.00 3.60 15.90 0.81 2.30 0.00
3987 1975 112 21480.00 4.40 18.00 0.74 2.80 0.00
3987 1975 113 10920.00 9.80 16.70 0.90 3.30 0.00
3987 1975 114 13570.00 6.00 15.30 0.87 7.50 0.00
3987 1975 115 15710.00 4.90 13.30 0.62 7.40 0.00
3987 1975 116 13920.00 2.00 13.00 0.68 4.30 0.00
3987 1975 117 21170.00 3.10 14.50 0.82 3.50 0.00
3987 1975 118 5710.00 8.30 13.50 1.05 2.40 0.00
3987 1975 119 22120.00 6.90 24.40 0.89 6.30 0.00
3987 1975 120 18490.00 7.70 25.30 0.85 7.10 0.00
3987 1975 121 20810.00 4.50 17.40 0.70 3.30 0.00
3987 1975 122 17240.00 6.50 17.30 0.83 5.70 4.80
3987 1975 123 12800.00 5.60 14.80 0.77 4.00 1.60
3987 1975 124 18170.00 2.80 14.30 0.72 4.10 0.00
3987 1975 125 11860.00 4.20 15.30 0.85 5.20 0.00
3987 1975 126 19630.00 5.90 20.30 1.01 4.50 0.00
3987 1975 127 15130.00 12.80 24.50 1.27 6.50 0.00
3987 1975 128 15900.00 13.60 27.30 1.43 6.30 3.70
3987 1975 129 10230.00 11.00 17.90 1.33 4.50 1.10
3987 1975 130 22230.00 7.80 21.20 1.05 4.30 0.00
3987 1975 131 15990.00 10.00 19.40 1.16 3.80 5.70
3987 1975 132 8870.00 8.10 15.70 1.08 5.80 9.80
3987 1975 133 25720.00 2.20 17.30 0.82 3.20 0.00
3987 1975 134 23420.00 6.10 22.80 1.01 3.10 0.00
3987 1975 135 6760.00 9.90 19.70 1.31 2.80 1.80
3987 1975 136 21840.00 9.10 23.40 1.23 2.40 0.00
3987 1975 137 17890.00 10.40 23.70 1.51 2.40 0.00
3987 1975 138 24120.00 12.40 27.00 1.37 2.60 0.00
3987 1975 139 13300.00 15.30 23.00 1.43 4.80 0.00
3987 1975 140 10590.00 10.70 15.60 1.12 4.80 0.00
3987 1975 141 19810.00 8.00 14.80 0.88 6.10 0.00
3987 1975 142 17610.00 6.10 12.70 0.69 7.20 0.00
3987 1975 143 21190.00 3.00 14.30 0.69 5.50 0.00
3987 1975 144 16180.00 3.30 15.20 0.75 2.30 0.00
3987 1975 145 19570.00 6.50 18.70 0.85 5.00 0.00
3987 1975 146 21110.00 5.70 19.20 0.85 5.10 0.00
3987 1975 147 20720.00 9.50 22.00 0.91 5.30 0.00
3987 1975 148 21360.00 7.40 21.70 0.98 3.30 0.00
3987 1975 149 26080.00 8.10 21.00 0.97 6.40 0.00
3987 1975 150 21320.00 6.80 15.60 0.68 6.30 0.00
3987 1975 151 23700.00 2.40 14.50 0.60 6.40 0.00
3987 1975 152 21900.00 2.70 14.60 0.71 5.30 0.00
3987 1975 153 17140.00 2.40 15.40 0.71 3.30 0.00
3987 1975 154 15700.00 8.20 16.20 0.84 7.00 0.60
3987 1975 155 16730.00 5.00 14.30 0.90 5.90 1.10
3987 1975 156 24050.00 4.10 16.30 0.71 5.20 0.00
3987 1975 157 29490.00 4.80 21.40 0.72 3.30 0.00
3987 1975 158 29610.00 6.50 23.40 0.77 4.30 0.00
3987 1975 159 27230.00 6.20 24.90 0.92 5.00 0.60
3987 1975 160 15480.00 12.80 25.10 1.43 3.00 3.20
3987 1975 161 6360.00 12.80 19.60 1.62 2.80 6.70
3987 1975 162 18950.00 11.70 23.20 1.38 3.70 0.00
3987 1975 163 28700.00 9.90 27.50 1.32 2.30 0.00
3987 1975 164 20680.00 14.70 25.20 1.34 4.00 0.00
3987 1975 165 10780.00 13.90 21.10 1.28 4.60 1.30
3987 1975 166 9190.00 13.40 19.80 1.51 2.80 1.80
3987 1975 167 13620.00 13.40 19.70 1.48 3.70 0.00
3987 1975 168 23620.00 9.90 22.20 1.13 2.60 0.00
3987 1975 169 19150.00 10.80 22.50 1.16 4.50 0.00
3987 1975 170 13480.00 13.40 21.70 1.25 3.00 0.00
3987 1975 171 22220.00 14.40 26.80 1.41 3.70 0.00
3987 1975 172 14740.00 15.10 30.50 1.81 4.60 13.70
3987 1975 173 19560.00 17.40 30.40 2.02 4.60 0.00
3987 1975 174 22510.00 16.80 29.50 1.99 3.70 0.00
3987 1975 175 18040.00 18.70 29.80 2.04 2.70 1.20
3987 1975 176 29010.00 13.00 24.10 1.30 4.50 0.00
3987 1975 177 27620.00 10.20 24.80 1.30 3.50 0.00
3987 1975 178 23680.00 12.30 23.20 1.08 4.70 0.00
3987 1975 179 15300.00 11.20 19.50 1.01 3.00 6.40
3987 1975 180 12360.00 10.20 17.60 1.09 3.80 0.10
3987 1975 181 13730.00 9.20 17.80 1.09 4.50 0.00
3987 1975 182 15700.00 9.90 20.30 1.21 5.40 0.00
3987 1975 183 20890.00 14.40 27.60 1.59 3.50 0.00
3987 1975 184 18880.00 15.70 26.90 1.44 2.20 0.00
3987 1975 185 19600.00 14.80 27.40 1.45 3.10 0.00
3987 1975 186 23450.00 12.90 27.50 1.31 3.20 0.00
3987 1975 187 28970.00 10.20 27.60 0.86 3.80 0.00
3987 1975 188 27860.00 13.70 29.30 1.05 2.50 0.00
3987 1975 189 25280.00 15.10 31.50 1.05 3.00 0.00
3987 1975 190 21820.00 15.70 31.80 1.41 4.40 1.30
3987 1975 191 22440.00 15.30 30.20 1.69 2.70 0.00
3987 1975 192 21900.00 15.50 30.00 1.68 1.90 8.90
3987 1975 193 17450.00 15.80 25.40 1.67 4.40 0.00
3987 1975 194 11050.00 15.00 23.80 1.61 3.20 0.30
3987 1975 195 19940.00 16.30 30.10 1.79 2.80 0.80
3987 1975 196 20630.00 18.90 28.20 1.72 4.80 0.80
3987 1975 197 19760.00 15.30 24.20 1.29 6.70 0.00
3987 1975 198 16770.00 15.70 24.10 1.44 4.40 0.00
3987 1975 199 14100.00 14.30 27.70 1.63 3.40 5.50
3987 1975 200 10180.00 15.70 21.80 1.74 4.50 7.70
3987 1975 201 5170.00 14.00 17.50 1.65 5.60 7.10
3987 1975 202 6280.00 14.20 18.80 1.67 3.30 1.20
3987 1975 203 22740.00 14.00 23.70 1.44 2.30 0.00
3987 1975 204 20120.00 16.00 27.80 1.55 3.90 0.00
3987 1975 205 14260.00 15.10 24.70 1.44 5.40 0.00
3987 1975 206 17610.00 11.70 19.80 1.24 2.50 7.00
3987 1975 207 19260.00 11.20 20.30 1.20 6.00 0.00
3987 1975 208 18820.00 9.90 21.10 1.27 7.40 0.00
3987 1975 209 20490.00 13.00 24.00 1.50 5.30 0.00
3987 1975 210 24470.00 13.50 28.90 1.52 3.60 0.00
3987 1975 211 26190.00 13.00 29.40 1.49 2.50 0.00
3987 1975 212 20660.00 16.00 28.20 1.67 1.90 0.00
3987 1975 213 18040.00 15.50 27.70 1.65 2.50 0.00
3987 1975 214 18710.00 12.40 25.30 1.39 3.00 0.00
3987 1975 215 25950.00 14.20 27.30 1.59 3.20 0.00
3987 1975 216 25150.00 14.30 30.20 1.60 1.80 0.00
3987 1975 217 22890.00 17.10 30.00 1.41 2.90 0.00
3987 1975 218 23010.00 16.90 30.80 1.60 2.70 0.00
3987 1975 219 23510.00 17.60 32.10 1.60 4.40 0.00
3987 1975 220 21220.00 18.40 32.40 1.54 4.10 0.00
3987 1975 221 23680.00 17.50 33.50 1.58 4.70 0.00
3987 1975 222 21420.00 18.30 33.60 1.42 4.50 0.00
3987 1975 223 22340.00 18.20 33.30 1.39 4.00 0.00
3987 1975 224 21040.00 16.80 34.20 1.33 3.90 0.00
3987 1975 225 21860.00 14.80 28.10 1.13 4.60 0.00
3987 1975 226 23140.00 9.20 24.70 0.90 3.70 0.00
3987 1975 227 16250.00 10.30 30.70 1.38 4.60 6.90
3987 1975 228 14630.00 16.30 25.10 1.62 5.50 0.00
3987 1975 229 8870.00 13.40 21.80 1.51 4.60 1.70
3987 1975 230 16450.00 13.00 22.50 1.33 3.20 0.00
3987 1975 231 20950.00 12.20 24.10 1.29 3.70 0.00
3987 1975 232 5000.00 13.00 20.90 1.60 2.80 1.10
3987 1975 233 18710.00 15.40 29.80 1.75 3.60 0.00
3987 1975 234 14420.00 16.40 27.70 1.86 3.70 55.70
3987 1975 235 5410.00 14.60 20.00 1.62 3.30 4.00
3987 1975 236 10690.00 11.50 20.20 1.43 1.50 1.40
3987 1975 237 5090.00 12.50 15.90 1.41 2.60 1.40
3987 1975 238 18400.00 13.30 24.40 1.38 4.00 0.00
3987 1975 239 17910.00 9.50 23.40 1.36 2.50 0.00
3987 1975 240 18890.00 12.00 25.60 1.58 1.80 0.00
3987 1975 241 20940.00 14.90 26.40 1.43 4.00 0.00
3987 1975 242 15590.00 13.50 27.30 1.61 2.80 0.00
3987 1975 243 9890.00 15.80 24.80 1.87 2.00 0.00
3987 1975 244 14230.00 15.80 27.60 1.91 2.50 0.00
3987 1975 245 18110.00 17.20 29.50 1.68 3.40 0.00
3987 1975 246 14290.00 15.40 27.70 1.74 3.80 0.00
3987 1975 247 10600.00 16.10 23.30 1.58 3.70 0.00
3987 1975 248 14550.00 12.10 23.70 1.34 2.00 0.00
3987 1975 249 11930.00 12.00 22.20 1.38 3.00 0.40
3987 1975 250 11040.00 12.00 20.80 1.23 3.30 0.00
3987 1975 251 19400.00 5.70 21.00 0.86 2.10 0.00
3987 1975 252 13940.00 6.70 24.00 1.02 4.20 0.00
3987 1975 253 9530.00 13.10 22.80 1.41 3.30 0.10
3987 1975 254 10530.00 13.50 24.40 1.57 2.30 13.40
3987 1975 255 11990.00 12.00 20.50 1.40 4.00 4.00
3987 1975 256 9150.00 8.50 16.70 1.06 6.70 1.70
3987 1975 257 3740.00 9.00 18.40 1.26 6.30 0.10
3987 1975 258 8680.00 12.40 18.80 1.35 3.00 0.00
3987 1975 259 16020.00 9.20 22.70 1.32 2.70 0.00
3987 1975 260 13000.00 13.20 31.10 1.86 2.50 0.00
3987 1975 261 13780.00 16.90 29.30 1.88 4.50 0.00
3987 1975 262 3160.00 15.10 20.90 1.48 3.50 0.00
3987 1975 263 7210.00 13.50 19.20 1.52 1.80 0.00
3987 1975 264 10700.00 10.70 22.90 1.38 2.70 0.00
3987 1975 265 13260.00 8.80 19.20 1.18 2.30 0.00
3987 1975 266 12100.00 9.00 23.80 1.27 4.50 0.00
3987 1975 267 8880.51 11.80 18.40 1.47 3.60 0.00
3987 1975 268 10190.00 11.40 23.00 1.36 7.00 0.00
3987 1975 269 2450.00 11.50 20.70 1.30 6.80 2.50
3987 1975 270 6380.00 5.90 17.80 1.25 6.60 0.30
3987 1975 271 13850.00 13.50 19.90 1.22 7.20 4.00
3987 1975 272 6120.00 9.40 18.50 1.37 4.60 2.40
3987 1975 273 11120.00 11.60 24.30 1.69 6.80 0.00
3987 1975 274 6790.00 14.00 21.00 1.42 4.30 0.10
3987 1975 275 12840.00 10.50 21.20 1.28 1.80 0.30
3987 1975 276 5520.00 12.00 18.30 1.37 7.50 0.90
3987 1975 277 7530.00 9.00 15.50 1.01 8.80 1.30
3987 1975 278 2120.00 10.00 13.80 1.33 6.00 3.00
3987 1975 279 4610.00 11.80 15.30 1.32 6.80 0.40
3987 1975 280 7480.00 8.50 14.00 1.00 10.20 3.70
3987 1975 281 4280.00 7.70 12.90 0.91 7.50 0.30
3987 1975 282 5310.00 5.20 11.00 0.87 3.50 0.80
3987 1975 283 8650.00 0.60 8.70 0.62 2.40 0.00
3987 1975 284 3170.00 0.60 7.70 0.75 1.90 0.00
3987 1975 285 10990.00 -1.90 9.30 0.58 5.40 0.00
3987 1975 286 1350.00 1.40 6.20 0.69 5.60 4.40
3987 1975 287 2350.00 4.70 7.40 0.86 3.80 0.00
3987 1975 288 6850.00 2.40 10.70 0.85 2.10 0.00
3987 1975 289 8260.00 5.10 16.30 0.98 3.80 0.00
3987 1975 290 3370.00 5.10 13.80 1.01 4.50 1.50
3987 1975 291 3510.00 6.70 11.70 1.05 3.60 1.40
3987 1975 292 580.00 8.80 10.80 1.12 5.80 2.60
3987 1975 293 1100.00 5.90 9.10 0.93 3.70 1.40
3987 1975 294 1970.00 5.90 9.10 1.00 2.10 6.90
3987 1975 295 570.00 7.50 10.20 1.16 3.00 1.00
3987 1975 296 1880.00 7.20 10.00 1.11 2.70 0.00
3987 1975 297 1360.00 7.60 10.90 1.09 1.50 0.00
3987 1975 298 950.00 4.30 7.60 0.92 1.00 0.00
3987 1975 299 1530.00 3.80 6.00 0.84 1.00 0.00
3987 1975 300 2690.00 0.20 4.60 0.71 1.60 0.00
3987 1975 301 1150.00 1.50 3.70 0.72 1.40 0.00
3987 1975 302 1190.00 0.20 3.10 0.70 2.00 0.00
3987 1975 303 2760.00 0.60 4.70 0.69 1.70 0.30
3987 1975 304 5420.00 -0.10 11.70 0.85 3.50 0.00
3987 1975 305 6670.00 1.80 15.00 0.85 4.80 0.00
3987 1975 306 3680.00 2.10 9.20 0.85 3.40 0.00
3987 1975 307 1970.00 1.90 8.80 0.85 1.50 0.00
3987 1975 308 430.00 1.50 7.90 0.85 2.20 0.80
3987 1975 309 1160.00 2.50 8.30 0.93 2.30 0.00
3987 1975 310 2340.00 5.20 8.30 0.79 2.60 0.00
3987 1975 311 2100.00 3.90 8.10 0.83 1.60 0.00
3987 1975 312 1410.00 4.80 8.60 0.86 3.80 0.00
3987 1975 313 1680.00 2.20 6.70 0.69 6.30 0.00
3987 1975 314 3350.00 1.40 6.00 0.62 6.50 0.00
3987 1975 315 3690.00 0.40 5.20 0.63 4.80 0.40
3987 1975 316 1190.00 0.60 4.10 0.62 5.90 0.00
3987 1975 317 1150.00 0.70 5.10 0.70 6.00 0.40
3987 1975 318 700.00 -1.40 4.90 0.64 3.70 6.90
3987 1975 319 2240.00 1.00 3.70 0.66 2.80 0.00
3987 1975 320 4920.00 -2.30 6.10 0.53 7.90 0.00
3987 1975 321 3660.00 1.90 6.50 0.59 5.00 0.00
3987 1975 322 760.00 1.80 3.90 0.68 2.90 0.00
3987 1975 323 2830.00 1.80 6.80 0.75 6.30 7.60
3987 1975 324 2230.00 2.50 8.60 0.80 9.80 3.70
3987 1975 325 4070.00 -1.00 2.60 0.58 7.50 10.90
3987 1975 326 5610.00 -4.00 2.40 0.50 4.30 0.00
3987 1975 327 4940.00 -8.50 0.50 0.36 2.60 0.00
3987 1975 328 3810.00 -9.40 -1.70 0.37 4.40 0.00
3987 1975 329 3000.00 -10.90 -3.40 0.33 4.70 0.00
3987 1975 330 3590.00 -7.60 2.30 0.46 5.90 0.00
3987 1975 331 2440.00 -1.60 2.40 0.53 6.80 4.50
3987 1975 332 3000.00 -0.10 6.60 0.68 7.80 3.70
3987 1975 333 1490.00 2.70 8.60 0.77 6.90 0.10
3987 1975 334 820.00 -0.30 3.80 0.67 2.60 0.00
3987 1975 335 650.00 0.50 2.90 0.66 3.30 0.00
3987 1975 336 770.00 0.40 6.50 0.69 9.40 2.80
3987 1975 337 1080.00 5.00 7.60 0.85 5.90 0.00
3987 1975 338 1580.00 3.10 5.90 0.72 8.40 3.40
3987 1975 339 1030.00 4.10 7.20 0.85 7.90 0.10
3987 1975 340 1030.00 3.10 8.80 0.73 11.80 0.20
3987 1975 341 940.00 -1.30 4.70 0.64 7.70 0.00
3987 1975 342 1070.00 2.60 5.70 0.64 10.10 0.00
3987 1975 343 1539.10 1.70 5.60 0.67 8.10 0.00
3987 1975 344 730.00 4.30 6.40 0.79 6.40 0.60
3987 1975 345 1020.00 0.40 5.10 0.68 2.50 0.00
3987 1975 346 350.00 -0.50 3.40 0.62 2.40 0.20
3987 1975 347 720.00 0.60 1.60 0.64 4.10 0.80
3987 1975 348 2900.00 -3.60 1.10 0.48 2.00 0.00
3987 1975 349 1110.00 -6.40 -2.30 0.44 2.30 0.00
3987 1975 350 690.00 -4.80 -2.10 0.47 1.60 0.10
3987 1975 351 980.00 -4.30 0.80 0.50 3.10 0.00
3987 1975 352 3070.00 -7.30 0.50 0.37 3.30 0.00
3987 1975 353 780.00 -9.40 -0.90 0.35 5.10 0.20
3987 1975 354 330.00 -1.50 0.00 0.57 2.80 0.10
3987 1975 355 780.00 -1.00 4.60 0.74 6.90 0.00
3987 1975 356 1020.00 4.60 6.00 0.74 7.40 0.00
3987 1975 357 600.00 4.70 5.60 0.72 6.80 0.00
3987 1975 358 810.00 2.90 5.60 0.67 8.30 5.30
3987 1975 359 600.00 0.50 3.10 0.67 7.20 5.10
3987 1975 360 1160.00 0.00 6.10 0.71 9.70 8.20
3987 1975 361 720.00 6.10 7.50 0.85 9.80 0.00
3987 1975 362 1750.00 2.80 6.70 0.69 5.00 0.00
3987 1975 363 1410.00 2.10 5.70 0.68 4.90 0.00
3987 1975 364 2130.00 -0.20 5.00 0.62 5.00 0.00
3987 1975 365 430.00 -1.00 5.00 0.64 8.30 4.50
