*---------------------------------------------------------------------------*
* Station name: Potsdam Saekularstation
* Year: 1971
* Author: Pedro Alencar                                   -999.000: NIL VALUE
* Source: DWD
* Comments: Gaps filled with interpolation and storical means
* Longitude: 13.0622, latitude: 52.3812, altitude: 82.0 m.
*
    * Column  Daily value
    * 1       station number
    * 2       year
    * 3       day
    * 4       irradiation                   (kJ m-2 d-1)
    * 5       minimum temperature           (degrees Celsius
    * 6       maximum temperature           (degrees Celsius)
    * 7       early morning vapour pressure (kPa)
    * 8       mean wind speed (height: 2 m) (m s-1)
    * 9       precipitation                 (mm d-1)
    *
** WCCDESCRIPTION=Potsdam, Germany
** WCCFORMAT=2
** WCCYEARNR=1971
*---------------------------------------------------------------------------*
   13.0622 52.3812 82.0 -0.18 -0.55
3987 1971 1 3340.00 -15.30 -7.90 0.24 3.80 1.50
3987 1971 2 3330.00 -10.40 -5.90 0.28 4.10 0.00
3987 1971 3 3510.00 -18.40 -8.20 0.17 4.50 0.00
3987 1971 4 3330.00 -19.20 -9.50 0.19 3.00 0.00
3987 1971 5 1660.00 -16.60 -7.20 0.27 2.00 0.00
3987 1971 6 2440.00 -12.30 -7.30 0.24 3.10 0.00
3987 1971 7 2990.00 -16.50 -4.50 0.26 6.10 0.00
3987 1971 8 1760.00 -5.70 1.80 0.47 5.30 0.00
3987 1971 9 1460.00 -0.10 3.50 0.57 4.60 0.00
3987 1971 10 1960.00 -4.70 1.20 0.46 5.20 0.00
3987 1971 11 3520.00 -8.70 -1.30 0.31 8.00 0.00
3987 1971 12 3520.00 -9.40 -1.50 0.31 7.80 0.00
3987 1971 13 3300.00 -8.20 2.20 0.38 6.60 0.00
3987 1971 14 3120.00 -3.80 2.40 0.48 6.90 0.00
3987 1971 15 3220.00 -3.90 1.20 0.45 5.20 0.60
3987 1971 16 1140.00 -4.30 2.70 0.64 4.80 3.50
3987 1971 17 1410.00 0.20 2.90 0.66 3.50 0.00
3987 1971 18 3770.00 -4.20 1.00 0.53 3.80 0.00
3987 1971 19 1890.00 -1.80 2.70 0.59 7.50 0.30
3987 1971 20 3170.00 1.40 6.20 0.70 6.60 2.30
3987 1971 21 2460.00 0.10 2.80 0.65 5.50 0.00
3987 1971 22 2180.00 0.30 5.40 0.67 5.00 0.00
3987 1971 23 4370.00 1.40 8.10 0.69 7.50 5.90
3987 1971 24 4660.00 3.80 10.30 0.76 9.00 0.10
3987 1971 25 2960.00 0.60 8.30 0.72 7.00 0.00
3987 1971 26 1280.00 2.80 8.60 0.75 8.70 3.90
3987 1971 27 2480.00 6.00 10.40 0.91 6.80 2.10
3987 1971 28 1630.00 4.40 7.60 0.81 6.30 3.10
3987 1971 29 1880.00 2.50 5.90 0.73 6.40 0.70
3987 1971 30 4830.00 -0.90 5.40 0.63 5.40 0.00
3987 1971 31 4910.00 -1.50 6.40 0.64 4.30 0.00
3987 1971 32 2260.00 -2.00 2.80 0.49 6.50 0.10
3987 1971 33 7130.00 -5.00 2.40 0.44 6.40 0.60
3987 1971 34 650.00 -0.80 3.00 0.59 9.00 2.10
3987 1971 35 5650.00 -2.90 3.40 0.55 3.40 0.60
3987 1971 36 1230.00 -0.60 4.90 0.78 5.00 0.20
3987 1971 37 2780.00 1.50 6.50 0.73 7.00 0.50
3987 1971 38 1190.00 2.50 4.60 0.74 6.80 2.50
3987 1971 39 1020.00 2.70 6.40 0.85 8.50 0.90
3987 1971 40 950.00 4.70 6.10 0.85 5.70 0.00
3987 1971 41 1060.00 3.60 5.20 0.79 1.80 0.00
3987 1971 42 5300.00 2.20 8.40 0.65 3.80 0.00
3987 1971 43 3800.00 -2.60 5.60 0.59 5.50 1.90
3987 1971 44 3420.00 2.40 8.70 0.81 7.40 2.10
3987 1971 45 5650.00 1.30 5.90 0.60 7.80 0.10
3987 1971 46 6720.00 -0.20 7.70 0.58 6.50 0.00
3987 1971 47 6910.00 -0.70 8.60 0.61 5.70 0.00
3987 1971 48 2870.00 -0.40 4.70 0.67 2.90 0.00
3987 1971 49 5220.00 -1.40 6.30 0.62 4.50 0.00
3987 1971 50 2490.00 0.30 5.00 0.67 3.40 0.00
3987 1971 51 6500.00 -0.80 5.80 0.64 2.70 0.00
3987 1971 52 6710.00 -3.30 6.40 0.61 5.80 2.70
3987 1971 53 2550.00 1.00 5.80 0.73 4.70 0.20
3987 1971 54 1160.00 0.10 4.00 0.61 5.40 0.60
3987 1971 55 3380.00 -2.40 4.10 0.63 7.00 3.10
3987 1971 56 5240.00 1.30 5.60 0.63 8.90 0.20
3987 1971 57 4230.00 -7.00 2.60 0.32 7.30 2.70
3987 1971 58 6030.00 -10.00 -3.20 0.32 5.90 0.10
3987 1971 59 3460.00 -6.50 -3.20 0.43 8.40 2.40
3987 1971 60 6830.00 -9.10 -1.40 0.39 4.00 1.00
3987 1971 61 9020.00 -8.50 -3.00 0.33 3.10 0.50
3987 1971 62 10910.00 -10.70 -5.50 0.25 5.20 0.00
3987 1971 63 7130.00 -13.70 -4.70 0.27 3.20 0.70
3987 1971 64 11070.00 -10.80 -4.40 0.27 3.20 0.10
3987 1971 65 9410.00 -12.80 -3.40 0.27 4.30 0.00
3987 1971 66 11180.00 -8.60 0.50 0.36 5.10 0.00
3987 1971 67 4400.00 -5.80 1.40 0.48 5.50 0.00
3987 1971 68 2990.00 -0.30 2.40 0.64 5.90 0.90
3987 1971 69 11770.00 -0.80 3.40 0.48 8.60 2.40
3987 1971 70 11730.00 -3.80 1.60 0.41 12.50 0.00
3987 1971 71 15110.00 -8.00 4.40 0.36 5.00 4.00
3987 1971 72 4530.00 0.40 8.70 0.75 9.70 0.00
3987 1971 73 10100.00 3.60 11.10 0.72 4.30 0.00
3987 1971 74 12410.00 0.00 13.90 0.64 4.30 0.00
3987 1971 75 11080.00 3.50 10.00 0.68 4.20 0.00
3987 1971 76 11720.00 0.20 12.00 0.65 6.70 0.10
3987 1971 77 12750.00 1.90 15.80 0.69 6.20 0.00
3987 1971 78 12410.00 5.10 16.80 0.78 4.20 0.10
3987 1971 79 10860.00 3.50 15.80 0.80 4.00 0.00
3987 1971 80 9920.00 5.80 16.30 0.92 4.90 0.00
3987 1971 81 2400.00 1.90 13.10 0.72 7.30 0.00
3987 1971 82 14260.00 -2.90 6.90 0.44 6.40 0.00
3987 1971 83 5990.00 -2.00 8.10 0.60 7.20 2.90
3987 1971 84 3000.00 3.90 9.90 0.85 7.30 1.00
3987 1971 85 10020.00 2.90 8.70 0.71 4.30 0.50
3987 1971 86 11950.00 0.30 8.90 0.64 3.50 0.00
3987 1971 87 13350.00 -2.00 7.50 0.59 2.80 0.00
3987 1971 88 3810.00 -0.80 3.90 0.59 3.30 0.00
3987 1971 89 4280.00 -0.30 6.30 0.68 5.00 0.50
3987 1971 90 2690.00 3.00 6.70 0.82 4.00 5.30
3987 1971 91 9970.00 4.50 14.50 0.95 3.10 0.00
3987 1971 92 5830.00 5.10 14.50 0.95 3.50 0.30
3987 1971 93 5520.00 7.20 12.20 0.97 3.20 0.00
3987 1971 94 16980.00 4.00 18.40 0.91 5.20 0.00
3987 1971 95 11980.00 7.20 16.00 1.01 5.10 4.20
3987 1971 96 2660.00 4.30 11.40 0.88 4.80 4.70
3987 1971 97 3300.00 4.90 8.50 0.87 2.00 0.00
3987 1971 98 10300.00 5.90 13.10 0.89 4.10 0.00
3987 1971 99 15190.00 4.10 16.50 0.91 5.30 0.00
3987 1971 100 6410.00 3.60 12.80 0.78 3.20 0.00
3987 1971 101 8640.00 5.50 12.00 0.81 2.30 0.00
3987 1971 102 11680.00 1.00 11.00 0.77 4.90 0.00
3987 1971 103 14880.00 1.90 13.10 0.77 5.20 0.00
3987 1971 104 23030.00 -0.50 13.40 0.46 3.30 0.00
3987 1971 105 21010.00 1.40 16.00 0.50 4.00 0.00
3987 1971 106 15310.00 2.40 21.90 0.72 4.30 0.40
3987 1971 107 10920.00 5.30 16.50 0.76 7.00 0.10
3987 1971 108 20320.00 -0.80 15.00 0.58 5.40 0.00
3987 1971 109 20670.00 5.10 21.20 0.64 3.80 0.00
3987 1971 110 12750.00 5.90 16.80 0.78 4.30 0.00
3987 1971 111 17880.00 5.30 18.10 0.75 2.30 0.00
3987 1971 112 21820.00 4.50 21.20 0.79 5.20 0.00
3987 1971 113 18190.00 7.90 22.80 0.86 8.80 0.00
3987 1971 114 2910.00 7.40 17.40 0.79 7.30 6.50
3987 1971 115 9080.00 3.10 8.60 0.64 4.70 0.00
3987 1971 116 18150.00 -2.10 9.00 0.49 3.30 0.10
3987 1971 117 1850.00 -1.10 5.50 0.63 4.30 7.80
3987 1971 118 18190.00 -0.20 10.00 0.59 3.90 0.20
3987 1971 119 14380.00 1.20 10.40 0.61 8.90 0.40
3987 1971 120 19770.00 0.30 11.30 0.54 4.50 0.00
3987 1971 121 25040.00 -0.10 12.60 0.47 6.90 0.00
3987 1971 122 25620.00 2.40 15.40 0.49 6.20 0.00
3987 1971 123 25460.00 2.80 17.00 0.53 3.60 0.00
3987 1971 124 21720.00 3.50 18.60 0.60 3.30 0.00
3987 1971 125 21030.00 5.90 17.40 0.77 5.00 0.00
3987 1971 126 22980.00 4.90 19.70 0.76 4.50 0.00
3987 1971 127 24470.00 6.00 20.50 0.80 5.50 0.00
3987 1971 128 24120.00 6.10 22.30 0.88 5.30 0.00
3987 1971 129 24140.00 7.50 25.10 0.91 4.70 7.00
3987 1971 130 18090.00 12.00 21.40 1.32 4.30 0.00
3987 1971 131 20740.00 10.30 25.50 1.34 2.30 0.00
3987 1971 132 24050.00 12.50 29.00 1.14 4.90 0.00
3987 1971 133 15270.00 13.20 27.80 1.46 4.30 1.40
3987 1971 134 19560.00 12.20 24.60 1.40 2.90 4.70
3987 1971 135 18090.00 12.90 25.40 1.49 3.30 0.00
3987 1971 136 18990.00 12.10 24.60 1.43 3.10 0.00
3987 1971 137 24380.00 13.20 32.20 1.37 5.00 0.00
3987 1971 138 23420.00 15.30 32.50 1.60 4.40 6.40
3987 1971 139 7580.00 15.40 26.00 1.72 2.60 0.00
3987 1971 140 12540.00 10.80 24.50 1.29 3.60 24.90
3987 1971 141 15970.00 12.00 20.90 1.39 4.00 0.00
3987 1971 142 24340.00 7.30 20.80 0.96 4.50 0.00
3987 1971 143 4290.00 8.30 18.40 0.91 6.90 5.80
3987 1971 144 3190.00 8.60 12.80 1.19 4.50 4.00
3987 1971 145 8100.00 8.90 14.50 1.21 2.20 0.00
3987 1971 146 6030.00 10.00 14.30 1.24 2.10 4.60
3987 1971 147 16140.00 9.70 21.60 1.39 2.90 1.00
3987 1971 148 15010.00 14.30 22.30 1.53 4.30 13.40
3987 1971 149 16860.00 12.30 19.80 1.40 4.30 2.80
3987 1971 150 11480.00 9.60 17.60 1.28 3.70 0.20
3987 1971 151 10560.00 12.30 18.30 1.56 1.90 1.10
3987 1971 152 21060.00 12.30 27.40 1.52 3.80 1.20
3987 1971 153 23860.00 14.20 28.60 1.40 4.50 0.40
3987 1971 154 21720.00 15.30 28.00 1.48 3.80 0.00
3987 1971 155 14670.00 14.90 24.80 1.53 2.60 26.40
3987 1971 156 13760.00 14.80 22.60 1.76 2.30 0.80
3987 1971 157 5720.00 15.00 20.00 1.68 3.00 0.00
3987 1971 158 19050.00 12.10 23.00 1.35 3.50 0.00
3987 1971 159 21650.00 11.40 23.40 1.36 2.70 17.80
3987 1971 160 16410.00 11.90 22.80 1.49 2.30 5.40
3987 1971 161 3200.00 13.70 18.10 1.55 3.70 6.30
3987 1971 162 9970.00 12.90 18.80 1.44 2.80 0.20
3987 1971 163 6970.00 10.70 15.00 1.19 6.10 0.20
3987 1971 164 14550.00 9.70 15.80 1.13 7.00 4.90
3987 1971 165 21580.00 8.50 20.60 1.11 3.50 0.00
3987 1971 166 11570.00 10.80 19.20 1.38 4.50 3.00
3987 1971 167 14170.00 9.30 14.80 1.15 6.80 4.30
3987 1971 168 15250.00 8.40 16.70 1.07 4.80 3.40
3987 1971 169 18090.00 7.60 16.20 1.04 4.10 0.70
3987 1971 170 7830.00 6.80 12.70 1.01 2.70 1.30
3987 1971 171 13630.00 9.10 16.20 1.17 2.40 5.30
3987 1971 172 5620.00 11.40 15.40 1.37 6.60 0.80
3987 1971 173 10270.00 9.60 17.10 1.29 6.30 5.50
3987 1971 174 11650.00 10.30 16.90 1.19 6.90 0.00
3987 1971 175 25200.00 8.70 20.40 1.15 2.80 0.00
3987 1971 176 25460.00 10.60 25.30 1.18 2.60 0.00
3987 1971 177 19190.00 15.00 28.50 1.47 3.30 14.00
3987 1971 178 8260.00 13.40 22.60 1.53 6.30 5.00
3987 1971 179 17940.00 9.60 19.40 1.22 4.80 26.10
3987 1971 180 4630.00 9.50 13.30 1.23 10.60 14.70
3987 1971 181 17370.00 7.00 16.80 1.04 5.90 7.90
3987 1971 182 20500.00 10.50 20.40 1.28 7.30 0.00
3987 1971 183 17180.00 9.10 20.40 1.25 6.00 1.40
3987 1971 184 22540.00 12.60 23.00 1.42 3.50 0.00
3987 1971 185 26700.00 11.60 26.00 1.35 4.00 0.00
3987 1971 186 27700.00 9.10 26.00 1.33 3.20 0.00
3987 1971 187 29450.00 10.50 28.20 1.40 3.10 0.00
3987 1971 188 29480.00 12.00 27.90 1.41 3.40 0.00
3987 1971 189 28400.00 13.50 29.00 1.51 1.40 0.00
3987 1971 190 26280.00 16.50 30.30 1.79 2.30 0.00
3987 1971 191 26030.00 16.90 30.60 1.68 3.30 0.00
3987 1971 192 25900.00 16.20 27.70 1.25 2.80 0.00
3987 1971 193 21720.00 13.70 28.10 1.50 3.20 0.00
3987 1971 194 27410.00 11.50 24.10 1.06 5.80 0.00
3987 1971 195 13130.00 10.10 20.80 1.25 5.60 2.40
3987 1971 196 12450.00 12.90 19.00 1.33 7.50 0.00
3987 1971 197 19690.00 13.50 19.50 1.11 9.30 0.00
3987 1971 198 20620.00 9.00 19.10 0.95 7.30 0.00
3987 1971 199 18430.00 7.80 20.70 1.10 3.50 0.00
3987 1971 200 26490.00 9.80 20.50 0.97 3.80 0.00
3987 1971 201 17630.00 9.00 20.00 1.03 2.40 0.00
3987 1971 202 24510.00 11.00 23.30 1.12 3.30 0.00
3987 1971 203 12970.00 12.80 21.70 1.37 1.30 0.00
3987 1971 204 22830.00 11.60 28.20 1.31 4.20 0.00
3987 1971 205 20900.00 14.10 30.40 1.43 4.50 0.50
3987 1971 206 18940.00 17.70 31.00 1.63 3.90 0.00
3987 1971 207 18700.00 20.10 29.20 1.70 4.70 0.00
3987 1971 208 24090.00 16.90 33.30 1.76 4.00 0.00
3987 1971 209 22010.00 20.10 34.40 1.85 5.20 0.00
3987 1971 210 15280.00 17.30 26.00 1.77 4.00 0.80
3987 1971 211 20540.00 14.10 26.60 1.54 2.70 0.00
3987 1971 212 22940.00 15.40 33.50 1.49 4.20 0.00
3987 1971 213 20710.00 16.80 29.40 1.62 4.30 0.00
3987 1971 214 19900.00 16.80 30.80 1.70 3.80 0.00
3987 1971 215 22400.00 18.00 34.10 1.66 5.00 0.00
3987 1971 216 22610.00 18.90 29.50 1.54 4.70 0.00
3987 1971 217 15180.00 15.60 27.40 1.29 2.80 0.00
3987 1971 218 21810.00 15.40 31.30 1.40 3.70 0.00
3987 1971 219 17550.00 18.50 31.60 1.61 6.30 0.80
3987 1971 220 16990.00 14.10 24.10 1.36 5.90 0.00
3987 1971 221 20370.00 10.70 24.00 1.23 3.70 0.00
3987 1971 222 15030.00 15.80 28.60 1.43 3.50 0.00
3987 1971 223 16330.00 17.50 29.70 1.42 5.60 0.00
3987 1971 224 9290.00 14.40 25.10 1.35 5.50 0.00
3987 1971 225 13010.00 13.80 25.20 1.15 4.20 0.00
3987 1971 226 20580.00 14.70 30.40 1.44 5.10 0.00
3987 1971 227 20500.00 17.40 28.50 1.45 7.20 0.00
3987 1971 228 11380.00 14.50 22.50 1.24 5.90 0.00
3987 1971 229 21210.00 9.60 22.90 1.15 3.40 0.00
3987 1971 230 22640.00 10.20 27.50 1.14 4.80 0.00
3987 1971 231 20070.00 13.70 30.80 1.17 5.10 0.00
3987 1971 232 19080.00 16.50 33.20 1.44 5.80 0.00
3987 1971 233 16430.00 17.80 28.60 1.85 5.30 0.00
3987 1971 234 14120.00 17.20 29.80 1.86 4.00 0.10
3987 1971 235 8710.00 13.70 25.60 1.37 5.00 9.40
3987 1971 236 21730.00 9.30 21.90 0.85 5.90 0.00
3987 1971 237 23270.00 8.50 23.90 0.84 5.50 0.00
3987 1971 238 17370.00 11.00 21.60 1.10 5.40 0.00
3987 1971 239 10480.00 12.60 21.50 1.47 6.30 1.20
3987 1971 240 11850.00 11.30 19.70 1.32 7.50 0.00
3987 1971 241 8600.00 14.70 21.10 1.58 5.60 2.50
3987 1971 242 13950.00 14.30 23.70 1.57 5.50 0.00
3987 1971 243 13080.00 10.70 20.00 1.29 4.60 1.40
3987 1971 244 17250.00 9.70 21.80 1.23 5.30 0.00
3987 1971 245 12290.00 13.90 20.10 1.24 6.70 0.00
3987 1971 246 7670.00 9.00 20.00 1.38 4.80 0.00
3987 1971 247 13740.00 13.20 23.10 1.47 5.10 0.00
3987 1971 248 16520.00 9.50 19.50 1.08 6.70 0.00
3987 1971 249 18670.00 10.50 20.80 1.02 5.50 0.00
3987 1971 250 18400.00 5.70 21.10 0.93 3.20 0.00
3987 1971 251 12880.00 9.70 19.80 1.02 4.30 0.00
3987 1971 252 5900.00 6.80 15.20 1.09 6.00 12.00
3987 1971 253 6600.00 10.10 14.20 1.22 3.60 0.30
3987 1971 254 11180.00 6.50 17.10 1.12 2.90 0.00
3987 1971 255 5190.00 7.40 15.40 1.29 4.90 0.00
3987 1971 256 15100.00 9.70 18.40 0.96 4.80 0.10
3987 1971 257 11630.00 7.40 10.10 1.06 4.60 4.90
3987 1971 258 13780.00 5.10 14.60 0.90 3.50 0.30
3987 1971 259 11520.00 3.10 14.90 0.84 3.10 0.20
3987 1971 260 12190.00 1.10 14.60 0.70 3.30 1.10
3987 1971 261 1170.00 6.00 11.50 1.06 5.60 9.80
3987 1971 262 9630.00 9.60 15.40 1.18 4.60 0.00
3987 1971 263 8860.00 7.60 19.00 1.24 3.60 0.00
3987 1971 264 11330.00 11.30 21.20 1.34 3.10 0.00
3987 1971 265 13510.00 8.90 22.80 1.23 3.90 0.00
3987 1971 266 11330.00 8.80 23.10 1.36 4.30 1.70
3987 1971 267 9960.61 14.20 20.60 1.46 6.30 0.20
3987 1971 268 9750.00 7.40 16.60 1.17 4.30 10.40
3987 1971 269 5380.00 7.70 12.90 1.06 4.20 0.00
3987 1971 270 14080.00 7.00 17.50 0.97 4.90 0.00
3987 1971 271 4230.00 8.60 14.60 1.16 5.00 15.20
3987 1971 272 4600.00 10.00 14.20 1.27 2.90 0.50
3987 1971 273 6380.00 8.40 16.10 1.24 4.00 0.00
3987 1971 274 3330.00 9.70 17.50 1.44 3.80 0.00
3987 1971 275 10180.00 9.90 21.50 1.41 3.00 0.00
3987 1971 276 10730.00 9.70 22.00 1.39 2.60 0.00
3987 1971 277 7510.00 8.60 15.60 0.98 5.60 0.00
3987 1971 278 11410.00 2.10 13.90 0.69 3.50 0.00
3987 1971 279 12330.00 0.70 13.40 0.63 3.40 0.00
3987 1971 280 12150.00 1.50 18.40 0.66 8.00 0.00
3987 1971 281 4930.00 12.40 17.50 1.22 6.90 0.00
3987 1971 282 4670.00 5.60 14.60 1.05 5.70 0.00
3987 1971 283 6630.00 10.60 18.00 1.18 6.30 0.00
3987 1971 284 8390.00 8.90 20.00 1.27 6.00 0.00
3987 1971 285 8510.00 11.80 21.30 1.25 4.70 0.00
3987 1971 286 3760.00 8.40 15.00 1.20 4.00 8.60
3987 1971 287 1450.00 3.80 8.50 0.81 5.00 7.10
3987 1971 288 9320.00 -0.30 10.60 0.69 4.20 0.20
3987 1971 289 9490.00 -0.50 8.90 0.61 4.80 0.00
3987 1971 290 9530.00 -1.90 10.30 0.54 7.00 0.40
3987 1971 291 8270.00 4.80 15.20 0.94 8.00 0.50
3987 1971 292 6510.00 10.70 18.80 1.25 9.00 0.70
3987 1971 293 7210.00 11.70 15.60 1.03 9.10 9.10
3987 1971 294 7020.00 6.50 13.40 0.93 9.20 1.40
3987 1971 295 1490.00 8.10 16.30 1.27 12.20 0.10
3987 1971 296 6760.00 8.70 16.80 1.03 8.20 0.00
3987 1971 297 5620.00 6.70 16.90 1.10 5.70 0.00
3987 1971 298 3420.00 9.30 13.90 1.01 5.40 0.00
3987 1971 299 8830.00 2.40 13.00 0.75 3.20 0.00
3987 1971 300 7840.00 -0.70 12.60 0.69 2.10 0.00
3987 1971 301 5600.00 0.50 11.30 0.77 1.80 0.00
3987 1971 302 6800.00 1.70 12.60 0.77 2.50 0.00
3987 1971 303 5820.00 0.20 11.60 0.71 4.70 0.00
3987 1971 304 4960.00 -0.30 9.40 0.69 4.00 0.00
3987 1971 305 1200.00 2.70 9.90 1.01 5.50 0.00
3987 1971 306 2270.00 8.80 13.00 1.13 5.70 0.00
3987 1971 307 820.00 8.20 11.50 1.16 7.10 2.00
3987 1971 308 5890.00 9.50 16.40 1.02 8.40 0.00
3987 1971 309 6060.00 7.00 15.40 0.95 7.20 0.00
3987 1971 310 5610.00 5.70 15.80 0.83 7.70 0.00
3987 1971 311 3860.00 5.00 12.30 0.75 8.10 0.00
3987 1971 312 1450.00 2.10 6.70 0.72 7.50 0.50
3987 1971 313 4070.00 1.60 8.80 0.73 5.40 0.00
3987 1971 314 1530.00 2.80 6.60 0.69 5.60 0.50
3987 1971 315 6170.00 -2.60 5.50 0.48 4.40 0.00
3987 1971 316 1420.00 -5.30 1.90 0.54 4.10 0.40
3987 1971 317 1400.00 0.80 2.60 0.65 3.00 0.20
3987 1971 318 2010.00 -0.80 8.20 0.82 5.10 0.00
3987 1971 319 820.00 3.10 8.00 0.89 6.80 1.30
3987 1971 320 570.00 7.30 9.80 0.92 11.40 5.40
3987 1971 321 1590.00 1.00 8.70 0.64 12.50 2.80
3987 1971 322 770.00 0.30 8.60 0.68 8.40 5.80
3987 1971 323 3510.00 -1.60 2.70 0.51 4.40 0.20
3987 1971 324 5190.00 -7.10 1.10 0.40 4.90 0.00
3987 1971 325 1800.00 -4.70 0.00 0.38 8.10 7.90
3987 1971 326 3770.00 -2.80 5.20 0.58 6.70 0.00
3987 1971 327 3080.00 -2.40 2.70 0.51 4.70 4.10
3987 1971 328 2400.00 -3.40 -0.80 0.47 3.80 0.20
3987 1971 329 1240.00 -4.40 1.20 0.53 8.20 0.60
3987 1971 330 1750.00 1.20 6.20 0.82 6.70 1.60
3987 1971 331 1020.00 4.90 6.50 0.89 4.30 0.00
3987 1971 332 3940.00 0.20 6.70 0.66 5.80 0.00
3987 1971 333 600.00 2.20 5.20 0.66 5.30 0.00
3987 1971 334 860.00 2.30 4.70 0.73 3.50 0.00
3987 1971 335 530.00 2.30 3.90 0.72 2.00 0.80
3987 1971 336 240.00 2.50 3.30 0.73 1.30 0.70
3987 1971 337 1200.00 2.10 4.70 0.72 2.30 0.00
3987 1971 338 1630.00 2.00 3.80 0.70 5.10 2.70
3987 1971 339 510.00 3.40 7.80 0.94 10.60 0.20
3987 1971 340 690.00 7.20 8.10 1.02 4.80 0.20
3987 1971 341 1330.00 4.60 7.40 0.82 5.40 2.40
3987 1971 342 2530.00 -1.30 5.70 0.55 9.80 0.90
3987 1971 343 1621.42 -5.10 0.10 0.46 6.70 7.80
3987 1971 344 730.00 -1.00 7.40 0.84 8.50 1.50
3987 1971 345 290.00 6.60 8.20 0.98 10.70 14.60
3987 1971 346 1010.00 4.90 8.40 0.86 7.10 2.70
3987 1971 347 730.00 3.90 6.30 0.85 5.20 2.10
3987 1971 348 1320.00 5.80 7.40 0.92 5.40 0.00
3987 1971 349 560.00 0.30 6.80 0.79 7.00 0.00
3987 1971 350 650.00 5.90 9.10 0.98 8.30 0.10
3987 1971 351 2060.00 5.80 9.70 0.88 5.40 0.00
3987 1971 352 1200.00 -2.10 5.80 0.62 3.70 0.00
3987 1971 353 2400.00 -0.80 4.70 0.64 5.60 3.10
3987 1971 354 1790.00 2.20 7.60 0.87 7.70 4.80
3987 1971 355 610.00 5.90 12.30 1.11 8.90 0.00
3987 1971 356 850.00 5.50 11.40 0.93 5.50 2.70
3987 1971 357 430.00 2.10 6.10 0.79 3.60 11.80
3987 1971 358 940.00 1.90 6.50 0.75 5.70 0.00
3987 1971 359 690.00 4.90 7.50 0.88 6.10 0.00
3987 1971 360 570.00 1.10 6.30 0.71 3.30 0.00
3987 1971 361 1150.00 -0.30 5.00 0.71 3.50 1.50
3987 1971 362 980.00 0.10 5.80 0.67 7.00 0.40
3987 1971 363 1020.00 -1.70 0.90 0.55 4.40 0.40
3987 1971 364 390.00 -0.50 1.40 0.60 9.20 4.40
3987 1971 365 580.00 0.80 2.10 0.61 9.40 0.00
