*---------------------------------------------------------------------------*
* Station name: Potsdam Saekularstation
* Year: 1944
* Author: Pedro Alencar                                   -999.000: NIL VALUE
* Source: DWD
* Comments: Gaps filled with interpolation and storical means
* Longitude: 13.0622, latitude: 52.3812, altitude: 82.0 m.
*
    * Column  Daily value
    * 1       station number
    * 2       year
    * 3       day
    * 4       irradiation                   (kJ m-2 d-1)
    * 5       minimum temperature           (degrees Celsius
    * 6       maximum temperature           (degrees Celsius)
    * 7       early morning vapour pressure (kPa)
    * 8       mean wind speed (height: 2 m) (m s-1)
    * 9       precipitation                 (mm d-1)
    *
** WCCDESCRIPTION=Potsdam, Germany
** WCCFORMAT=2
** WCCYEARNR=1944
*---------------------------------------------------------------------------*
   13.0622 52.3812 82.0 -0.18 -0.55
3987 1944 1 1547.21 -4.40 4.30 0.64 8.80 13.20
3987 1944 2 1549.99 3.70 7.00 0.88 10.60 3.30
3987 1944 3 1565.77 3.00 7.20 0.87 9.20 19.50
3987 1944 4 1588.54 -0.90 3.50 0.57 5.00 0.20
3987 1944 5 3085.51 -4.50 0.20 0.44 5.10 0.00
3987 1944 6 1614.56 -5.00 4.00 0.59 9.00 0.20
3987 1944 7 1630.02 1.60 5.40 0.75 9.50 2.70
3987 1944 8 2119.78 -0.50 3.60 0.57 7.30 1.30
3987 1944 9 1794.56 2.20 6.10 0.77 9.50 10.60
3987 1944 10 2171.35 -0.10 2.70 0.59 7.10 1.70
3987 1944 11 4133.64 -3.10 2.50 0.53 6.10 0.00
3987 1944 12 2583.03 -2.80 2.50 0.47 2.90 0.00
3987 1944 13 1759.99 -2.30 1.00 0.53 3.70 5.30
3987 1944 14 3698.85 0.40 7.50 0.80 8.20 0.30
3987 1944 15 1799.09 4.80 6.40 0.84 7.00 0.00
3987 1944 16 1831.46 1.40 5.40 0.73 4.30 0.00
3987 1944 17 1867.83 -1.80 1.70 0.56 3.00 0.00
3987 1944 18 1891.59 -1.50 1.90 0.61 4.20 0.80
3987 1944 19 1913.78 1.80 5.50 0.83 3.70 0.90
3987 1944 20 2279.44 2.80 5.50 0.76 4.60 0.20
3987 1944 21 2554.63 2.20 7.20 0.69 6.00 0.00
3987 1944 22 2006.33 2.20 7.20 0.73 8.50 0.70
3987 1944 23 2041.35 4.30 8.70 0.63 9.80 0.30
3987 1944 24 2833.65 0.80 5.70 0.56 8.40 1.50
3987 1944 25 3275.08 0.90 8.60 0.68 7.50 2.00
3987 1944 26 2153.68 2.40 5.10 0.68 11.00 0.50
3987 1944 27 2184.61 1.30 10.00 0.87 8.10 2.20
3987 1944 28 3630.83 5.30 9.70 0.76 10.70 0.20
3987 1944 29 2263.15 5.50 7.90 0.95 8.60 2.60
3987 1944 30 2304.97 5.30 8.10 0.93 8.80 1.10
3987 1944 31 2347.83 5.80 9.30 0.88 7.60 0.00
3987 1944 32 2398.04 4.30 6.40 0.75 6.60 0.10
3987 1944 33 2437.15 2.80 7.80 0.89 7.80 3.30
3987 1944 34 3149.04 5.90 10.30 0.92 8.70 4.80
3987 1944 35 3803.19 -2.00 8.20 0.59 8.00 2.50
3987 1944 36 5148.24 -3.70 1.50 0.56 4.80 0.40
3987 1944 37 4176.35 -2.00 1.50 0.49 5.30 0.00
3987 1944 38 2698.80 -4.90 1.60 0.56 6.10 5.00
3987 1944 39 3760.43 0.80 5.60 0.64 7.10 1.60
3987 1944 40 4686.42 -0.70 2.70 0.57 8.40 14.50
3987 1944 41 2981.25 -1.20 2.30 0.59 5.60 7.70
3987 1944 42 3474.98 -1.60 1.30 0.53 5.40 0.30
3987 1944 43 3921.09 -3.80 -0.10 0.47 3.80 0.40
3987 1944 44 3085.30 -2.10 1.10 0.59 4.80 1.40
3987 1944 45 3075.23 0.20 1.70 0.65 3.90 1.40
3987 1944 46 3139.92 -1.10 1.50 0.53 3.30 0.00
3987 1944 47 3202.58 -2.60 0.60 0.44 3.40 0.00
3987 1944 48 3341.42 -5.20 -2.20 0.32 4.70 0.40
3987 1944 49 3535.06 -6.20 -1.40 0.39 5.10 0.50
3987 1944 50 6425.83 -5.20 -0.50 0.35 5.80 0.00
3987 1944 51 9019.32 -6.60 0.80 0.36 4.60 0.00
3987 1944 52 4009.72 -3.30 -0.20 0.43 3.90 0.00
3987 1944 53 8432.06 -5.60 1.90 0.43 3.00 0.00
3987 1944 54 5090.10 -5.00 0.80 0.44 1.90 0.00
3987 1944 55 9032.80 -8.20 2.90 0.41 4.10 0.00
3987 1944 56 3915.84 -1.50 0.50 0.52 5.00 0.00
3987 1944 57 3905.16 -0.20 2.90 0.63 3.30 0.10
3987 1944 58 4658.45 -3.00 1.70 0.53 3.70 0.00
3987 1944 59 5421.27 -3.20 4.10 0.48 3.20 0.00
3987 1944 60 4193.74 -1.80 2.20 0.55 3.60 0.10
3987 1944 61 6904.66 -1.60 3.60 0.55 5.20 1.70
3987 1944 62 5520.77 -1.10 2.30 0.53 7.90 0.70
3987 1944 63 6074.49 -1.30 3.60 0.51 9.10 0.10
3987 1944 64 8173.45 -3.30 3.70 0.48 3.70 0.10
3987 1944 65 11924.28 -3.40 5.30 0.45 3.60 0.00
3987 1944 66 12662.89 -4.20 3.80 0.44 4.20 1.10
3987 1944 67 5100.20 -0.40 6.90 0.67 5.60 0.00
3987 1944 68 11428.23 -0.70 8.40 0.55 3.80 0.00
3987 1944 69 4697.23 -2.50 2.10 0.55 3.40 0.00
3987 1944 70 4763.91 -2.20 1.80 0.63 5.70 0.90
3987 1944 71 4835.57 0.20 3.20 0.64 8.30 4.40
3987 1944 72 7237.70 -1.00 6.40 0.59 7.10 6.80
3987 1944 73 7085.96 0.30 6.30 0.61 9.30 5.20
3987 1944 74 6747.92 -0.30 3.50 0.59 7.60 3.10
3987 1944 75 10933.54 -1.20 5.80 0.52 4.30 0.40
3987 1944 76 10769.05 -0.60 6.40 0.59 4.30 5.90
3987 1944 77 5288.87 -0.10 3.20 0.64 3.30 0.10
3987 1944 78 5616.56 -0.60 8.60 0.68 5.10 0.10
3987 1944 79 5424.40 2.90 8.40 0.69 7.70 3.10
3987 1944 80 8586.18 -0.20 5.80 0.56 9.40 6.30
3987 1944 81 8896.50 -0.70 2.80 0.53 7.10 2.90
3987 1944 82 7862.97 -1.70 3.90 0.52 7.60 1.70
3987 1944 83 9374.58 -1.30 4.60 0.52 5.70 0.90
3987 1944 84 9564.38 -0.10 7.70 0.47 9.40 0.10
3987 1944 85 11140.93 -1.70 4.60 0.43 4.20 0.00
3987 1944 86 5995.19 -0.70 2.90 0.63 3.20 5.20
3987 1944 87 6961.30 -0.30 2.80 0.44 4.40 0.30
3987 1944 88 9303.48 -4.40 6.10 0.48 4.40 2.40
3987 1944 89 12783.20 0.40 5.90 0.53 6.70 0.50
3987 1944 90 10636.58 -3.10 4.40 0.45 2.00 0.00
3987 1944 91 14743.33 -4.20 8.10 0.45 3.00 0.00
3987 1944 92 11861.58 -2.50 4.80 0.48 5.60 0.50
3987 1944 93 18303.20 -5.70 6.30 0.40 3.20 0.00
3987 1944 94 7719.45 -2.40 9.00 0.39 5.70 0.00
3987 1944 95 6644.85 3.10 9.40 0.89 4.90 6.10
3987 1944 96 14325.90 7.10 17.00 1.04 4.90 15.00
3987 1944 97 6833.74 1.30 9.50 0.64 4.30 0.30
3987 1944 98 13319.27 -1.60 6.60 0.51 3.40 0.00
3987 1944 99 20255.35 -2.20 10.80 0.52 5.20 0.00
3987 1944 100 19259.73 0.20 16.10 0.73 5.40 0.00
3987 1944 101 14299.42 3.00 16.60 1.01 3.40 1.40
3987 1944 102 18741.49 5.20 16.50 0.83 4.10 0.00
3987 1944 103 14152.86 6.80 17.80 0.88 3.30 0.80
3987 1944 104 17375.05 4.90 17.50 0.87 2.70 0.00
3987 1944 105 16182.66 4.10 18.90 0.87 6.10 0.00
3987 1944 106 12026.91 7.10 20.40 0.95 4.90 0.10
3987 1944 107 9076.60 11.10 20.40 1.11 4.10 0.10
3987 1944 108 15929.69 10.90 20.10 1.09 5.30 1.10
3987 1944 109 11165.92 7.00 14.20 0.81 3.80 0.00
3987 1944 110 21458.01 4.40 15.20 0.57 4.30 0.00
3987 1944 111 18987.75 1.10 16.80 0.91 4.30 0.00
3987 1944 112 14065.68 7.60 17.00 0.93 5.50 2.10
3987 1944 113 14854.11 7.50 15.40 0.79 9.30 0.00
3987 1944 114 8308.19 7.40 15.30 0.81 6.50 0.00
3987 1944 115 13177.80 9.20 20.90 1.03 5.00 2.90
3987 1944 116 13133.39 5.90 12.40 0.88 5.10 2.50
3987 1944 117 16606.06 3.70 14.80 0.79 4.50 0.00
3987 1944 118 8260.37 2.10 11.30 0.83 4.80 0.00
3987 1944 119 12686.21 6.30 10.90 0.73 9.10 0.30
3987 1944 120 16703.46 3.30 11.80 0.63 6.10 1.80
3987 1944 121 16216.81 1.40 10.60 0.72 4.10 3.80
3987 1944 122 9423.74 5.60 13.00 1.04 5.30 4.90
3987 1944 123 9115.19 7.20 15.00 1.05 6.30 0.60
3987 1944 124 14914.95 4.90 15.40 0.89 10.20 1.40
3987 1944 125 18175.55 3.60 11.50 0.71 9.20 1.40
3987 1944 126 11303.53 6.30 14.50 0.83 5.60 1.40
3987 1944 127 16749.49 4.40 15.70 0.91 5.30 4.80
3987 1944 128 14781.38 2.40 10.00 0.68 5.80 2.60
3987 1944 129 9063.69 1.90 7.40 0.71 5.60 0.60
3987 1944 130 25813.88 1.60 15.10 0.64 4.70 0.00
3987 1944 131 25415.87 4.30 19.30 0.60 2.70 0.00
3987 1944 132 25897.42 6.30 21.50 0.72 3.50 0.00
3987 1944 133 25832.11 7.60 22.60 0.75 4.30 0.00
3987 1944 134 17398.76 11.50 24.10 1.11 3.40 0.00
3987 1944 135 16427.18 11.10 25.30 1.23 2.80 6.70
3987 1944 136 12639.93 3.80 14.10 0.72 6.20 0.00
3987 1944 137 14166.17 3.50 13.80 0.77 3.00 14.30
3987 1944 138 11280.14 5.90 10.60 0.96 3.20 1.90
3987 1944 139 10448.70 4.80 13.70 1.03 3.20 1.50
3987 1944 140 25250.94 5.90 19.50 1.00 3.00 0.00
3987 1944 141 24906.33 7.20 20.90 0.88 4.10 0.00
3987 1944 142 20634.88 6.70 21.70 1.00 5.00 0.00
3987 1944 143 16774.10 6.40 15.40 0.60 8.30 0.00
3987 1944 144 18396.81 3.90 13.30 0.59 7.90 0.00
3987 1944 145 18879.86 2.30 13.40 0.72 7.70 0.00
3987 1944 146 9615.76 9.00 17.60 0.93 7.70 0.00
3987 1944 147 15269.67 11.10 18.40 1.19 7.10 0.00
3987 1944 148 12989.90 12.20 21.00 1.55 2.00 0.00
3987 1944 149 24040.20 13.00 27.50 1.57 2.10 0.00
3987 1944 150 26865.96 14.30 29.70 1.43 3.80 0.00
3987 1944 151 27452.66 15.30 32.00 1.41 3.70 0.00
3987 1944 152 27450.49 15.10 25.70 1.05 4.30 0.00
3987 1944 153 22091.86 8.30 24.30 0.96 2.30 2.80
3987 1944 154 9846.42 11.50 19.10 1.39 5.80 2.30
3987 1944 155 11700.84 9.30 14.60 0.99 7.10 0.00
3987 1944 156 21565.90 4.60 20.10 1.07 3.50 0.10
3987 1944 157 18301.39 12.40 26.20 1.33 4.80 7.60
3987 1944 158 13565.03 11.40 17.90 1.19 3.80 0.80
3987 1944 159 16314.81 7.40 13.70 1.01 2.80 0.80
3987 1944 160 14113.81 6.50 15.90 1.11 4.40 0.40
3987 1944 161 10478.21 9.80 13.70 1.24 4.70 5.30
3987 1944 162 12879.51 11.40 20.60 1.43 4.70 1.00
3987 1944 163 15832.56 10.50 17.80 1.25 5.00 0.40
3987 1944 164 16467.30 9.10 19.90 1.20 6.20 1.80
3987 1944 165 24458.74 7.30 22.20 1.09 4.30 1.50
3987 1944 166 13557.96 10.30 18.40 1.24 4.70 1.40
3987 1944 167 20267.77 8.30 18.40 1.07 5.80 1.40
3987 1944 168 12356.61 5.70 17.70 1.07 4.30 0.00
3987 1944 169 14399.99 11.50 18.00 1.35 3.00 1.70
3987 1944 170 17361.71 11.00 22.10 1.43 4.30 0.00
3987 1944 171 24668.56 13.80 24.90 1.32 7.10 0.00
3987 1944 172 27919.61 13.80 25.20 1.17 5.70 0.00
3987 1944 173 11454.01 12.20 23.30 1.07 1.90 0.00
3987 1944 174 15278.95 10.30 18.70 1.21 5.60 0.00
3987 1944 175 16283.56 7.30 15.00 1.05 6.10 0.40
3987 1944 176 20743.41 7.40 19.00 0.91 5.50 0.60
3987 1944 177 27053.93 6.20 21.70 0.93 3.50 0.00
3987 1944 178 26507.32 9.20 27.10 1.12 4.40 0.00
3987 1944 179 14862.32 16.60 26.80 1.53 5.70 2.60
3987 1944 180 20182.27 12.80 24.40 1.40 2.90 0.00
3987 1944 181 23103.51 14.10 26.60 1.09 3.80 0.00
3987 1944 182 15011.66 14.10 24.80 1.43 5.10 0.00
3987 1944 183 13402.93 13.10 21.90 1.36 4.40 0.00
3987 1944 184 22361.99 14.20 26.50 1.33 2.90 0.00
3987 1944 185 26222.45 13.50 28.70 1.47 4.70 0.00
3987 1944 186 24790.41 15.70 31.30 1.51 5.60 0.00
3987 1944 187 23055.93 16.60 31.50 1.71 4.80 2.80
3987 1944 188 14343.61 16.30 27.30 1.92 3.10 0.00
3987 1944 189 26699.57 16.80 32.20 1.61 3.60 0.00
3987 1944 190 27553.30 17.20 34.00 1.49 4.80 0.00
3987 1944 191 20617.60 17.90 29.70 1.81 4.40 0.00
3987 1944 192 11903.08 15.30 23.20 1.51 4.40 0.60
3987 1944 193 17431.14 10.30 21.40 1.33 5.30 2.00
3987 1944 194 16064.34 12.80 20.30 1.25 6.70 0.40
3987 1944 195 14393.32 10.60 18.90 1.08 5.00 1.50
3987 1944 196 12164.08 11.70 20.30 1.60 4.30 6.00
3987 1944 197 11962.14 15.10 23.30 1.68 2.60 6.50
3987 1944 198 18424.74 13.80 20.80 1.63 4.40 10.60
3987 1944 199 16474.17 11.50 20.20 1.39 4.60 0.00
3987 1944 200 22669.93 10.80 23.30 1.57 4.30 0.00
3987 1944 201 14451.57 13.10 24.80 1.64 3.50 2.50
3987 1944 202 21821.05 12.60 25.40 1.69 2.10 0.00
3987 1944 203 24877.54 14.00 28.30 1.56 2.80 0.00
3987 1944 204 17436.52 15.40 27.30 1.72 3.60 0.00
3987 1944 205 20821.99 15.70 25.80 1.41 5.20 0.00
3987 1944 206 18472.26 12.60 20.60 1.25 5.90 0.00
3987 1944 207 12321.02 10.70 19.50 1.09 3.50 0.00
3987 1944 208 18786.07 11.20 24.40 1.27 4.10 0.00
3987 1944 209 9920.66 13.50 25.70 1.76 4.60 0.00
3987 1944 210 15613.30 14.60 24.40 1.67 2.80 1.00
3987 1944 211 20878.20 13.50 26.20 1.59 3.20 0.00
3987 1944 212 15962.39 15.20 25.60 1.89 3.80 13.00
3987 1944 213 13239.89 14.40 22.40 1.69 3.70 7.40
3987 1944 214 9342.27 15.30 20.30 1.89 3.70 6.80
3987 1944 215 20005.79 15.70 25.70 1.71 5.40 0.00
3987 1944 216 24307.36 15.60 26.90 1.49 4.40 0.00
3987 1944 217 20088.63 14.00 26.30 1.43 4.30 0.00
3987 1944 218 25347.76 11.80 24.20 1.16 4.70 0.00
3987 1944 219 24985.03 11.80 26.30 1.11 4.10 0.00
3987 1944 220 24457.19 13.10 29.90 1.35 4.20 0.00
3987 1944 221 20593.08 14.80 31.10 1.44 4.60 0.90
3987 1944 222 17591.19 15.10 28.00 1.71 3.00 0.00
3987 1944 223 10264.08 14.90 24.40 1.61 3.90 0.00
3987 1944 224 16502.48 17.60 27.10 1.77 3.60 0.00
3987 1944 225 21852.03 17.40 30.70 1.77 5.20 0.00
3987 1944 226 14046.87 15.40 23.20 1.20 3.20 0.00
3987 1944 227 20626.01 11.30 22.30 1.09 4.40 0.00
3987 1944 228 23331.72 7.80 22.80 1.01 3.00 0.00
3987 1944 229 20083.37 9.60 27.20 1.08 5.30 0.00
3987 1944 230 17032.35 18.10 29.30 1.81 4.90 0.00
3987 1944 231 20685.90 15.20 28.40 1.67 2.80 0.00
3987 1944 232 20406.16 15.80 32.10 1.71 4.30 0.00
3987 1944 233 20351.46 17.30 33.80 1.83 4.50 0.00
3987 1944 234 20018.10 18.40 34.10 1.91 3.10 0.00
3987 1944 235 21325.77 18.10 33.50 1.95 4.00 0.00
3987 1944 236 19739.43 18.80 32.00 1.64 5.10 0.00
3987 1944 237 18898.19 13.80 30.40 1.48 5.60 0.00
3987 1944 238 20739.35 17.30 33.00 1.57 4.80 0.00
3987 1944 239 21525.04 14.80 30.50 1.17 4.70 0.00
3987 1944 240 18280.04 17.90 33.90 1.56 4.50 1.30
3987 1944 241 14835.23 17.70 30.70 1.89 4.10 0.00
3987 1944 242 10915.32 15.70 22.30 1.31 4.90 0.30
3987 1944 243 11231.62 13.90 24.00 1.55 4.00 0.10
3987 1944 244 10409.04 12.60 22.80 1.47 6.10 0.00
3987 1944 245 19475.66 12.60 22.20 1.04 7.60 0.00
3987 1944 246 13750.14 9.90 23.20 1.48 4.60 4.20
3987 1944 247 12151.39 12.60 18.70 1.33 8.40 1.40
3987 1944 248 7424.20 8.90 20.60 1.27 6.40 0.10
3987 1944 249 13273.29 12.30 25.30 1.28 6.00 0.00
3987 1944 250 8455.04 15.40 21.90 1.43 3.40 0.00
3987 1944 251 16633.35 12.30 29.10 1.49 5.80 0.80
3987 1944 252 17561.95 12.50 21.70 0.99 6.40 0.00
3987 1944 253 16806.98 9.40 18.40 0.85 7.10 0.00
3987 1944 254 16785.94 6.90 17.80 0.91 5.30 0.00
3987 1944 255 14189.17 5.50 18.30 0.91 3.40 0.00
3987 1944 256 15992.91 5.50 20.20 0.96 2.90 0.00
3987 1944 257 17471.52 7.20 21.10 0.96 5.10 0.00
3987 1944 258 16631.42 6.30 21.30 0.83 6.20 0.00
3987 1944 259 16529.37 7.60 23.30 1.01 6.40 0.00
3987 1944 260 13796.68 8.80 24.20 1.25 3.70 0.00
3987 1944 261 6107.17 13.50 18.60 1.40 3.70 0.00
3987 1944 262 12078.25 11.60 20.70 1.27 3.10 0.00
3987 1944 263 7814.23 9.10 18.40 1.20 2.80 0.00
3987 1944 264 14380.91 10.60 23.30 1.13 3.70 0.00
3987 1944 265 9771.53 10.40 23.40 1.00 3.50 0.00
3987 1944 266 6723.12 9.60 17.70 1.11 4.40 0.00
3987 1944 267 11612.39 8.30 23.80 1.35 4.30 6.30
3987 1944 268 5404.53 10.00 16.00 1.29 3.90 5.30
3987 1944 269 7199.08 6.90 13.40 1.00 6.30 0.70
3987 1944 270 8426.56 8.60 15.30 1.11 7.20 3.60
3987 1944 271 7013.16 6.10 14.70 0.91 6.10 0.10
3987 1944 272 12714.73 6.30 15.10 0.89 4.00 0.00
3987 1944 273 11940.18 3.50 16.20 0.84 4.10 0.00
3987 1944 274 5959.80 8.30 15.50 1.08 5.80 0.60
3987 1944 275 4711.09 8.70 13.80 1.25 3.50 10.40
3987 1944 276 8802.13 6.90 13.90 0.93 5.70 0.40
3987 1944 277 10595.94 3.10 14.00 0.81 4.40 0.00
3987 1944 278 7921.43 4.70 14.90 0.89 3.30 0.00
3987 1944 279 11953.26 3.60 14.40 0.81 4.60 0.00
3987 1944 280 12762.07 3.10 15.60 0.87 4.30 0.00
3987 1944 281 12067.47 5.40 19.30 1.09 4.30 0.00
3987 1944 282 5779.10 5.10 13.90 1.05 2.40 0.00
3987 1944 283 4366.81 8.20 12.90 1.19 3.60 7.90
3987 1944 284 4055.95 10.80 14.80 1.41 4.10 0.00
3987 1944 285 10216.26 6.30 15.80 1.00 4.70 0.00
3987 1944 286 10439.24 6.20 17.90 1.01 4.70 0.00
3987 1944 287 7854.49 4.80 17.90 1.09 4.30 0.00
3987 1944 288 7805.47 9.10 18.00 1.07 4.40 0.00
3987 1944 289 9311.66 5.90 16.70 0.97 4.40 0.90
3987 1944 290 5713.99 8.70 18.70 1.21 5.70 1.40
3987 1944 291 4937.30 10.30 16.40 1.12 5.90 2.50
3987 1944 292 3607.02 9.90 12.70 1.19 6.20 1.50
3987 1944 293 5492.61 6.50 13.60 1.00 4.80 1.10
3987 1944 294 5480.63 6.30 12.40 1.01 4.40 0.00
3987 1944 295 4448.26 4.10 11.30 0.93 5.70 0.00
3987 1944 296 3300.10 7.20 9.30 0.96 5.20 0.50
3987 1944 297 3236.82 7.00 10.20 1.03 3.90 0.40
3987 1944 298 3171.75 8.30 11.70 1.19 2.80 0.50
3987 1944 299 3113.19 9.50 11.70 1.13 2.90 0.00
3987 1944 300 5697.27 5.50 10.30 0.89 4.90 0.00
3987 1944 301 3026.75 2.70 6.00 0.72 6.20 8.10
3987 1944 302 2966.02 2.70 5.50 0.83 4.10 4.40
3987 1944 303 3592.93 2.00 7.90 0.79 3.30 0.60
3987 1944 304 2852.85 4.00 7.10 0.88 7.10 1.80
3987 1944 305 2798.54 5.20 6.70 0.93 4.60 15.80
3987 1944 306 5016.53 3.90 8.70 0.79 7.10 0.90
3987 1944 307 4704.50 3.90 8.30 0.75 3.90 0.00
3987 1944 308 5271.48 1.40 8.80 0.69 5.10 0.00
3987 1944 309 3168.50 4.80 10.20 0.84 6.50 0.00
3987 1944 310 4913.23 4.70 13.20 0.84 7.90 0.50
3987 1944 311 2500.82 4.50 10.20 0.91 6.50 1.00
3987 1944 312 3406.73 1.90 8.30 0.71 7.70 8.50
3987 1944 313 4723.49 2.80 7.90 0.72 7.90 1.80
3987 1944 314 3625.56 1.30 6.00 0.71 4.50 1.30
3987 1944 315 2333.12 1.70 4.40 0.65 3.40 1.30
3987 1944 316 2874.91 2.20 5.50 0.67 7.30 1.60
3987 1944 317 2672.41 0.70 4.20 0.63 3.40 0.80
3987 1944 318 2212.91 1.20 4.00 0.61 4.30 0.70
3987 1944 319 2176.28 -0.40 2.00 0.61 5.00 0.40
3987 1944 320 2136.40 1.10 2.80 0.67 5.40 5.40
3987 1944 321 2103.11 0.00 2.60 0.63 4.60 6.80
3987 1944 322 2065.14 0.40 2.40 0.65 3.00 2.30
3987 1944 323 2023.10 0.30 7.30 0.80 5.40 6.00
3987 1944 324 3374.03 6.50 11.10 0.85 5.90 0.00
3987 1944 325 1989.93 8.80 11.80 1.04 7.80 3.10
3987 1944 326 2492.00 3.80 11.90 0.77 9.70 0.30
3987 1944 327 1945.59 2.60 6.10 0.69 5.60 9.40
3987 1944 328 1856.37 2.60 10.50 1.15 4.70 13.50
3987 1944 329 1918.12 9.00 11.20 1.16 5.90 2.80
3987 1944 330 2213.63 5.20 11.30 0.97 5.80 0.50
3987 1944 331 2333.59 0.80 5.40 0.68 5.90 6.40
3987 1944 332 4136.22 0.40 7.30 0.61 4.00 0.00
3987 1944 333 4190.40 -3.30 3.60 0.53 5.00 0.20
3987 1944 334 1719.63 0.60 3.60 0.65 5.30 1.40
3987 1944 335 2519.45 3.00 5.60 0.77 4.00 0.30
3987 1944 336 1671.48 4.20 6.50 0.81 4.60 0.00
3987 1944 337 2813.57 1.40 5.90 0.63 6.80 1.80
3987 1944 338 1766.28 1.10 4.80 0.63 6.90 6.80
3987 1944 339 1828.49 2.20 6.30 0.75 9.00 0.60
3987 1944 340 2069.73 0.40 5.30 0.67 7.30 4.70
3987 1944 341 3340.12 0.60 6.30 0.67 4.40 0.10
3987 1944 342 1573.68 0.40 5.50 0.72 6.60 5.70
3987 1944 343 1561.67 1.90 6.40 0.73 5.20 0.00
3987 1944 344 2456.99 -0.10 4.80 0.59 4.60 0.00
3987 1944 345 3704.81 0.40 4.70 0.59 6.60 0.00
3987 1944 346 2145.11 -1.60 2.50 0.49 5.70 4.90
3987 1944 347 1764.13 0.10 5.30 0.69 4.80 0.60
3987 1944 348 1515.62 0.40 3.50 0.64 3.20 0.10
3987 1944 349 1510.31 -0.40 1.70 0.61 3.10 0.20
3987 1944 350 1512.72 -5.50 -0.40 0.37 5.70 0.00
3987 1944 351 2263.38 -5.50 1.30 0.52 4.60 0.00
3987 1944 352 3336.89 -0.90 3.80 0.49 6.40 0.00
3987 1944 353 4130.59 -1.30 5.50 0.51 5.20 0.00
3987 1944 354 2572.73 -3.30 0.90 0.53 4.00 0.00
3987 1944 355 1494.55 -3.50 0.60 0.52 4.30 0.00
3987 1944 356 1497.53 -4.90 -2.80 0.45 2.50 0.00
3987 1944 357 4257.25 -10.30 -4.60 0.29 3.40 0.00
3987 1944 358 4065.58 -11.60 -5.10 0.25 3.70 0.00
3987 1944 359 3783.48 -11.80 -4.00 0.29 2.00 0.00
3987 1944 360 4071.95 -10.60 -2.80 0.33 1.80 0.00
3987 1944 361 4533.57 -14.20 -1.30 0.32 3.30 0.00
3987 1944 362 4176.68 -12.00 -3.10 0.31 5.00 0.00
3987 1944 363 1527.27 -9.00 -1.00 0.44 6.20 0.70
3987 1944 364 4455.05 -8.60 -1.00 0.37 3.20 0.00
3987 1944 365 1588.55 -11.40 -1.80 0.41 5.80 2.90
3987 1944 366 3446.36 -3.20 0.00 0.44 8.40 0.00
