*---------------------------------------------------------------------------*
* Station name: Potsdam Saekularstation
* Year: 1941
* Author: Pedro Alencar                                   -999.000: NIL VALUE
* Source: DWD
* Comments: Gaps filled with interpolation and storical means
* Longitude: 13.0622, latitude: 52.3812, altitude: 82.0 m.
*
    * Column  Daily value
    * 1       station number
    * 2       year
    * 3       day
    * 4       irradiation                   (kJ m-2 d-1)
    * 5       minimum temperature           (degrees Celsius
    * 6       maximum temperature           (degrees Celsius)
    * 7       early morning vapour pressure (kPa)
    * 8       mean wind speed (height: 2 m) (m s-1)
    * 9       precipitation                 (mm d-1)
    *
** WCCDESCRIPTION=Potsdam, Germany
** WCCFORMAT=2
** WCCYEARNR=1941
*---------------------------------------------------------------------------*
   13.0622 52.3812 82.0 -0.18 -0.55
3987 1941 1 3193.55 -13.30 -5.80 0.24 4.60 0.00
3987 1941 2 1708.43 -15.30 -9.30 0.16 6.80 0.00
3987 1941 3 1592.34 -11.20 -8.10 0.24 9.10 4.00
3987 1941 4 1605.16 -9.70 -8.00 0.25 6.70 0.50
3987 1941 5 1618.85 -8.70 -7.20 0.28 4.50 0.50
3987 1941 6 1634.35 -9.00 -6.70 0.28 3.80 0.00
3987 1941 7 1648.36 -7.90 -5.10 0.36 2.90 0.30
3987 1941 8 1664.35 -6.50 -3.20 0.40 3.40 0.30
3987 1941 9 2550.41 -5.80 -1.00 0.41 4.90 0.00
3987 1941 10 4003.56 -11.00 -3.70 0.31 3.50 0.20
3987 1941 11 1724.34 -10.50 -3.30 0.43 3.30 0.10
3987 1941 12 1749.18 -9.20 -3.30 0.40 2.50 3.10
3987 1941 13 1766.32 -5.60 -1.30 0.51 2.40 0.80
3987 1941 14 1831.95 -3.10 0.60 0.56 4.20 1.70
3987 1941 15 1820.58 -5.50 -0.60 0.41 3.30 2.90
3987 1941 16 1852.39 -7.40 -4.50 0.35 3.50 1.30
3987 1941 17 3727.49 -13.10 -6.60 0.24 3.90 0.20
3987 1941 18 3537.58 -13.50 -6.70 0.25 3.50 0.00
3987 1941 19 1943.53 -12.50 -6.40 0.31 4.90 2.20
3987 1941 20 2009.82 -7.10 0.20 0.49 4.60 7.60
3987 1941 21 1986.60 -3.50 0.90 0.61 6.30 0.30
3987 1941 22 2024.06 -1.80 0.90 0.55 5.00 7.60
3987 1941 23 2055.90 -2.30 0.40 0.57 2.60 1.60
3987 1941 24 2092.89 -1.40 0.30 0.56 4.40 1.60
3987 1941 25 2133.90 -4.10 -0.60 0.49 4.50 2.20
3987 1941 26 3385.67 -13.70 -3.10 0.28 5.20 0.00
3987 1941 27 6519.36 -18.10 -8.20 0.15 6.50 0.00
3987 1941 28 6503.76 -17.00 -8.00 0.15 7.40 0.00
3987 1941 29 5866.07 -21.40 -12.70 0.12 7.40 0.00
3987 1941 30 6746.54 -21.80 -7.40 0.15 7.60 0.00
3987 1941 31 6994.09 -17.30 -7.30 0.16 8.70 0.00
3987 1941 32 2444.05 -15.00 -8.70 0.24 6.30 0.00
3987 1941 33 2594.59 -10.50 -6.20 0.31 4.00 1.00
3987 1941 34 4551.94 -7.50 1.80 0.48 3.00 0.60
3987 1941 35 2624.88 -6.40 -2.60 0.37 3.20 0.10
3987 1941 36 3039.55 -12.40 -5.50 0.27 2.70 0.30
3987 1941 37 2673.80 -9.80 -5.70 0.32 2.50 0.00
3987 1941 38 5403.68 -12.20 -2.40 0.32 3.40 2.20
3987 1941 39 3519.58 -3.00 4.70 0.69 6.10 6.60
3987 1941 40 2784.81 2.10 7.20 0.84 7.80 1.00
3987 1941 41 2839.91 3.70 6.30 0.76 8.40 0.60
3987 1941 42 2900.04 2.20 5.20 0.63 7.40 0.00
3987 1941 43 3778.99 0.50 4.60 0.57 3.30 0.00
3987 1941 44 4169.18 -1.00 2.80 0.55 6.10 1.00
3987 1941 45 3076.38 -0.40 1.80 0.63 3.50 2.10
3987 1941 46 3136.46 -0.60 1.70 0.64 3.30 0.00
3987 1941 47 3193.90 -1.20 2.90 0.61 5.30 0.50
3987 1941 48 3844.02 -0.10 7.50 0.73 3.30 1.10
3987 1941 49 7547.76 0.10 10.50 0.67 4.20 0.00
3987 1941 50 3366.25 1.20 7.20 0.67 5.60 0.20
3987 1941 51 8488.06 -0.10 8.50 0.53 5.80 0.00
3987 1941 52 3500.56 -2.20 3.70 0.57 4.10 6.10
3987 1941 53 3565.62 -1.20 3.20 0.53 7.50 0.00
3987 1941 54 7444.83 -3.10 4.80 0.45 3.80 0.90
3987 1941 55 4355.75 -2.10 3.30 0.52 3.60 1.00
3987 1941 56 4510.78 -3.50 3.10 0.51 2.90 1.00
3987 1941 57 3855.74 -5.10 -0.70 0.40 3.70 0.00
3987 1941 58 10175.42 -6.40 1.60 0.37 4.30 2.30
3987 1941 59 3952.21 -2.60 6.30 0.76 6.50 3.90
3987 1941 60 8123.66 5.00 10.70 0.84 6.80 2.80
3987 1941 61 4521.19 4.10 13.10 0.85 7.70 0.00
3987 1941 62 6645.01 3.80 14.50 0.80 6.00 0.00
3987 1941 63 8879.40 0.90 11.50 0.71 5.00 4.40
3987 1941 64 7883.90 3.20 9.40 0.71 3.80 0.00
3987 1941 65 10746.98 -0.80 9.80 0.53 3.80 0.00
3987 1941 66 10628.30 -1.60 11.50 0.61 5.50 0.00
3987 1941 67 7882.10 1.80 9.80 0.72 8.40 0.00
3987 1941 68 4834.35 4.20 8.30 0.85 4.00 3.20
3987 1941 69 4678.43 -0.30 6.00 0.73 3.60 5.30
3987 1941 70 7239.61 -1.30 5.20 0.57 4.40 0.00
3987 1941 71 13877.90 -3.30 5.20 0.43 4.20 0.00
3987 1941 72 12639.79 -5.50 5.70 0.32 2.60 0.00
3987 1941 73 14062.15 -3.30 9.50 0.53 2.50 0.00
3987 1941 74 11127.16 -3.70 10.90 0.51 2.40 0.00
3987 1941 75 7262.47 1.10 6.40 0.60 6.30 0.00
3987 1941 76 13786.05 -3.70 4.80 0.35 5.40 0.00
3987 1941 77 13148.72 -8.20 3.30 0.33 3.50 0.00
3987 1941 78 5385.09 -3.50 0.70 0.53 4.60 0.00
3987 1941 79 5443.63 -0.80 3.70 0.61 5.80 0.00
3987 1941 80 5503.89 1.60 7.50 0.71 7.80 1.30
3987 1941 81 7555.01 1.80 6.50 0.48 11.50 0.00
3987 1941 82 11348.17 -0.30 6.00 0.45 7.10 0.10
3987 1941 83 10714.96 -3.10 5.90 0.51 6.50 0.10
3987 1941 84 5833.00 -2.40 3.90 0.63 6.90 2.20
3987 1941 85 5934.10 -2.30 3.70 0.44 6.00 0.00
3987 1941 86 6302.35 -2.60 1.90 0.49 4.80 4.00
3987 1941 87 6563.74 -1.30 4.00 0.57 7.60 4.10
3987 1941 88 6216.32 0.80 8.70 0.88 3.80 3.10
3987 1941 89 6229.28 0.20 7.00 0.59 4.40 0.80
3987 1941 90 6309.46 -1.30 2.90 0.51 4.20 3.50
3987 1941 91 6395.33 -1.60 2.00 0.55 3.80 0.00
3987 1941 92 6764.43 -0.30 3.90 0.59 6.60 1.20
3987 1941 93 10310.42 0.00 7.50 0.64 5.60 0.70
3987 1941 94 12353.78 -0.50 16.80 0.72 3.70 0.10
3987 1941 95 8267.16 5.50 15.20 0.92 3.60 0.90
3987 1941 96 7339.91 5.60 10.00 0.76 4.80 0.00
3987 1941 97 6831.90 1.50 7.30 0.52 6.90 0.00
3987 1941 98 16060.05 -1.70 8.30 0.36 5.80 0.00
3987 1941 99 19576.60 -4.60 8.60 0.29 4.50 0.00
3987 1941 100 17175.25 -4.80 8.30 0.33 3.00 0.00
3987 1941 101 13767.29 -0.70 9.00 0.44 2.80 0.00
3987 1941 102 7190.96 0.20 7.80 0.73 5.20 3.30
3987 1941 103 7221.39 4.90 11.80 1.07 7.20 4.80
3987 1941 104 7507.38 8.20 12.90 0.95 6.50 0.10
3987 1941 105 12041.40 5.60 12.40 0.79 7.00 1.80
3987 1941 106 10439.60 1.90 8.50 0.60 3.60 0.00
3987 1941 107 21644.93 1.50 13.70 0.57 4.10 0.00
3987 1941 108 18682.27 1.70 14.00 0.61 7.00 0.00
3987 1941 109 13164.00 6.10 16.20 0.85 4.60 0.20
3987 1941 110 9277.40 4.80 11.50 0.93 4.40 2.70
3987 1941 111 11380.39 3.90 10.80 0.89 4.60 2.30
3987 1941 112 7911.25 2.60 7.40 0.71 3.40 0.00
3987 1941 113 7998.34 1.00 4.20 0.57 4.10 0.00
3987 1941 114 8062.65 -1.20 5.10 0.56 3.30 0.00
3987 1941 115 15803.99 -1.90 11.40 0.57 6.10 0.00
3987 1941 116 14094.87 -0.10 8.00 0.53 7.50 2.30
3987 1941 117 8242.61 2.10 6.20 0.76 3.40 3.90
3987 1941 118 8294.15 3.60 8.80 0.79 1.80 0.00
3987 1941 119 21317.91 0.40 12.10 0.72 3.10 0.00
3987 1941 120 15383.12 2.60 15.40 0.79 3.30 0.00
3987 1941 121 8545.86 5.80 13.30 0.92 6.00 0.30
3987 1941 122 17159.79 1.30 11.30 0.53 7.20 0.40
3987 1941 123 8878.68 -1.20 3.60 0.55 6.90 7.00
3987 1941 124 8687.65 0.40 4.50 0.72 7.70 9.50
3987 1941 125 8738.18 2.10 5.50 0.79 4.00 2.10
3987 1941 126 14502.01 1.30 11.40 0.77 4.00 0.60
3987 1941 127 10506.92 1.80 8.20 0.68 4.60 1.80
3987 1941 128 17927.96 -0.10 7.00 0.53 5.70 0.20
3987 1941 129 23506.14 -2.30 9.30 0.45 3.40 0.00
3987 1941 130 16792.46 0.70 10.10 0.55 7.00 0.00
3987 1941 131 9072.84 1.50 6.30 0.56 4.60 1.70
3987 1941 132 17389.93 2.70 13.00 0.60 3.70 0.00
3987 1941 133 25109.71 2.20 17.70 0.59 6.60 0.00
3987 1941 134 9512.39 7.00 13.40 0.89 5.20 0.00
3987 1941 135 9248.49 3.90 8.60 0.72 3.80 0.20
3987 1941 136 23068.38 1.00 11.10 0.56 7.00 0.30
3987 1941 137 18241.95 -0.30 14.90 0.71 4.50 0.00
3987 1941 138 24386.76 4.00 20.20 0.75 5.60 0.00
3987 1941 139 15522.10 8.60 21.40 1.20 3.90 17.80
3987 1941 140 16494.79 11.40 21.80 1.12 4.80 0.00
3987 1941 141 27046.05 5.70 21.00 0.84 3.20 0.00
3987 1941 142 22653.03 8.20 22.50 1.03 2.90 0.00
3987 1941 143 17423.24 11.00 21.60 1.19 4.10 1.00
3987 1941 144 9523.75 12.00 17.80 1.08 3.30 0.40
3987 1941 145 13268.44 11.30 19.40 1.04 2.80 0.50
3987 1941 146 19367.31 10.40 25.50 1.39 5.20 8.10
3987 1941 147 11063.37 12.60 18.30 1.37 2.90 1.00
3987 1941 148 15332.12 11.50 24.30 1.48 4.10 0.30
3987 1941 149 10149.11 13.80 19.70 1.52 5.30 10.80
3987 1941 150 26304.86 9.90 22.50 1.16 3.80 0.00
3987 1941 151 26966.74 7.20 24.00 1.16 2.50 0.00
3987 1941 152 28202.61 11.90 24.60 1.20 4.90 0.00
3987 1941 153 21988.53 8.40 21.30 1.17 3.30 0.00
3987 1941 154 28533.20 7.90 21.30 0.73 5.10 0.00
3987 1941 155 28671.07 7.20 24.40 0.67 3.10 0.00
3987 1941 156 28268.94 10.70 27.50 0.91 2.40 0.00
3987 1941 157 20631.89 10.80 21.20 1.23 5.20 0.00
3987 1941 158 14965.14 11.10 21.60 1.29 3.60 0.50
3987 1941 159 9932.69 12.90 16.40 1.52 2.80 4.30
3987 1941 160 20509.80 11.80 23.20 1.40 4.00 0.00
3987 1941 161 20253.53 12.40 24.20 1.43 6.60 0.00
3987 1941 162 16524.85 11.20 22.20 1.52 6.40 35.90
3987 1941 163 14667.63 9.20 14.70 0.81 4.60 0.00
3987 1941 164 10053.54 6.80 13.40 1.01 2.70 1.50
3987 1941 165 16244.02 5.80 15.70 0.97 6.00 0.10
3987 1941 166 10163.69 10.90 15.20 1.29 5.90 7.00
3987 1941 167 10056.31 10.60 14.20 1.15 7.40 0.10
3987 1941 168 19227.75 9.70 21.40 1.21 4.60 0.00
3987 1941 169 26328.19 11.40 26.20 1.28 3.60 0.00
3987 1941 170 26827.30 14.30 25.60 1.45 4.80 0.00
3987 1941 171 28807.58 10.90 23.90 1.23 3.30 0.00
3987 1941 172 28525.44 10.80 25.30 1.27 2.60 0.00
3987 1941 173 27957.93 13.80 28.00 1.48 2.70 0.00
3987 1941 174 28524.36 14.20 29.20 1.41 3.20 0.00
3987 1941 175 28223.21 15.60 31.40 1.36 3.70 0.00
3987 1941 176 26937.75 17.70 32.10 1.44 3.70 0.00
3987 1941 177 14706.80 19.00 27.70 1.81 3.70 0.00
3987 1941 178 22917.45 15.70 24.80 1.68 5.20 0.00
3987 1941 179 14630.05 11.00 19.60 1.25 6.10 6.80
3987 1941 180 12673.57 10.40 19.30 1.31 4.50 1.80
3987 1941 181 11211.62 11.50 17.70 1.45 4.00 5.30
3987 1941 182 10227.51 12.20 16.50 1.40 6.30 0.80
3987 1941 183 19472.16 11.70 21.40 1.43 4.40 0.00
3987 1941 184 25408.36 12.70 24.40 1.51 5.20 0.00
3987 1941 185 10041.05 12.70 18.00 1.57 4.40 18.40
3987 1941 186 22957.84 8.40 19.80 1.17 5.20 0.00
3987 1941 187 23320.33 9.60 23.40 1.27 2.80 0.00
3987 1941 188 27758.90 14.30 29.10 1.55 3.10 0.00
3987 1941 189 27718.67 15.90 29.80 1.56 5.00 0.00
3987 1941 190 24914.25 16.70 32.40 1.73 4.10 0.00
3987 1941 191 26758.37 18.30 31.70 1.83 5.20 0.00
3987 1941 192 27176.66 18.10 31.90 2.08 4.60 0.00
3987 1941 193 27627.60 18.80 31.60 1.87 5.00 0.00
3987 1941 194 23643.97 18.70 32.20 1.92 5.20 1.70
3987 1941 195 20177.75 17.60 26.70 1.83 3.70 0.00
3987 1941 196 21510.89 16.90 31.10 1.69 3.10 0.20
3987 1941 197 21027.26 16.90 27.20 1.77 4.00 0.00
3987 1941 198 11211.80 17.60 22.50 1.85 5.70 0.00
3987 1941 199 24648.27 13.20 22.90 1.16 4.70 0.00
3987 1941 200 12809.31 14.00 24.00 1.39 3.40 23.20
3987 1941 201 18380.37 12.70 21.40 1.29 3.20 0.10
3987 1941 202 13238.35 12.50 20.50 1.51 3.90 4.10
3987 1941 203 19080.56 12.80 23.50 1.40 3.50 0.00
3987 1941 204 13252.02 13.60 22.80 1.48 5.20 0.00
3987 1941 205 20422.26 10.50 22.20 1.40 5.10 0.00
3987 1941 206 26507.79 11.30 26.00 1.39 2.90 0.00
3987 1941 207 25793.34 14.70 28.80 1.57 4.00 0.00
3987 1941 208 13952.07 15.20 25.80 1.76 3.70 12.70
3987 1941 209 10381.96 17.50 24.50 1.92 3.20 0.00
3987 1941 210 14902.23 17.10 26.50 1.96 2.80 2.50
3987 1941 211 10318.12 16.20 20.60 1.83 3.10 6.40
3987 1941 212 9234.87 13.90 18.90 1.53 3.20 0.30
3987 1941 213 13629.48 13.90 20.20 1.48 3.80 0.90
3987 1941 214 23270.65 10.90 25.00 1.37 3.00 0.00
3987 1941 215 24098.74 12.60 24.20 1.63 4.30 0.00
3987 1941 216 10520.93 13.70 20.80 1.47 3.30 0.00
3987 1941 217 13964.92 11.80 21.80 1.51 6.60 3.50
3987 1941 218 11387.36 9.60 15.10 1.12 7.70 0.90
3987 1941 219 15590.85 10.20 18.30 1.13 6.60 0.00
3987 1941 220 14832.88 8.40 18.50 1.12 4.80 0.00
3987 1941 221 9356.00 10.20 16.70 1.28 2.30 2.70
3987 1941 222 13295.99 8.60 18.80 1.31 3.40 1.50
3987 1941 223 11116.71 12.60 21.50 1.57 3.70 0.40
3987 1941 224 15026.96 14.20 24.90 1.63 5.20 5.50
3987 1941 225 16658.09 12.20 19.80 1.24 5.00 10.60
3987 1941 226 15311.65 12.40 22.20 1.48 7.40 0.00
3987 1941 227 13810.74 13.10 26.20 1.81 3.30 1.30
3987 1941 228 17843.97 15.40 27.80 1.72 4.80 8.40
3987 1941 229 9374.98 13.00 20.60 1.67 3.90 20.60
3987 1941 230 16254.47 10.60 24.50 1.47 4.60 0.00
3987 1941 231 9122.29 14.60 20.10 1.49 2.80 3.50
3987 1941 232 10051.61 11.40 18.80 1.45 2.60 4.30
3987 1941 233 13647.10 11.10 18.10 1.28 5.30 1.80
3987 1941 234 16826.92 8.20 20.50 1.36 4.00 5.70
3987 1941 235 12871.86 12.70 19.00 1.36 4.90 0.00
3987 1941 236 7581.48 12.20 15.90 1.53 3.40 5.00
3987 1941 237 18301.92 11.20 21.10 1.27 4.00 0.20
3987 1941 238 7639.70 14.70 19.70 1.72 3.70 8.70
3987 1941 239 16044.27 12.40 19.00 1.37 6.40 2.80
3987 1941 240 15264.82 9.70 21.50 1.23 5.30 0.00
3987 1941 241 14117.37 12.90 20.80 1.21 4.90 0.00
3987 1941 242 14665.90 10.90 18.90 1.21 5.30 0.10
3987 1941 243 10048.39 10.20 18.70 1.31 4.00 2.50
3987 1941 244 16868.53 10.30 19.30 1.17 4.50 0.00
3987 1941 245 16745.02 7.20 20.20 1.16 2.20 0.00
3987 1941 246 11222.49 10.20 20.30 1.45 4.60 0.40
3987 1941 247 15427.21 9.90 21.70 1.35 4.20 0.00
3987 1941 248 16030.08 10.50 19.50 1.47 3.70 0.00
3987 1941 249 18442.09 9.10 22.00 1.13 3.00 0.20
3987 1941 250 16219.34 10.00 17.80 0.99 5.90 0.00
3987 1941 251 16309.97 6.00 17.00 0.93 6.00 0.00
3987 1941 252 16969.30 7.40 18.40 1.00 4.00 1.10
3987 1941 253 6450.06 7.70 17.00 1.47 5.70 10.20
3987 1941 254 8462.00 11.30 15.80 1.37 6.00 10.20
3987 1941 255 9284.23 8.80 13.70 1.17 6.00 15.70
3987 1941 256 9366.26 9.20 16.30 1.24 4.30 3.20
3987 1941 257 6941.92 9.00 14.40 1.17 5.50 11.60
3987 1941 258 7744.59 7.30 12.40 1.07 7.10 0.40
3987 1941 259 14440.54 3.60 16.10 0.97 4.00 0.00
3987 1941 260 5840.07 9.70 12.40 1.15 3.80 0.00
3987 1941 261 5757.82 9.50 13.10 1.23 4.10 0.00
3987 1941 262 11370.29 10.50 18.00 1.27 2.60 0.00
3987 1941 263 13760.24 6.20 18.70 1.05 2.20 0.00
3987 1941 264 16055.68 7.70 22.10 1.09 2.20 0.00
3987 1941 265 9006.27 7.60 18.40 1.21 2.30 0.00
3987 1941 266 12530.05 9.40 17.70 1.12 3.80 0.00
3987 1941 267 14873.02 6.20 20.80 1.19 3.90 0.00
3987 1941 268 14422.67 5.80 23.80 1.20 2.10 0.00
3987 1941 269 13657.22 10.30 23.10 1.31 3.30 0.00
3987 1941 270 14627.31 7.80 18.20 0.97 5.60 0.00
3987 1941 271 14137.17 4.40 16.80 0.81 6.90 0.00
3987 1941 272 14045.36 4.50 18.70 0.88 7.00 0.00
3987 1941 273 12915.99 4.80 20.00 1.12 4.70 0.00
3987 1941 274 7217.80 10.40 17.50 1.27 4.20 0.00
3987 1941 275 8633.83 7.80 18.20 1.20 1.70 0.00
3987 1941 276 13332.31 5.60 19.30 1.03 4.20 0.00
3987 1941 277 12641.40 7.50 21.30 1.17 5.60 0.00
3987 1941 278 11524.64 8.00 20.40 1.24 4.10 0.00
3987 1941 279 12877.22 6.40 17.40 1.07 6.20 0.00
3987 1941 280 12628.50 5.20 19.30 0.84 5.50 0.00
3987 1941 281 10172.95 3.90 18.60 1.15 4.50 0.00
3987 1941 282 4195.78 11.40 14.50 1.37 5.00 6.90
3987 1941 283 4154.33 6.70 12.40 0.97 4.80 14.50
3987 1941 284 4242.22 2.70 12.80 1.03 6.30 20.20
3987 1941 285 8296.47 2.60 9.60 0.68 5.40 0.00
3987 1941 286 4170.40 3.20 9.90 0.96 5.20 1.70
3987 1941 287 4689.78 6.90 12.00 0.91 5.00 1.40
3987 1941 288 3803.05 6.00 11.90 1.08 6.40 3.40
3987 1941 289 6351.29 6.00 13.00 0.95 6.60 4.40
3987 1941 290 7114.03 7.40 14.30 1.08 4.80 6.00
3987 1941 291 3602.19 6.90 12.50 1.19 8.90 19.90
3987 1941 292 6422.16 7.30 12.90 0.93 12.60 0.70
3987 1941 293 4229.99 6.90 15.30 1.21 7.80 0.40
3987 1941 294 4589.06 6.60 12.50 0.95 7.90 0.10
3987 1941 295 8071.96 4.40 8.80 0.72 9.30 0.00
3987 1941 296 3589.75 1.50 7.00 0.73 3.40 2.10
3987 1941 297 4317.32 2.20 8.00 0.75 3.80 0.60
3987 1941 298 3198.47 3.00 5.70 0.75 3.60 7.30
3987 1941 299 3975.35 2.50 9.40 0.83 7.10 2.80
3987 1941 300 5996.55 -0.90 5.90 0.49 6.10 5.50
3987 1941 301 3024.49 -1.00 5.90 0.76 5.70 5.90
3987 1941 302 3228.42 0.00 4.40 0.69 4.10 4.20
3987 1941 303 2925.62 -1.40 2.20 0.61 3.10 0.00
3987 1941 304 2868.85 -1.60 3.30 0.61 7.10 11.40
3987 1941 305 2818.09 0.30 0.90 0.61 4.80 0.90
3987 1941 306 4457.29 -1.90 2.20 0.49 4.90 1.70
3987 1941 307 2718.49 -1.90 -0.30 0.55 4.60 0.60
3987 1941 308 2664.78 -0.90 1.00 0.60 2.60 2.20
3987 1941 309 2614.16 -0.20 1.40 0.63 3.50 1.10
3987 1941 310 2728.05 0.50 5.20 0.72 5.60 2.30
3987 1941 311 4024.17 2.50 6.60 0.71 10.70 2.10
3987 1941 312 3467.10 2.00 6.70 0.64 11.30 0.60
3987 1941 313 2535.62 -0.80 5.70 0.63 6.80 0.20
3987 1941 314 5387.33 -2.90 3.90 0.52 4.90 0.00
3987 1941 315 2499.49 -1.00 3.20 0.48 9.70 0.00
3987 1941 316 2403.24 -1.30 2.30 0.48 11.50 0.00
3987 1941 317 2475.04 -3.70 1.70 0.36 13.40 0.00
3987 1941 318 6477.30 -7.50 -2.70 0.21 11.00 0.00
3987 1941 319 5749.45 -8.10 -0.10 0.25 9.60 0.00
3987 1941 320 6010.04 -3.90 4.40 0.45 4.90 0.00
3987 1941 321 2193.76 -2.40 7.00 0.73 5.50 0.00
3987 1941 322 2055.75 2.50 7.90 0.85 5.00 1.30
3987 1941 323 2994.41 3.50 10.60 0.85 4.40 0.30
3987 1941 324 1989.53 4.10 6.50 0.83 3.40 1.00
3987 1941 325 1960.40 2.40 4.80 0.77 3.30 0.00
3987 1941 326 3447.64 1.80 6.00 0.71 5.50 0.00
3987 1941 327 1904.81 0.60 2.30 0.63 5.80 0.00
3987 1941 328 1872.16 0.70 3.00 0.69 3.20 0.20
3987 1941 329 1840.96 2.80 4.40 0.80 3.20 0.00
3987 1941 330 1816.71 1.60 4.90 0.76 3.10 0.00
3987 1941 331 1792.08 0.30 4.10 0.68 4.20 0.00
3987 1941 332 1774.93 -3.60 1.80 0.43 5.30 0.00
3987 1941 333 5059.89 -5.90 0.80 0.36 4.90 0.00
3987 1941 334 5086.75 -6.00 4.10 0.37 4.90 0.00
3987 1941 335 2148.01 -4.70 1.10 0.44 5.20 0.00
3987 1941 336 1696.38 -8.20 -4.70 0.36 2.40 5.90
3987 1941 337 1661.20 -7.00 1.90 0.65 4.80 1.50
3987 1941 338 1644.49 -1.60 1.10 0.59 3.90 1.00
3987 1941 339 1617.55 1.10 5.80 0.84 6.20 5.40
3987 1941 340 1602.61 3.90 5.80 0.79 6.60 0.60
3987 1941 341 1589.44 1.90 4.30 0.68 8.70 1.20
3987 1941 342 1619.01 0.50 3.30 0.59 8.70 2.60
3987 1941 343 1560.34 2.60 4.70 0.76 7.90 2.60
3987 1941 344 1540.12 4.40 9.40 1.04 8.90 1.20
3987 1941 345 1526.81 7.60 11.10 1.03 9.30 0.30
3987 1941 346 1515.98 8.50 11.00 0.89 8.40 0.70
3987 1941 347 1594.18 5.60 10.10 0.79 9.60 1.00
3987 1941 348 1505.12 5.10 7.20 0.91 6.70 6.50
3987 1941 349 1497.13 5.70 10.80 0.99 7.30 3.80
3987 1941 350 1493.77 4.20 8.40 0.87 5.40 0.70
3987 1941 351 1494.17 2.20 4.80 0.72 4.90 0.70
3987 1941 352 1608.84 0.30 5.40 0.75 2.50 0.00
3987 1941 353 1488.24 2.00 3.50 0.73 1.90 0.00
3987 1941 354 1769.89 -1.00 3.60 0.63 2.10 0.00
3987 1941 355 1496.72 -3.90 0.20 0.47 2.10 0.00
3987 1941 356 1488.65 -3.90 2.30 0.63 6.20 2.50
3987 1941 357 1805.01 1.40 4.40 0.65 9.60 5.00
3987 1941 358 1481.38 0.80 8.60 0.85 12.80 4.80
3987 1941 359 2661.57 -1.80 7.30 0.51 10.20 0.60
3987 1941 360 3006.75 -6.40 -1.70 0.29 6.10 2.10
3987 1941 361 1919.12 -5.70 -0.90 0.45 6.40 2.70
3987 1941 362 4269.39 -10.20 -4.90 0.29 3.50 0.00
3987 1941 363 1530.02 -10.30 -1.60 0.37 7.30 1.40
3987 1941 364 4368.63 -6.60 -1.30 0.40 5.20 0.00
3987 1941 365 2701.36 -7.60 -1.90 0.39 2.40 0.80
