*---------------------------------------------------------------------------*
* Station name: Potsdam Saekularstation
* Year: 1991
* Author: Pedro Alencar                                   -999.000: NIL VALUE
* Source: DWD
* Comments: Gaps filled with interpolation and storical means
* Longitude: 13.0622, latitude: 52.3812, altitude: 82.0 m.
*
    * Column  Daily value
    * 1       station number
    * 2       year
    * 3       day
    * 4       irradiation                   (kJ m-2 d-1)
    * 5       minimum temperature           (degrees Celsius
    * 6       maximum temperature           (degrees Celsius)
    * 7       early morning vapour pressure (kPa)
    * 8       mean wind speed (height: 2 m) (m s-1)
    * 9       precipitation                 (mm d-1)
    *
** WCCDESCRIPTION=Potsdam, Germany
** WCCFORMAT=2
** WCCYEARNR=1991
*---------------------------------------------------------------------------*
   13.0622 52.3812 82.0 -0.18 -0.55
3987 1991 1 2590.00 1.50 5.20 0.67 5.60 0.00
3987 1991 2 760.00 -1.20 7.80 0.79 6.60 10.70
3987 1991 3 1800.00 4.10 10.00 0.83 5.40 0.90
3987 1991 4 1560.00 3.20 8.00 0.88 4.20 0.50
3987 1991 5 3810.00 0.40 5.70 0.62 6.00 2.30
3987 1991 6 800.00 2.40 6.80 0.60 8.40 0.00
3987 1991 7 2890.00 0.60 7.50 0.68 5.20 0.10
3987 1991 8 980.00 0.90 7.30 0.73 5.70 0.20
3987 1991 9 1880.00 5.00 9.00 0.78 6.10 4.10
3987 1991 10 1160.00 5.10 14.50 0.96 7.70 1.30
3987 1991 11 1610.00 4.60 9.20 0.87 4.90 1.10
3987 1991 12 2750.00 1.80 6.40 0.63 5.80 0.00
3987 1991 13 4490.00 -1.70 3.70 0.56 1.40 0.00
3987 1991 14 4960.00 -4.10 0.80 0.37 4.30 0.00
3987 1991 15 4650.00 -6.90 0.00 0.39 4.40 0.00
3987 1991 16 4780.00 -6.10 -0.20 0.38 4.50 0.00
3987 1991 17 4990.00 -8.40 1.60 0.32 4.40 0.00
3987 1991 18 4970.00 -7.70 3.00 0.35 3.70 0.00
3987 1991 19 4970.00 -6.20 5.30 0.28 4.00 0.00
3987 1991 20 1840.00 -4.00 1.70 0.57 2.50 2.40
3987 1991 21 1450.00 -0.90 4.70 0.72 3.70 2.30
3987 1991 22 1320.00 0.40 3.50 0.72 0.20 0.20
3987 1991 23 640.00 -0.70 2.20 0.58 3.40 0.00
3987 1991 24 670.00 -0.40 0.80 0.60 3.10 0.30
3987 1991 25 860.00 0.50 2.40 0.67 2.30 0.10
3987 1991 26 450.00 1.50 2.60 0.63 3.60 0.00
3987 1991 27 1640.00 0.50 2.70 0.58 2.20 0.00
3987 1991 28 860.00 -0.60 1.30 0.58 2.70 0.00
3987 1991 29 1490.00 -1.30 1.20 0.55 2.00 0.00
3987 1991 30 2420.00 -4.00 2.00 0.44 2.30 0.00
3987 1991 31 6140.00 -9.60 -3.30 0.20 5.20 0.00
3987 1991 32 6190.00 -11.20 -4.30 0.17 5.60 0.00
3987 1991 33 6060.00 -13.50 -4.30 0.18 5.10 0.00
3987 1991 34 5370.00 -11.30 -3.10 0.21 5.40 0.00
3987 1991 35 2480.00 -10.40 -1.10 0.35 2.90 0.10
3987 1991 36 2480.00 -11.10 -4.80 0.27 3.80 0.50
3987 1991 37 3070.00 -13.50 -8.50 0.22 5.30 0.20
3987 1991 38 4550.00 -10.60 -6.80 0.25 6.20 0.00
3987 1991 39 1950.00 -8.00 -3.90 0.35 5.00 1.70
3987 1991 40 4750.00 -4.80 -1.10 0.44 1.10 2.90
3987 1991 41 2880.00 -4.80 0.50 0.46 2.10 8.90
3987 1991 42 3240.00 -7.50 -2.40 0.38 3.30 2.00
3987 1991 43 6030.00 -10.60 -2.20 0.35 3.70 0.50
3987 1991 44 5410.00 -6.20 -3.20 0.37 3.30 0.90
3987 1991 45 3150.00 -6.60 -4.50 0.36 5.20 1.70
3987 1991 46 3710.00 -6.00 0.70 0.47 4.40 6.70
3987 1991 47 2410.00 -2.50 -0.70 0.50 2.10 0.00
3987 1991 48 4160.00 -5.20 -0.10 0.49 5.80 0.10
3987 1991 49 8370.00 -2.50 3.60 0.48 2.30 0.00
3987 1991 50 8250.00 -7.30 4.50 0.39 2.50 0.00
3987 1991 51 6960.00 -3.20 8.20 0.57 3.00 0.00
3987 1991 52 8480.00 -0.60 8.90 0.60 2.60 0.00
3987 1991 53 5340.00 -2.20 5.50 0.62 4.20 1.00
3987 1991 54 1800.00 -0.40 5.10 0.70 6.30 4.10
3987 1991 55 9820.00 3.30 12.90 0.81 5.20 0.00
3987 1991 56 3080.00 2.10 7.90 0.77 3.90 0.50
3987 1991 57 3000.00 -1.60 2.30 0.59 2.00 0.00
3987 1991 58 5560.00 -4.40 1.90 0.44 3.10 0.00
3987 1991 59 4420.00 -1.30 2.80 0.46 4.40 0.00
3987 1991 60 9950.00 -2.50 5.70 0.48 4.30 0.00
3987 1991 61 9960.00 -2.20 6.50 0.51 3.90 0.20
3987 1991 62 7780.00 0.20 11.00 0.69 2.60 0.00
3987 1991 63 9870.00 -0.50 11.60 0.64 2.60 0.00
3987 1991 64 7980.00 -0.40 9.40 0.69 3.60 2.00
3987 1991 65 4760.00 2.60 7.40 0.73 4.60 0.30
3987 1991 66 9500.00 0.80 10.90 0.67 5.10 0.00
3987 1991 67 9770.00 1.20 12.00 0.76 5.00 0.00
3987 1991 68 4640.00 3.20 10.10 0.81 4.10 0.00
3987 1991 69 5330.00 4.30 13.80 0.97 2.60 0.00
3987 1991 70 8380.00 2.40 15.70 0.92 1.70 0.00
3987 1991 71 5900.00 5.60 14.60 0.99 0.50 0.20
3987 1991 72 9230.00 6.50 16.00 0.95 1.30 0.00
3987 1991 73 12860.00 1.90 17.80 0.77 2.90 0.00
3987 1991 74 3410.00 4.60 11.80 1.03 3.20 3.40
3987 1991 75 10210.00 6.40 13.60 0.96 3.50 0.00
3987 1991 76 13540.00 3.10 16.90 0.81 4.90 0.00
3987 1991 77 7910.00 3.20 12.80 0.87 2.00 0.00
3987 1991 78 5990.00 2.50 12.40 0.93 4.30 12.90
3987 1991 79 5320.00 7.90 13.10 1.05 5.60 1.20
3987 1991 80 6950.00 8.50 17.50 1.19 4.00 20.70
3987 1991 81 6480.00 5.20 10.30 0.88 3.00 0.00
3987 1991 82 11130.00 2.60 10.50 0.73 0.80 0.00
3987 1991 83 5710.00 4.80 10.30 0.84 3.20 0.40
3987 1991 84 4960.00 3.80 7.70 0.63 5.10 0.00
3987 1991 85 12140.00 1.30 10.60 0.56 5.20 0.00
3987 1991 86 18350.00 2.00 10.20 0.47 3.00 0.00
3987 1991 87 11310.00 -1.90 6.20 0.52 3.00 0.50
3987 1991 88 11930.00 -2.10 7.20 0.46 1.80 0.00
3987 1991 89 12940.00 0.70 10.00 0.54 2.80 0.00
3987 1991 90 8310.00 2.50 7.50 0.51 4.60 0.00
3987 1991 91 2500.00 1.80 8.70 0.90 4.70 5.00
3987 1991 92 5020.00 7.60 14.00 1.14 4.30 1.40
3987 1991 93 15350.00 7.50 20.00 0.90 4.40 0.00
3987 1991 94 8170.00 6.50 13.20 0.93 1.60 4.50
3987 1991 95 11490.00 5.50 15.10 0.93 2.00 0.00
3987 1991 96 18360.00 4.60 16.60 0.75 2.20 0.00
3987 1991 97 12260.00 4.00 15.50 0.75 4.20 0.30
3987 1991 98 11210.00 3.90 13.40 0.72 5.60 2.50
3987 1991 99 9350.00 4.20 11.30 0.72 6.50 0.00
3987 1991 100 20650.00 1.40 15.40 0.64 2.00 0.00
3987 1991 101 20410.00 3.20 18.50 0.75 3.70 0.00
3987 1991 102 16420.00 5.50 19.50 0.83 4.20 0.00
3987 1991 103 18350.00 6.50 20.30 0.69 3.70 0.00
3987 1991 104 17470.00 7.60 20.20 0.74 3.40 0.00
3987 1991 105 19110.00 5.60 20.30 0.78 2.70 0.00
3987 1991 106 8820.00 0.60 12.10 0.61 7.40 2.60
3987 1991 107 8960.00 0.40 7.20 0.71 3.70 4.30
3987 1991 108 13950.00 -1.00 7.10 0.42 2.50 0.00
3987 1991 109 3590.00 -2.20 1.80 0.62 3.60 7.60
3987 1991 110 14330.00 -0.60 5.40 0.46 2.80 0.00
3987 1991 111 18460.00 -2.40 7.50 0.39 1.90 0.00
3987 1991 112 14330.00 -2.10 10.20 0.60 4.50 0.10
3987 1991 113 13070.00 1.20 10.70 0.61 1.90 0.00
3987 1991 114 9440.00 1.30 9.90 0.78 1.20 1.70
3987 1991 115 19320.00 1.60 14.30 0.64 3.70 0.00
3987 1991 116 7550.00 3.10 10.40 0.78 2.70 0.80
3987 1991 117 14650.00 1.80 13.00 0.77 0.80 0.00
3987 1991 118 21420.00 2.70 17.00 0.70 1.80 0.00
3987 1991 119 10590.00 5.30 13.50 0.77 1.90 0.40
3987 1991 120 11330.00 4.70 10.50 0.79 1.30 5.50
3987 1991 121 2200.00 6.40 7.70 0.97 2.50 3.40
3987 1991 122 5960.00 6.10 10.00 0.90 1.40 0.40
3987 1991 123 11300.00 5.10 11.60 0.69 2.50 0.30
3987 1991 124 15260.00 2.40 13.30 0.75 2.40 0.00
3987 1991 125 19740.00 1.90 14.60 0.77 2.80 0.00
3987 1991 126 4510.00 4.30 7.50 0.84 2.00 10.70
3987 1991 127 11200.00 3.00 9.10 0.70 2.40 0.00
3987 1991 128 8980.00 2.10 9.50 0.78 2.50 2.60
3987 1991 129 9070.00 5.60 13.00 0.88 2.60 0.00
3987 1991 130 20960.00 4.70 19.70 1.01 3.80 2.70
3987 1991 131 9490.00 10.80 16.00 1.32 2.10 4.50
3987 1991 132 14290.00 8.60 14.80 0.99 3.60 0.00
3987 1991 133 21610.00 6.70 17.20 0.88 2.80 0.00
3987 1991 134 5040.00 8.70 13.30 1.05 4.50 4.70
3987 1991 135 19220.00 4.40 12.10 0.75 5.60 0.40
3987 1991 136 20520.00 2.40 14.30 0.80 2.90 1.50
3987 1991 137 19380.00 3.90 14.80 0.86 2.70 1.10
3987 1991 138 23770.00 3.00 14.30 0.72 3.70 0.00
3987 1991 139 21420.00 1.00 15.70 0.73 2.50 0.00
3987 1991 140 13220.00 4.70 18.50 1.08 5.20 0.00
3987 1991 141 10150.00 12.70 17.70 1.27 7.80 0.00
3987 1991 142 23140.00 9.10 18.80 0.91 9.20 0.00
3987 1991 143 16470.00 5.70 13.80 0.77 6.90 1.20
3987 1991 144 20890.00 3.10 15.00 0.78 3.50 1.20
3987 1991 145 6070.00 6.00 10.80 0.93 3.70 0.60
3987 1991 146 21500.00 5.40 17.00 0.80 4.60 0.00
3987 1991 147 16130.00 6.00 15.60 0.92 2.00 0.00
3987 1991 148 13090.00 10.00 18.90 1.12 1.30 0.00
3987 1991 149 25150.00 7.90 22.40 0.99 2.00 0.00
3987 1991 150 25060.00 9.30 22.70 1.12 2.40 0.00
3987 1991 151 28460.00 9.70 24.20 1.16 4.70 0.00
3987 1991 152 23710.00 8.20 17.30 0.75 6.80 0.00
3987 1991 153 21960.00 3.10 17.50 0.73 1.80 0.00
3987 1991 154 20560.00 6.70 19.20 0.94 4.40 2.70
3987 1991 155 20010.00 7.00 14.30 0.82 5.40 1.60
3987 1991 156 22030.00 5.60 15.40 0.74 3.50 0.00
3987 1991 157 20800.00 4.70 18.70 0.78 3.10 0.00
3987 1991 158 17560.00 9.30 20.60 1.16 0.90 0.00
3987 1991 159 18670.00 11.50 20.20 1.18 2.90 0.00
3987 1991 160 14870.00 8.80 20.20 1.26 2.80 1.90
3987 1991 161 19160.00 11.50 21.00 1.39 4.00 6.30
3987 1991 162 15890.00 9.80 16.70 1.21 4.90 1.40
3987 1991 163 24970.00 10.90 24.20 1.16 3.50 2.90
3987 1991 164 14200.00 11.40 19.90 1.30 4.00 0.10
3987 1991 165 18140.00 10.70 19.90 1.12 4.40 0.00
3987 1991 166 7500.00 10.20 16.80 1.20 3.40 2.10
3987 1991 167 19650.00 11.70 18.10 0.96 6.10 0.00
3987 1991 168 7100.00 9.70 15.70 1.14 0.30 18.20
3987 1991 169 12400.00 9.20 15.50 1.16 3.20 4.30
3987 1991 170 19570.00 7.20 17.80 1.11 4.00 0.00
3987 1991 171 18890.00 8.10 20.40 1.13 2.50 0.00
3987 1991 172 22960.00 9.30 20.30 1.24 2.80 0.00
3987 1991 173 18070.00 12.80 26.20 1.62 3.70 7.40
3987 1991 174 21830.00 15.80 23.90 1.69 2.30 3.80
3987 1991 175 15400.00 13.90 22.20 1.67 4.90 5.70
3987 1991 176 18670.00 10.20 20.50 1.51 2.10 0.00
3987 1991 177 13470.00 16.10 24.30 1.75 5.10 1.10
3987 1991 178 18300.00 10.50 22.70 1.44 2.70 21.20
3987 1991 179 11380.00 7.00 15.40 1.26 4.80 8.50
3987 1991 180 7660.00 9.80 15.30 1.14 7.70 0.20
3987 1991 181 19980.00 11.00 20.50 1.25 4.20 0.00
3987 1991 182 18370.00 14.50 24.90 1.63 1.60 0.00
3987 1991 183 26960.00 16.30 27.80 1.64 3.30 0.00
3987 1991 184 28760.00 14.10 28.30 1.46 4.50 0.00
3987 1991 185 27430.00 12.90 27.20 1.55 3.90 0.00
3987 1991 186 28340.00 15.60 28.80 1.43 4.50 0.00
3987 1991 187 28850.00 15.20 30.40 1.56 3.00 0.00
3987 1991 188 28710.00 17.90 31.00 1.73 3.70 0.00
3987 1991 189 25180.00 18.10 33.10 1.85 2.90 0.00
3987 1991 190 16650.00 17.60 25.00 2.10 2.40 3.60
3987 1991 191 25480.00 12.40 24.50 1.44 2.20 0.00
3987 1991 192 26490.00 13.70 30.60 1.56 2.90 0.00
3987 1991 193 21420.00 18.10 35.40 2.11 3.60 3.40
3987 1991 194 21210.00 15.90 27.50 1.51 2.30 5.80
3987 1991 195 5620.00 16.00 19.90 1.87 2.00 1.10
3987 1991 196 21880.00 11.70 22.60 1.44 3.90 0.00
3987 1991 197 16580.00 15.40 21.20 1.51 5.80 0.00
3987 1991 198 20450.00 14.80 22.90 1.36 3.70 0.00
3987 1991 199 24780.00 11.50 22.00 1.28 3.60 1.20
3987 1991 200 9500.00 13.60 20.10 1.55 5.50 0.50
3987 1991 201 13060.00 14.50 21.50 1.49 5.20 5.20
3987 1991 202 22710.00 12.70 21.60 1.32 4.60 0.00
3987 1991 203 19990.00 10.00 21.00 1.22 3.50 0.00
3987 1991 204 25640.00 10.20 25.50 1.24 1.70 0.00
3987 1991 205 18380.00 13.00 29.90 1.50 3.70 6.10
3987 1991 206 18040.00 14.10 22.20 1.60 2.00 1.50
3987 1991 207 18660.00 11.90 22.60 1.58 2.00 0.00
3987 1991 208 21960.00 11.10 25.10 1.37 2.30 0.00
3987 1991 209 26720.00 15.10 27.90 1.46 3.10 0.00
3987 1991 210 22630.00 14.30 28.20 1.45 3.20 0.00
3987 1991 211 24070.00 14.70 28.40 1.38 4.00 0.00
3987 1991 212 19790.00 16.40 28.10 1.71 3.60 0.00
3987 1991 213 15350.00 17.50 28.00 2.03 2.80 68.00
3987 1991 214 6550.00 17.90 21.60 2.24 2.60 1.40
3987 1991 215 13680.00 17.50 23.70 2.17 2.90 0.00
3987 1991 216 12760.00 17.80 24.20 2.06 2.30 1.20
3987 1991 217 24030.00 13.40 26.60 1.66 1.30 0.00
3987 1991 218 19580.00 16.10 30.60 1.60 3.40 0.00
3987 1991 219 21410.00 19.20 33.30 1.90 3.30 2.30
3987 1991 220 9350.00 16.90 24.80 2.06 2.60 3.80
3987 1991 221 19720.00 13.10 23.20 1.51 2.70 0.00
3987 1991 222 12690.00 14.10 23.80 1.69 4.10 0.00
3987 1991 223 11460.00 18.20 24.30 2.02 4.60 4.50
3987 1991 224 17950.00 14.20 21.80 1.48 4.80 0.00
3987 1991 225 15930.00 10.40 20.50 1.33 2.30 0.00
3987 1991 226 20370.00 10.40 23.10 1.38 1.40 0.00
3987 1991 227 20980.00 13.20 25.30 1.31 1.90 0.00
3987 1991 228 17720.00 12.90 27.40 1.78 3.10 1.90
3987 1991 229 11840.00 13.80 20.70 1.58 3.60 1.90
3987 1991 230 12280.00 12.10 19.60 1.33 6.90 1.10
3987 1991 231 10120.00 12.30 18.30 1.21 6.80 0.20
3987 1991 232 4840.00 10.90 16.70 1.52 3.90 1.00
3987 1991 233 17960.00 9.30 20.80 1.27 1.80 0.00
3987 1991 234 22540.00 10.10 25.50 1.22 3.80 0.00
3987 1991 235 19280.00 11.70 29.10 1.57 3.40 1.30
3987 1991 236 11270.00 15.90 24.40 1.59 2.70 0.50
3987 1991 237 12870.00 11.40 20.40 1.40 3.40 0.00
3987 1991 238 12690.00 14.00 20.00 1.27 3.30 0.00
3987 1991 239 18200.00 9.90 23.30 1.36 2.30 0.00
3987 1991 240 11580.00 12.70 20.30 1.33 2.40 0.50
3987 1991 241 8870.00 8.80 20.00 1.39 2.40 0.10
3987 1991 242 10990.00 11.60 22.00 1.51 0.70 0.00
3987 1991 243 20010.00 10.60 25.00 1.26 1.20 0.00
3987 1991 244 17350.00 11.60 25.40 1.39 4.20 0.00
3987 1991 245 19320.00 12.10 27.40 1.23 3.70 0.00
3987 1991 246 18760.00 13.50 27.80 1.27 2.80 0.00
3987 1991 247 18810.00 12.60 28.50 1.38 1.90 0.00
3987 1991 248 6410.00 12.20 19.00 1.56 5.10 1.20
3987 1991 249 16640.00 7.90 19.00 0.98 4.70 0.00
3987 1991 250 14110.00 8.30 18.00 0.78 4.80 0.10
3987 1991 251 10300.00 7.20 19.50 1.24 3.10 0.00
3987 1991 252 7320.00 12.40 17.90 1.23 3.20 0.00
3987 1991 253 16970.00 11.20 25.30 1.14 2.40 0.00
3987 1991 254 6400.00 10.20 18.20 1.14 3.90 0.00
3987 1991 255 19020.00 5.60 18.80 0.87 3.50 0.00
3987 1991 256 18070.00 5.70 20.10 0.81 1.10 0.00
3987 1991 257 17100.00 6.20 24.30 0.97 3.40 0.00
3987 1991 258 15990.00 9.50 26.20 1.23 2.50 0.30
3987 1991 259 11380.00 14.00 21.50 1.61 2.70 4.80
3987 1991 260 8700.00 14.70 21.70 1.49 5.70 1.10
3987 1991 261 9640.00 11.80 20.20 1.32 3.50 0.00
3987 1991 262 6180.00 12.40 19.40 1.43 2.20 0.00
3987 1991 263 9420.00 8.20 17.20 1.14 1.70 0.00
3987 1991 264 15820.00 7.30 20.70 0.99 2.10 0.00
3987 1991 265 11250.00 9.00 26.40 1.55 4.90 2.40
3987 1991 266 8340.00 9.00 17.00 1.11 4.90 0.00
3987 1991 267 8357.69 12.60 20.60 1.43 5.30 0.00
3987 1991 268 13500.00 13.00 25.90 1.52 4.00 0.00
3987 1991 269 11150.00 14.10 25.10 1.45 3.30 0.30
3987 1991 270 6810.00 9.80 18.40 1.26 3.80 0.10
3987 1991 271 10620.00 8.00 16.20 0.99 2.90 0.00
3987 1991 272 6500.00 6.40 17.80 1.18 3.70 0.10
3987 1991 273 5970.00 11.60 17.00 1.37 2.70 3.40
3987 1991 274 11430.00 8.00 15.40 1.08 5.70 1.00
3987 1991 275 6000.00 8.80 14.00 0.98 7.90 4.30
3987 1991 276 11050.00 6.10 16.40 1.02 3.80 0.00
3987 1991 277 8450.00 8.00 18.00 1.24 2.60 0.00
3987 1991 278 12370.00 6.90 21.70 0.90 3.40 0.00
3987 1991 279 10930.00 7.50 20.10 1.19 2.30 0.00
3987 1991 280 9990.00 11.00 18.60 1.28 3.20 0.00
3987 1991 281 11360.00 9.70 24.20 1.19 4.20 0.00
3987 1991 282 10020.00 9.40 22.30 1.21 3.20 0.00
3987 1991 283 9530.00 8.50 22.10 1.27 1.10 0.00
3987 1991 284 10470.00 8.10 20.00 1.19 4.20 0.00
3987 1991 285 8550.00 9.00 19.50 1.22 4.70 1.30
3987 1991 286 1040.00 9.90 13.80 1.40 3.00 8.40
3987 1991 287 6490.00 10.40 17.40 1.23 3.10 0.00
3987 1991 288 10280.00 7.10 19.60 1.13 2.90 0.00
3987 1991 289 9090.00 7.50 18.90 1.14 3.40 1.80
3987 1991 290 5220.00 5.10 14.40 1.01 6.10 3.90
3987 1991 291 3550.00 4.50 11.70 0.73 8.80 0.00
3987 1991 292 6700.00 6.20 11.20 0.77 6.50 1.60
3987 1991 293 4790.00 1.90 7.30 0.71 4.10 0.00
3987 1991 294 9520.00 -1.50 6.50 0.55 2.10 0.00
3987 1991 295 7980.00 1.00 9.90 0.79 4.10 0.80
3987 1991 296 9600.00 1.70 9.90 0.64 3.00 0.00
3987 1991 297 1450.00 1.10 7.70 0.91 2.40 2.40
3987 1991 298 8000.00 0.50 10.00 0.68 2.00 0.00
3987 1991 299 9020.00 -2.70 6.90 0.46 2.80 0.00
3987 1991 300 8510.00 -3.10 8.80 0.50 4.00 0.00
3987 1991 301 8000.00 -2.60 8.40 0.60 3.30 0.00
3987 1991 302 3640.00 0.30 6.40 0.66 3.50 0.00
3987 1991 303 7180.00 -3.40 6.30 0.48 4.70 0.00
3987 1991 304 7170.00 -2.70 4.40 0.47 4.70 0.00
3987 1991 305 6590.00 -3.50 6.70 0.48 4.60 0.00
3987 1991 306 2630.00 2.00 10.50 0.85 5.70 1.00
3987 1991 307 4200.00 8.00 15.60 0.97 6.40 6.20
3987 1991 308 4060.00 6.00 12.80 0.84 4.40 0.00
3987 1991 309 1570.00 3.70 8.00 0.78 5.30 0.00
3987 1991 310 5200.00 1.60 7.70 0.65 6.20 5.10
3987 1991 311 810.00 2.30 9.30 0.95 6.50 11.20
3987 1991 312 810.00 7.20 11.60 1.08 6.70 10.90
3987 1991 313 3990.00 3.20 7.90 0.78 5.60 0.20
3987 1991 314 4300.00 1.30 6.30 0.65 5.80 0.00
3987 1991 315 1050.00 -0.50 5.20 0.75 6.40 7.70
3987 1991 316 2300.00 3.60 6.80 0.82 3.50 0.00
3987 1991 317 1530.00 4.10 11.30 0.86 5.50 0.10
3987 1991 318 2570.00 3.00 7.90 0.75 4.30 0.00
3987 1991 319 2500.00 2.00 7.30 0.74 3.80 0.00
3987 1991 320 4540.00 2.00 7.50 0.72 2.00 0.00
3987 1991 321 1120.00 0.50 4.00 0.72 2.50 0.10
3987 1991 322 3980.00 -0.50 5.20 0.58 2.50 0.00
3987 1991 323 1280.00 0.70 5.70 0.68 2.00 0.00
3987 1991 324 2300.00 2.60 5.10 0.63 4.00 0.00
3987 1991 325 4790.00 -1.40 5.10 0.51 2.40 0.00
3987 1991 326 4720.00 -4.60 3.00 0.51 2.40 1.50
3987 1991 327 790.00 0.60 3.70 0.76 1.90 2.60
3987 1991 328 3380.00 0.90 6.30 0.70 2.20 0.00
3987 1991 329 860.00 -0.90 3.50 0.70 3.70 0.10
3987 1991 330 1220.00 2.70 6.50 0.85 2.10 0.00
3987 1991 331 3020.00 -0.20 5.50 0.66 1.30 0.00
3987 1991 332 2450.00 2.30 6.80 0.73 1.50 0.00
3987 1991 333 1230.00 -0.70 2.60 0.62 0.40 0.10
3987 1991 334 1110.00 -0.20 3.30 0.69 3.30 0.00
3987 1991 335 630.00 1.50 3.00 0.65 3.30 0.00
3987 1991 336 390.00 0.10 1.70 0.60 0.60 0.00
3987 1991 337 280.00 -1.80 1.10 0.55 1.50 0.00
3987 1991 338 610.00 -1.80 5.60 0.73 5.80 1.30
3987 1991 339 3550.00 -0.50 5.80 0.57 4.50 0.00
3987 1991 340 1490.00 -2.90 1.90 0.55 4.20 0.00
3987 1991 341 490.00 0.60 2.60 0.66 3.70 0.00
3987 1991 342 440.00 0.00 2.50 0.67 1.40 0.10
3987 1991 343 2786.34 -9.30 1.40 0.26 2.90 0.00
3987 1991 344 2780.00 -11.30 -3.00 0.30 2.80 0.00
3987 1991 345 3270.00 -7.60 -1.20 0.40 3.90 0.00
3987 1991 346 3240.00 -6.60 -2.30 0.42 2.40 0.00
3987 1991 347 2870.00 -6.90 3.10 0.53 5.90 0.00
3987 1991 348 580.00 0.20 5.20 0.65 7.80 0.00
3987 1991 349 3400.00 -2.70 5.10 0.44 3.80 0.00
3987 1991 350 2470.00 -5.10 2.40 0.44 2.90 0.10
3987 1991 351 2620.00 -2.00 4.60 0.56 3.20 7.00
3987 1991 352 690.00 -0.20 5.30 0.75 7.70 2.60
3987 1991 353 570.00 0.90 7.80 0.84 6.00 12.70
3987 1991 354 2160.00 1.20 8.30 0.61 7.20 0.00
3987 1991 355 1440.00 1.00 3.70 0.62 4.30 1.00
3987 1991 356 520.00 0.20 2.50 0.67 2.10 4.80
3987 1991 357 540.00 2.50 11.50 1.01 8.60 2.10
3987 1991 358 2620.00 2.00 10.10 0.60 9.00 0.00
3987 1991 359 1970.00 -3.00 2.40 0.53 4.50 0.10
3987 1991 360 190.00 -1.80 6.60 0.76 7.50 8.10
3987 1991 361 360.00 2.10 5.70 0.68 7.10 0.40
3987 1991 362 3590.00 -3.60 2.40 0.54 3.20 0.00
3987 1991 363 240.00 1.60 4.50 0.78 5.10 0.20
3987 1991 364 1380.00 1.40 5.00 0.70 5.90 0.00
3987 1991 365 950.00 -1.30 4.70 0.62 2.90 0.00
