*---------------------------------------------------------------------------*
* Station name: Potsdam Saekularstation
* Year: 1938
* Author: Pedro Alencar                                   -999.000: NIL VALUE
* Source: DWD
* Comments: Gaps filled with interpolation and storical means
* Longitude: 13.0622, latitude: 52.3812, altitude: 82.0 m.
*
    * Column  Daily value
    * 1       station number
    * 2       year
    * 3       day
    * 4       irradiation                   (kJ m-2 d-1)
    * 5       minimum temperature           (degrees Celsius
    * 6       maximum temperature           (degrees Celsius)
    * 7       early morning vapour pressure (kPa)
    * 8       mean wind speed (height: 2 m) (m s-1)
    * 9       precipitation                 (mm d-1)
    *
** WCCDESCRIPTION=Potsdam, Germany
** WCCFORMAT=2
** WCCYEARNR=1938
*---------------------------------------------------------------------------*
   13.0622 52.3812 82.0 -0.18 -0.55
3987 1938 1 1554.38 -3.90 0.30 0.49 6.50 0.30
3987 1938 2 1575.31 -9.30 -3.00 0.37 3.40 0.70
3987 1938 3 1585.45 -10.00 -2.80 0.36 4.30 7.00
3987 1938 4 1937.19 -9.00 -0.50 0.37 6.50 1.20
3987 1938 5 2130.43 -16.00 -5.60 0.24 5.20 0.80
3987 1938 6 1623.54 -7.40 1.20 0.52 6.70 2.30
3987 1938 7 1639.57 -8.00 0.50 0.51 5.20 1.80
3987 1938 8 1652.45 0.00 2.30 0.64 5.30 3.00
3987 1938 9 2585.92 -3.10 0.80 0.53 6.60 4.80
3987 1938 10 1777.97 -1.50 3.00 0.63 6.90 1.00
3987 1938 11 1714.69 -1.30 2.50 0.60 5.50 4.20
3987 1938 12 1734.08 0.00 3.40 0.67 4.60 4.90
3987 1938 13 1751.89 0.00 6.40 0.80 6.40 16.30
3987 1938 14 1778.04 2.60 6.50 0.77 5.80 2.40
3987 1938 15 1894.51 0.90 6.00 0.68 7.20 0.50
3987 1938 16 2785.81 4.00 7.00 0.67 7.80 6.20
3987 1938 17 2129.80 3.60 9.50 0.85 9.10 4.10
3987 1938 18 1933.97 1.90 4.60 0.67 9.50 0.90
3987 1938 19 1916.57 -0.10 5.00 0.72 6.00 3.40
3987 1938 20 1945.85 3.30 5.40 0.80 6.90 3.60
3987 1938 21 4626.85 0.90 7.20 0.73 4.40 4.50
3987 1938 22 2015.37 0.90 5.60 0.71 5.40 0.10
3987 1938 23 2089.73 -0.90 8.10 0.87 6.40 0.50
3987 1938 24 2069.73 6.90 9.00 0.95 8.30 0.10
3987 1938 25 4570.89 5.30 10.70 0.72 7.90 0.10
3987 1938 26 2207.21 1.80 6.50 0.65 8.50 0.90
3987 1938 27 2199.01 0.50 2.90 0.64 6.90 3.00
3987 1938 28 3394.07 0.00 3.80 0.56 8.00 5.30
3987 1938 29 2751.59 -0.10 5.30 0.67 10.00 5.10
3987 1938 30 2966.17 0.60 4.00 0.59 7.50 0.30
3987 1938 31 4263.66 0.10 4.50 0.60 7.40 0.60
3987 1938 32 4316.61 1.80 7.90 0.61 8.10 0.50
3987 1938 33 3945.17 1.80 6.70 0.61 7.50 0.00
3987 1938 34 3444.08 1.60 6.50 0.77 7.30 0.90
3987 1938 35 3317.20 6.30 10.50 0.89 6.80 0.00
3987 1938 36 4471.03 4.50 12.40 0.71 4.90 0.00
3987 1938 37 6195.25 -0.80 7.50 0.68 4.50 0.00
3987 1938 38 2932.14 0.60 4.50 0.64 2.80 0.00
3987 1938 39 5992.16 -2.10 4.90 0.51 4.90 0.00
3987 1938 40 4444.89 -3.50 1.90 0.53 4.80 1.90
3987 1938 41 2846.66 0.10 5.50 0.69 8.60 9.00
3987 1938 42 5516.45 0.30 4.70 0.53 9.50 0.00
3987 1938 43 2965.90 -1.80 1.20 0.57 5.60 2.60
3987 1938 44 3024.84 -1.20 1.20 0.57 5.40 1.10
3987 1938 45 4771.57 -3.90 0.80 0.44 7.20 0.20
3987 1938 46 3155.12 -5.20 -2.00 0.36 7.00 0.00
3987 1938 47 7130.01 -6.10 0.40 0.39 6.40 0.00
3987 1938 48 9098.10 -4.90 4.10 0.37 7.30 0.00
3987 1938 49 7660.51 -6.10 6.00 0.47 4.10 0.00
3987 1938 50 9842.32 -3.90 4.50 0.44 3.70 0.00
3987 1938 51 6568.80 -5.40 3.50 0.52 4.40 0.00
3987 1938 52 6610.37 -4.10 3.00 0.49 4.10 0.00
3987 1938 53 3562.11 -1.90 3.00 0.63 7.60 0.50
3987 1938 54 8959.24 -3.50 5.00 0.45 4.10 0.00
3987 1938 55 3780.90 -3.40 0.40 0.48 3.70 0.00
3987 1938 56 8084.67 -4.10 6.90 0.45 3.60 0.00
3987 1938 57 10921.69 -2.60 11.70 0.40 5.90 0.00
3987 1938 58 8288.08 -0.10 12.20 0.61 6.80 0.00
3987 1938 59 3943.24 3.30 7.40 0.79 8.50 1.40
3987 1938 60 4083.89 4.90 9.60 0.80 9.20 0.30
3987 1938 61 6090.11 3.00 7.40 0.65 11.20 1.20
3987 1938 62 4141.65 5.00 8.90 0.89 9.80 0.40
3987 1938 63 7531.96 2.80 9.00 0.77 8.70 0.00
3987 1938 64 9617.60 2.40 12.90 0.77 6.60 0.00
3987 1938 65 5003.75 3.40 9.30 0.83 8.80 0.00
3987 1938 66 9478.23 3.40 8.70 0.65 8.10 0.00
3987 1938 67 5418.52 2.20 7.50 0.73 7.10 0.00
3987 1938 68 4653.08 5.80 10.50 0.81 10.20 0.00
3987 1938 69 7407.60 5.40 10.60 0.73 10.60 0.20
3987 1938 70 12018.52 2.80 10.50 0.59 7.90 0.00
3987 1938 71 12525.41 -3.30 9.70 0.43 3.60 0.00
3987 1938 72 14574.30 -0.90 9.60 0.44 3.40 0.00
3987 1938 73 14356.46 -1.80 17.70 0.52 4.20 0.00
3987 1938 74 14647.07 -0.60 16.90 0.51 5.70 0.00
3987 1938 75 9242.65 4.00 13.20 0.77 6.80 0.00
3987 1938 76 13505.76 6.90 15.50 0.89 8.80 0.00
3987 1938 77 5864.27 6.70 13.80 0.88 5.10 0.00
3987 1938 78 14323.74 4.80 17.70 0.77 6.70 0.00
3987 1938 79 15546.18 5.20 20.40 0.69 5.10 0.00
3987 1938 80 15410.77 5.70 21.70 0.75 4.90 0.00
3987 1938 81 13172.86 7.20 20.50 0.71 3.20 0.00
3987 1938 82 13049.10 7.20 20.00 0.84 3.20 0.00
3987 1938 83 13030.51 4.70 16.60 0.72 3.20 0.00
3987 1938 84 14628.46 5.60 20.50 0.67 6.70 3.80
3987 1938 85 9855.17 1.50 13.80 0.60 7.90 2.00
3987 1938 86 9178.56 0.80 7.70 0.65 8.30 5.10
3987 1938 87 14088.57 1.20 8.80 0.49 5.00 0.00
3987 1938 88 6209.16 -0.30 9.00 0.81 6.20 4.60
3987 1938 89 6157.15 8.80 12.90 1.15 9.80 5.70
3987 1938 90 6233.28 9.50 12.20 1.11 11.20 0.10
3987 1938 91 12899.76 8.20 14.30 0.87 12.50 0.00
3987 1938 92 8212.50 3.80 15.30 0.92 8.80 0.30
3987 1938 93 9556.86 1.40 9.50 0.69 11.60 4.20
3987 1938 94 13985.82 0.20 6.50 0.61 11.10 5.00
3987 1938 95 9027.93 1.30 9.20 0.77 7.70 3.40
3987 1938 96 6715.71 4.70 10.20 0.83 8.10 0.00
3987 1938 97 11358.88 5.60 11.70 0.73 11.10 0.30
3987 1938 98 14447.92 2.10 10.20 0.61 9.50 0.10
3987 1938 99 12721.95 0.00 6.00 0.57 7.60 1.50
3987 1938 100 15368.36 -2.00 8.10 0.44 4.50 0.00
3987 1938 101 14227.53 0.20 11.10 0.60 4.40 0.00
3987 1938 102 14545.66 0.70 13.80 0.75 5.90 0.00
3987 1938 103 8831.00 6.30 13.70 0.91 8.00 0.00
3987 1938 104 20681.74 2.50 14.50 0.60 4.30 0.00
3987 1938 105 19167.01 1.10 15.50 0.68 3.90 0.80
3987 1938 106 7458.92 5.80 9.30 0.91 3.40 0.00
3987 1938 107 17591.42 0.10 8.30 0.51 8.10 0.00
3987 1938 108 13338.12 -2.70 3.60 0.52 5.90 1.20
3987 1938 109 21380.17 -3.80 8.50 0.39 3.50 0.00
3987 1938 110 18510.40 -2.60 9.00 0.47 3.60 0.00
3987 1938 111 18498.20 -0.60 9.00 0.49 4.00 0.00
3987 1938 112 7924.13 -1.80 5.40 0.47 5.70 0.40
3987 1938 113 12694.07 1.30 10.70 0.64 4.80 0.00
3987 1938 114 14696.45 2.00 9.60 0.56 4.50 0.80
3987 1938 115 9802.03 1.20 9.10 0.67 2.70 1.00
3987 1938 116 11117.66 4.40 9.50 0.81 2.90 4.50
3987 1938 117 12421.46 1.70 12.60 0.83 3.90 1.20
3987 1938 118 8276.30 3.60 9.00 0.97 3.00 1.50
3987 1938 119 16929.29 5.70 12.70 0.85 4.00 0.30
3987 1938 120 15860.64 2.70 14.50 0.83 3.50 0.00
3987 1938 121 11552.27 5.70 14.30 0.96 5.50 0.00
3987 1938 122 8505.40 6.10 13.10 0.91 4.80 1.40
3987 1938 123 21776.12 5.50 14.40 0.45 7.00 0.00
3987 1938 124 23788.29 -0.50 12.90 0.44 4.00 0.00
3987 1938 125 25381.23 1.10 17.70 0.56 5.90 0.00
3987 1938 126 16708.13 3.60 12.50 0.83 4.30 0.70
3987 1938 127 10221.50 3.30 12.70 0.72 6.30 0.10
3987 1938 128 22089.28 -0.20 10.70 0.56 7.40 0.00
3987 1938 129 26039.81 -0.60 16.00 0.52 4.50 0.00
3987 1938 130 24864.45 3.60 16.70 0.67 5.60 0.00
3987 1938 131 26384.04 -0.30 15.00 0.51 3.90 0.00
3987 1938 132 26330.84 2.30 18.90 0.41 4.80 0.00
3987 1938 133 26012.99 4.70 24.60 0.63 5.20 0.00
3987 1938 134 25857.61 9.80 27.80 0.71 4.90 0.00
3987 1938 135 26131.54 13.70 28.90 0.71 5.20 0.00
3987 1938 136 24287.32 12.60 27.50 1.16 4.70 0.00
3987 1938 137 21729.96 12.80 27.00 1.37 4.70 0.00
3987 1938 138 9664.89 10.70 20.40 1.19 6.10 6.60
3987 1938 139 19826.48 6.50 18.00 0.92 5.10 1.20
3987 1938 140 14178.25 7.80 17.20 0.91 6.00 0.00
3987 1938 141 9480.87 7.50 10.40 1.00 7.00 9.10
3987 1938 142 10108.68 5.70 14.10 0.91 6.20 0.40
3987 1938 143 27964.77 5.40 19.20 0.85 5.20 0.00
3987 1938 144 24050.86 5.90 21.10 1.03 5.40 3.40
3987 1938 145 16111.39 7.90 15.40 0.95 4.80 3.00
3987 1938 146 15542.25 7.80 15.40 1.05 2.80 0.30
3987 1938 147 26901.95 6.30 20.90 0.99 5.00 0.00
3987 1938 148 24527.51 8.90 25.50 1.19 6.30 7.50
3987 1938 149 10209.20 9.60 18.80 1.13 7.50 6.70
3987 1938 150 12933.88 6.30 14.40 1.11 6.30 10.00
3987 1938 151 16044.51 7.80 17.50 1.07 9.60 2.10
3987 1938 152 23382.19 9.60 25.00 1.24 5.80 0.00
3987 1938 153 16022.09 13.70 23.90 1.59 4.90 12.50
3987 1938 154 9867.81 9.40 14.70 1.11 4.20 1.90
3987 1938 155 22264.16 6.90 20.70 1.01 3.50 0.00
3987 1938 156 27992.98 8.70 23.40 1.28 5.50 0.00
3987 1938 157 20731.16 13.70 20.90 1.15 5.80 0.00
3987 1938 158 28232.09 11.40 25.20 1.09 4.00 0.00
3987 1938 159 28027.69 11.20 29.00 1.20 4.80 0.00
3987 1938 160 25492.39 14.20 31.50 1.55 5.30 0.00
3987 1938 161 10065.94 15.10 23.00 1.65 3.30 4.70
3987 1938 162 17793.04 12.30 22.40 1.12 2.90 0.00
3987 1938 163 10952.63 11.70 17.40 1.36 4.30 0.00
3987 1938 164 28411.09 7.80 20.00 1.05 4.70 0.00
3987 1938 165 17165.84 11.20 18.90 1.19 4.80 0.00
3987 1938 166 12010.37 10.10 15.50 1.07 7.70 2.30
3987 1938 167 10800.90 8.60 14.00 1.04 9.00 1.30
3987 1938 168 11520.10 8.70 15.00 1.20 7.40 3.00
3987 1938 169 10313.45 9.70 14.70 1.15 5.10 0.00
3987 1938 170 23161.29 9.60 24.50 1.25 4.30 0.60
3987 1938 171 21377.21 12.30 21.80 1.24 6.30 0.00
3987 1938 172 26457.07 9.80 22.40 1.01 5.00 0.00
3987 1938 173 26785.17 13.90 27.80 1.24 4.50 0.00
3987 1938 174 13804.54 13.00 19.70 1.36 4.70 0.00
3987 1938 175 10606.72 9.40 21.50 1.51 4.10 0.90
3987 1938 176 20868.71 14.90 28.60 1.73 5.50 4.20
3987 1938 177 21945.69 14.50 21.80 1.27 7.50 0.00
3987 1938 178 17404.67 10.40 25.30 1.36 5.00 0.00
3987 1938 179 15280.02 15.10 22.50 1.28 6.40 1.90
3987 1938 180 23275.67 14.30 25.60 1.25 10.50 0.00
3987 1938 181 27260.08 10.20 24.50 0.99 5.00 0.00
3987 1938 182 14949.51 13.50 26.10 1.55 5.20 6.20
3987 1938 183 9986.93 12.30 18.60 1.43 5.20 5.10
3987 1938 184 19929.64 10.70 22.80 1.21 3.60 0.10
3987 1938 185 19772.40 12.90 21.00 1.19 3.90 0.40
3987 1938 186 14958.00 13.60 21.00 1.39 4.60 0.50
3987 1938 187 25586.19 9.60 21.20 1.12 5.90 0.20
3987 1938 188 27671.44 8.50 25.50 1.15 4.40 0.00
3987 1938 189 24789.23 13.50 33.90 1.43 5.90 2.20
3987 1938 190 15313.93 15.20 25.80 1.28 5.50 0.00
3987 1938 191 22912.89 11.00 19.10 1.17 5.30 0.30
3987 1938 192 19116.77 8.70 20.80 1.31 4.40 0.00
3987 1938 193 19877.73 11.50 24.50 1.47 4.20 6.90
3987 1938 194 16291.49 13.50 21.10 1.37 4.90 0.00
3987 1938 195 28410.47 9.70 24.00 1.16 3.40 0.00
3987 1938 196 27783.52 12.30 27.20 1.23 4.40 0.00
3987 1938 197 18577.96 14.10 28.70 1.65 4.40 3.10
3987 1938 198 16201.59 17.00 23.90 1.64 4.70 0.00
3987 1938 199 17048.55 11.50 20.80 1.29 5.50 0.00
3987 1938 200 16056.53 13.70 20.50 1.27 4.90 0.00
3987 1938 201 14842.23 11.50 20.30 1.29 4.50 0.30
3987 1938 202 9562.60 12.00 17.80 1.71 3.60 20.60
3987 1938 203 14280.38 12.70 20.00 1.55 3.90 3.20
3987 1938 204 21612.96 12.00 24.60 1.59 3.10 0.00
3987 1938 205 23238.09 14.40 27.10 1.64 3.00 0.00
3987 1938 206 23841.37 16.60 28.30 1.71 4.10 0.00
3987 1938 207 25002.59 16.80 30.10 1.75 4.40 0.00
3987 1938 208 17339.43 18.60 24.50 1.71 5.40 0.00
3987 1938 209 18046.48 15.30 27.90 1.53 4.30 0.00
3987 1938 210 13981.86 15.80 23.10 1.65 4.60 0.00
3987 1938 211 19493.29 12.30 27.10 1.40 3.00 0.00
3987 1938 212 25723.88 14.20 28.80 1.61 5.40 0.00
3987 1938 213 19032.38 17.70 31.00 2.00 4.90 3.80
3987 1938 214 19547.44 18.30 32.20 2.17 5.10 0.70
3987 1938 215 14546.53 18.00 29.70 1.95 4.20 10.20
3987 1938 216 24786.59 16.80 29.60 1.75 6.00 0.00
3987 1938 217 22857.15 16.70 30.40 1.61 5.00 0.00
3987 1938 218 22493.00 17.60 31.50 1.71 5.10 0.00
3987 1938 219 24702.53 16.80 30.10 1.36 5.90 0.00
3987 1938 220 24434.79 16.70 29.60 1.24 6.10 0.00
3987 1938 221 24470.65 14.50 29.20 1.17 6.10 0.00
3987 1938 222 23465.20 15.70 28.70 1.29 5.10 0.10
3987 1938 223 22673.58 15.70 29.40 1.35 4.90 0.00
3987 1938 224 18854.84 15.90 29.90 1.49 4.70 0.10
3987 1938 225 16788.64 14.90 27.50 1.83 3.10 4.20
3987 1938 226 12126.17 16.00 24.50 1.79 3.30 4.40
3987 1938 227 16487.85 14.20 27.40 1.75 3.60 0.00
3987 1938 228 20719.29 14.80 26.50 1.61 4.10 0.00
3987 1938 229 13237.62 15.90 22.90 1.44 8.70 3.00
3987 1938 230 15858.11 12.40 19.90 1.12 9.00 0.00
3987 1938 231 17970.21 13.20 27.40 1.20 6.80 0.00
3987 1938 232 19739.90 16.30 27.90 1.51 5.80 3.40
3987 1938 233 7800.18 11.10 19.20 1.45 3.90 5.30
3987 1938 234 16079.47 9.90 20.00 1.19 4.00 1.10
3987 1938 235 18683.09 8.30 20.50 1.11 4.40 0.00
3987 1938 236 7579.35 8.90 17.50 1.17 6.60 0.80
3987 1938 237 7501.81 13.70 16.00 1.69 6.90 3.80
3987 1938 238 7535.10 14.90 17.40 1.79 6.20 15.80
3987 1938 239 7361.20 14.80 16.20 1.69 5.80 0.10
3987 1938 240 7281.22 14.20 18.00 1.72 2.80 0.00
3987 1938 241 13094.59 14.70 25.30 1.89 4.90 0.00
3987 1938 242 11727.31 16.40 25.80 1.91 3.30 0.10
3987 1938 243 7072.22 15.30 18.50 1.63 5.20 0.80
3987 1938 244 7022.14 10.70 16.40 1.19 6.00 0.00
3987 1938 245 19464.69 7.50 19.40 0.97 5.70 0.00
3987 1938 246 12866.58 9.90 20.50 1.09 3.80 0.50
3987 1938 247 6809.82 11.30 14.40 1.39 3.10 24.40
3987 1938 248 6742.51 11.00 12.80 1.36 5.10 10.10
3987 1938 249 7787.13 9.80 16.50 1.17 4.80 0.00
3987 1938 250 6901.01 9.10 13.30 1.19 4.60 8.50
3987 1938 251 8429.33 10.10 15.40 1.33 4.10 6.90
3987 1938 252 13027.57 7.90 19.90 1.29 3.50 0.00
3987 1938 253 13903.80 10.50 19.60 1.28 3.70 0.10
3987 1938 254 7557.38 9.90 17.90 1.35 4.80 1.80
3987 1938 255 6292.60 12.40 16.30 1.44 6.20 1.00
3987 1938 256 10153.69 14.30 22.20 1.64 8.10 0.00
3987 1938 257 15826.93 13.80 23.50 1.52 6.60 1.50
3987 1938 258 7651.84 6.50 16.10 0.97 4.80 2.00
3987 1938 259 14272.74 3.80 15.50 0.83 4.20 0.00
3987 1938 260 13708.51 5.30 17.70 0.88 5.40 0.00
3987 1938 261 16614.96 7.30 23.30 1.11 4.80 0.00
3987 1938 262 14432.43 11.20 25.30 1.32 4.70 0.00
3987 1938 263 15169.13 10.00 23.50 1.27 4.20 0.00
3987 1938 264 15467.57 8.50 23.70 1.27 5.50 0.00
3987 1938 265 15284.51 10.30 26.10 1.29 5.40 0.00
3987 1938 266 14417.61 11.20 25.60 1.33 6.00 0.00
3987 1938 267 13930.50 9.90 22.70 1.29 6.30 0.00
3987 1938 268 14737.25 10.70 24.70 1.27 6.00 0.00
3987 1938 269 14857.15 10.80 24.40 1.08 6.20 0.00
3987 1938 270 14357.59 8.70 23.50 1.17 4.80 0.00
3987 1938 271 14120.42 8.20 23.90 1.28 4.80 0.00
3987 1938 272 13639.98 8.30 22.50 1.29 4.60 0.00
3987 1938 273 12964.28 9.30 23.80 1.32 4.40 0.00
3987 1938 274 6682.77 12.40 18.50 1.52 4.00 0.30
3987 1938 275 5028.74 11.70 15.90 1.35 4.30 0.40
3987 1938 276 7365.63 8.60 16.80 0.96 6.20 0.30
3987 1938 277 5221.37 7.70 13.70 1.04 8.60 8.50
3987 1938 278 7569.32 8.70 16.60 0.95 7.40 0.00
3987 1938 279 6518.88 7.50 14.80 0.88 7.70 2.10
3987 1938 280 6983.32 3.80 13.30 0.92 6.10 5.00
3987 1938 281 7607.27 8.10 12.70 0.97 9.40 0.80
3987 1938 282 4201.08 7.00 13.70 1.25 7.50 20.90
3987 1938 283 5368.12 9.20 15.30 1.25 5.80 3.30
3987 1938 284 5292.63 8.00 14.00 1.04 5.60 0.00
3987 1938 285 10887.03 8.60 14.90 0.93 7.00 0.00
3987 1938 286 3923.48 8.80 15.00 1.17 7.20 4.20
3987 1938 287 6728.19 11.00 17.80 1.21 8.90 0.00
3987 1938 288 4751.87 7.90 14.50 1.00 6.90 0.00
3987 1938 289 6915.38 6.40 16.40 0.99 4.50 0.00
3987 1938 290 3940.11 7.20 17.10 1.28 5.10 1.00
3987 1938 291 4929.22 11.90 17.30 1.36 6.20 5.70
3987 1938 292 5151.92 8.40 13.60 1.11 8.80 2.30
3987 1938 293 8895.59 6.40 12.30 0.95 7.60 0.00
3987 1938 294 6459.19 4.20 11.00 0.91 4.10 0.00
3987 1938 295 6383.30 1.10 10.50 0.72 4.00 0.00
3987 1938 296 6365.88 -0.50 6.50 0.61 4.60 0.00
3987 1938 297 4336.88 -0.50 4.60 0.59 2.60 0.00
3987 1938 298 3196.44 -2.60 6.10 0.73 3.90 0.00
3987 1938 299 3128.80 4.00 8.50 0.81 3.60 0.00
3987 1938 300 3072.05 4.90 8.10 0.83 2.60 0.00
3987 1938 301 3641.64 5.00 10.90 0.89 3.20 0.00
3987 1938 302 2950.48 7.20 9.30 1.07 4.30 7.30
3987 1938 303 2895.87 7.40 10.50 1.09 4.00 0.50
3987 1938 304 4001.21 6.40 10.50 0.93 4.90 0.10
3987 1938 305 5749.44 3.20 11.40 0.84 4.80 1.10
3987 1938 306 5365.97 5.20 10.60 0.85 5.50 0.30
3987 1938 307 2693.55 4.80 8.60 0.85 7.50 4.60
3987 1938 308 2632.10 5.90 12.60 1.08 8.80 7.90
3987 1938 309 3605.58 9.90 15.60 1.17 9.80 1.80
3987 1938 310 2980.62 8.40 14.50 1.25 7.50 0.50
3987 1938 311 2483.69 10.60 13.90 1.20 7.10 0.00
3987 1938 312 2442.59 9.30 11.30 0.97 7.20 0.00
3987 1938 313 2398.30 9.20 11.20 1.07 5.00 0.00
3987 1938 314 4146.63 5.40 11.00 0.84 3.90 0.00
3987 1938 315 3389.52 2.90 9.40 0.88 4.70 0.00
3987 1938 316 6068.05 3.30 14.30 0.93 4.00 0.00
3987 1938 317 5761.44 4.60 16.30 1.07 5.20 0.00
3987 1938 318 2441.93 8.10 14.40 1.13 6.10 4.30
3987 1938 319 2149.84 10.50 13.10 1.31 2.90 2.70
3987 1938 320 2121.68 6.30 10.60 1.00 4.30 7.00
3987 1938 321 2089.65 5.30 7.10 0.89 2.40 0.00
3987 1938 322 4175.69 4.10 9.10 0.83 3.50 0.00
3987 1938 323 4371.71 0.50 6.30 0.71 5.80 0.10
3987 1938 324 4352.94 3.40 9.70 0.83 4.10 0.30
3987 1938 325 2238.57 3.70 8.20 0.80 7.30 0.10
3987 1938 326 2300.23 5.50 11.60 0.73 7.30 0.00
3987 1938 327 4268.59 2.50 9.20 0.79 7.10 0.10
3987 1938 328 4537.07 5.40 12.10 0.83 7.80 1.50
3987 1938 329 2798.74 3.30 8.50 0.72 6.80 0.10
3987 1938 330 2753.19 5.70 11.80 0.79 7.80 0.00
3987 1938 331 1786.51 2.40 7.90 0.69 3.50 0.00
3987 1938 332 4494.04 -0.30 8.00 0.64 6.10 0.00
3987 1938 333 4222.22 -2.60 6.50 0.72 4.70 0.20
3987 1938 334 1804.87 1.70 5.20 0.72 4.50 0.50
3987 1938 335 3513.74 2.60 9.10 0.73 7.00 0.00
3987 1938 336 3992.15 3.90 10.00 0.75 6.90 0.00
3987 1938 337 3493.64 1.30 8.10 0.73 5.80 2.80
3987 1938 338 1635.91 3.40 4.70 0.83 3.60 3.20
3987 1938 339 1662.31 1.50 4.90 0.73 5.40 8.90
3987 1938 340 3651.12 2.80 7.00 0.79 6.50 0.40
3987 1938 341 1585.00 3.60 6.80 0.81 4.20 0.00
3987 1938 342 1868.33 -1.10 5.50 0.57 6.70 0.00
3987 1938 343 1851.21 0.80 4.80 0.59 6.20 0.00
3987 1938 344 3232.56 -0.60 4.60 0.64 5.80 0.10
3987 1938 345 1662.08 0.90 5.60 0.71 5.70 0.10
3987 1938 346 3687.76 -0.40 5.80 0.68 5.50 0.20
3987 1938 347 1522.88 -1.30 2.50 0.65 5.20 0.00
3987 1938 348 1512.11 1.90 3.50 0.72 5.50 0.00
3987 1938 349 1514.32 -4.10 3.00 0.49 8.10 0.00
3987 1938 350 2448.70 -8.90 -2.00 0.29 8.50 0.00
3987 1938 351 3597.68 -12.90 -8.50 0.21 6.50 0.00
3987 1938 352 1846.99 -15.20 -10.60 0.17 7.80 0.00
3987 1938 353 1520.02 -16.90 -13.50 0.15 8.40 0.00
3987 1938 354 1514.14 -15.50 -11.50 0.17 8.30 0.20
3987 1938 355 1499.60 -11.80 -3.10 0.39 6.20 1.70
3987 1938 356 1499.52 -6.50 -3.00 0.41 6.60 7.60
3987 1938 357 1504.45 -7.50 -6.00 0.33 6.90 0.00
3987 1938 358 1508.99 -9.80 -6.30 0.29 6.30 0.00
3987 1938 359 2961.27 -9.30 -1.60 0.36 4.40 0.00
3987 1938 360 1512.81 -6.30 -4.80 0.33 5.00 0.10
3987 1938 361 1518.14 -8.50 -3.90 0.35 7.00 10.00
3987 1938 362 1516.22 -4.50 -0.30 0.53 3.70 0.00
3987 1938 363 1525.64 -3.50 -0.80 0.51 2.90 0.40
3987 1938 364 1533.27 -5.20 -0.60 0.49 6.00 4.50
3987 1938 365 1538.44 -0.80 1.70 0.61 4.80 0.50
