*---------------------------------------------------------------------------*
* Station name: Potsdam Saekularstation
* Year: 1997
* Author: Pedro Alencar                                   -999.000: NIL VALUE
* Source: DWD
* Comments: Gaps filled with interpolation and storical means
* Longitude: 13.0622, latitude: 52.3812, altitude: 82.0 m.
*
    * Column  Daily value
    * 1       station number
    * 2       year
    * 3       day
    * 4       irradiation                   (kJ m-2 d-1)
    * 5       minimum temperature           (degrees Celsius
    * 6       maximum temperature           (degrees Celsius)
    * 7       early morning vapour pressure (kPa)
    * 8       mean wind speed (height: 2 m) (m s-1)
    * 9       precipitation                 (mm d-1)
    *
** WCCDESCRIPTION=Potsdam, Germany
** WCCFORMAT=2
** WCCYEARNR=1997
*---------------------------------------------------------------------------*
   13.0622 52.3812 82.0 -0.18 -0.55
3987 1997 1 3300.00 -18.20 -11.90 0.16 2.30 0.00
3987 1997 2 3170.00 -18.50 -12.00 0.17 2.90 0.00
3987 1997 3 2420.00 -14.30 -5.80 0.28 7.20 0.00
3987 1997 4 1270.00 -8.00 -4.90 0.32 5.70 0.00
3987 1997 5 3140.00 -13.90 -5.70 0.28 2.00 0.00
3987 1997 6 1880.00 -7.50 -3.50 0.38 1.20 0.00
3987 1997 7 920.00 -6.30 -4.60 0.36 1.60 0.00
3987 1997 8 650.00 -7.50 -5.60 0.35 1.60 0.10
3987 1997 9 610.00 -5.60 -3.90 0.38 2.70 0.30
3987 1997 10 1300.00 -6.80 -2.70 0.38 2.80 0.20
3987 1997 11 1320.00 -6.70 -4.70 0.36 2.50 0.60
3987 1997 12 3180.00 -6.90 -1.90 0.36 3.00 0.00
3987 1997 13 1720.00 -6.20 2.80 0.56 3.90 0.00
3987 1997 14 4340.00 -0.30 7.00 0.64 4.50 0.00
3987 1997 15 4610.00 -2.60 5.80 0.51 4.10 0.00
3987 1997 16 4520.00 -4.90 2.70 0.44 3.30 0.00
3987 1997 17 4820.00 -7.10 2.70 0.42 3.60 0.00
3987 1997 18 1270.00 -3.60 4.00 0.59 4.80 0.00
3987 1997 19 1420.00 -0.60 3.60 0.65 2.90 1.70
3987 1997 20 890.00 -0.20 1.90 0.65 2.50 0.50
3987 1997 21 1250.00 -0.20 1.30 0.58 1.80 0.00
3987 1997 22 4580.00 -1.90 4.20 0.57 4.30 0.00
3987 1997 23 3470.00 2.30 8.90 0.78 4.10 0.00
3987 1997 24 650.00 1.40 3.70 0.69 2.70 0.50
3987 1997 25 930.00 -0.30 1.40 0.51 5.00 0.00
3987 1997 26 5670.00 -3.60 1.80 0.42 6.40 0.00
3987 1997 27 5520.00 -6.60 2.10 0.39 3.90 0.00
3987 1997 28 780.00 -4.00 2.30 0.64 6.00 0.20
3987 1997 29 1040.00 0.80 2.40 0.66 4.40 0.70
3987 1997 30 880.00 1.70 3.00 0.68 6.00 1.20
3987 1997 31 1810.00 -2.40 3.50 0.59 5.60 0.10
3987 1997 32 6830.00 -6.30 1.70 0.42 3.20 0.00
3987 1997 33 6800.00 -5.80 2.20 0.40 2.80 0.00
3987 1997 34 1770.00 -5.80 0.40 0.50 3.60 0.00
3987 1997 35 2940.00 -0.30 4.50 0.60 5.70 2.00
3987 1997 36 1670.00 -1.70 3.70 0.63 5.30 0.00
3987 1997 37 3790.00 -1.90 5.70 0.65 5.00 0.00
3987 1997 38 6270.00 0.30 8.80 0.58 5.50 0.00
3987 1997 39 7580.00 0.40 8.20 0.52 5.70 0.00
3987 1997 40 3540.00 -1.10 10.00 0.77 5.20 0.00
3987 1997 41 6270.00 6.00 11.80 0.77 5.50 2.10
3987 1997 42 6360.00 3.60 8.90 0.59 8.70 1.50
3987 1997 43 1610.00 2.50 8.90 0.88 3.90 7.80
3987 1997 44 3670.00 3.20 10.10 0.84 7.40 5.30
3987 1997 45 4340.00 0.60 5.70 0.60 8.90 0.10
3987 1997 46 2580.00 -1.60 3.10 0.57 2.80 0.00
3987 1997 47 2870.00 -2.50 0.40 0.45 1.80 0.00
3987 1997 48 6770.00 -4.70 3.10 0.43 4.70 0.00
3987 1997 49 1230.00 -1.60 5.60 0.73 6.20 9.00
3987 1997 50 5470.00 1.40 6.90 0.60 6.80 3.80
3987 1997 51 5800.00 1.00 8.20 0.65 8.90 0.10
3987 1997 52 1190.00 3.70 9.20 0.84 8.60 3.00
3987 1997 53 6500.00 2.20 11.80 0.85 6.20 0.00
3987 1997 54 8020.00 5.10 14.20 0.86 4.70 0.00
3987 1997 55 3610.00 6.10 13.60 0.96 6.30 0.40
3987 1997 56 2200.00 5.50 13.60 1.01 9.10 25.30
3987 1997 57 5230.00 4.30 9.60 0.82 7.00 6.70
3987 1997 58 8500.00 0.30 7.10 0.54 5.60 0.00
3987 1997 59 11110.00 -0.70 13.40 0.64 6.10 0.00
3987 1997 60 8870.00 6.60 13.20 0.79 5.50 0.00
3987 1997 61 10970.00 5.70 18.70 0.90 7.00 0.00
3987 1997 62 9750.00 3.00 10.80 0.62 7.00 0.00
3987 1997 63 12320.00 -0.10 11.20 0.52 3.50 0.00
3987 1997 64 11810.00 -0.90 14.90 0.69 3.40 0.00
3987 1997 65 3270.00 3.80 10.60 0.83 3.60 0.00
3987 1997 66 13460.00 -1.20 11.90 0.60 2.50 0.00
3987 1997 67 8350.00 -0.10 13.60 0.76 3.00 0.00
3987 1997 68 13510.00 5.00 13.80 0.71 2.30 0.00
3987 1997 69 12990.00 1.80 15.70 0.79 3.60 0.00
3987 1997 70 11620.00 2.70 14.00 0.79 3.90 0.00
3987 1997 71 3100.00 2.40 6.10 0.75 2.20 0.00
3987 1997 72 2020.00 0.30 10.10 0.92 6.30 0.00
3987 1997 73 3450.00 7.70 10.60 0.91 6.20 0.40
3987 1997 74 3100.00 7.80 10.90 1.00 6.60 3.40
3987 1997 75 9210.00 0.60 8.10 0.56 3.60 2.80
3987 1997 76 5910.00 -0.90 3.60 0.54 2.30 0.10
3987 1997 77 12430.00 -3.70 5.90 0.46 3.60 7.20
3987 1997 78 2100.00 -0.30 5.40 0.66 4.20 0.50
3987 1997 79 8110.00 -3.80 1.80 0.41 2.70 0.00
3987 1997 80 5530.00 -3.70 2.00 0.54 3.00 1.50
3987 1997 81 11270.00 -2.10 6.10 0.49 3.50 0.00
3987 1997 82 9090.00 -2.70 6.50 0.48 3.80 0.00
3987 1997 83 14900.00 -2.40 8.20 0.46 4.40 0.00
3987 1997 84 13340.00 -0.50 8.00 0.51 4.20 0.00
3987 1997 85 13960.00 -2.40 12.30 0.67 4.70 0.90
3987 1997 86 11160.00 7.90 13.60 0.70 8.80 1.70
3987 1997 87 9780.00 4.10 10.80 0.73 11.00 2.20
3987 1997 88 8000.00 2.20 8.40 0.62 7.60 0.10
3987 1997 89 12960.00 -0.60 9.30 0.72 5.00 0.00
3987 1997 90 16670.00 4.40 14.20 0.78 5.80 0.00
3987 1997 91 18570.00 3.00 17.70 0.80 4.50 0.00
3987 1997 92 12290.00 3.20 14.20 0.79 3.10 0.00
3987 1997 93 11510.00 3.90 15.90 0.75 6.80 4.10
3987 1997 94 11240.00 0.90 9.20 0.57 7.30 0.60
3987 1997 95 3900.00 0.00 8.10 0.73 7.00 8.00
3987 1997 96 14280.00 0.60 8.00 0.50 6.90 0.70
3987 1997 97 18360.00 -3.00 8.70 0.41 3.50 0.00
3987 1997 98 17130.00 -2.40 11.00 0.41 2.60 0.00
3987 1997 99 11590.00 3.80 14.90 0.62 3.30 0.00
3987 1997 100 12040.00 4.20 11.70 0.72 6.80 0.00
3987 1997 101 8590.00 3.90 9.30 0.64 11.40 1.30
3987 1997 102 14080.00 0.50 10.10 0.51 5.90 0.00
3987 1997 103 18880.00 -2.70 10.80 0.50 4.20 1.20
3987 1997 104 2550.00 4.00 9.00 0.83 8.10 0.50
3987 1997 105 15980.00 2.10 7.70 0.49 6.50 1.10
3987 1997 106 12600.00 -1.30 8.50 0.50 3.90 0.00
3987 1997 107 9070.00 2.90 12.00 0.56 3.90 0.00
3987 1997 108 9700.00 0.10 14.40 0.77 5.20 1.00
3987 1997 109 14720.00 0.30 8.70 0.51 2.80 0.00
3987 1997 110 15860.00 -2.60 8.40 0.51 2.70 0.00
3987 1997 111 20040.00 -1.70 10.60 0.46 3.00 0.00
3987 1997 112 11440.00 -0.40 10.00 0.56 3.90 0.00
3987 1997 113 24460.00 -0.90 11.80 0.47 4.10 0.00
3987 1997 114 21360.00 0.30 17.90 0.59 6.60 0.00
3987 1997 115 12080.00 7.10 15.10 0.71 5.80 0.00
3987 1997 116 25060.00 0.90 15.70 0.68 4.20 0.00
3987 1997 117 15020.00 6.10 18.20 0.97 4.70 0.00
3987 1997 118 7890.00 7.00 17.40 1.18 4.90 5.20
3987 1997 119 7400.00 9.10 14.50 1.20 5.10 5.90
3987 1997 120 3820.00 8.30 10.30 1.05 5.30 0.00
3987 1997 121 9450.00 7.30 12.40 0.98 3.00 0.00
3987 1997 122 21690.00 6.10 22.10 1.20 5.20 0.00
3987 1997 123 21740.00 10.80 18.10 1.01 4.80 0.00
3987 1997 124 19890.00 7.00 22.10 1.09 3.50 0.00
3987 1997 125 10430.00 13.10 20.10 1.50 4.70 2.00
3987 1997 126 17360.00 10.20 21.80 1.23 5.50 7.80
3987 1997 127 18150.00 3.90 11.90 0.65 5.30 0.00
3987 1997 128 15680.00 2.10 13.40 0.82 3.50 0.00
3987 1997 129 21480.00 3.50 17.40 0.84 4.50 0.40
3987 1997 130 18530.00 5.10 17.60 0.97 5.40 0.00
3987 1997 131 18600.00 7.80 24.80 1.04 4.90 0.00
3987 1997 132 20760.00 11.70 22.10 1.24 2.40 0.00
3987 1997 133 22900.00 12.90 23.80 1.27 2.80 0.00
3987 1997 134 22060.00 12.00 28.60 1.54 4.10 4.20
3987 1997 135 19350.66 13.80 23.50 1.69 3.40 0.00
3987 1997 136 23720.00 12.60 25.90 1.61 5.60 0.00
3987 1997 137 24340.00 14.80 28.80 1.58 5.90 0.00
3987 1997 138 23830.00 14.50 29.90 1.48 4.00 0.00
3987 1997 139 13970.00 16.00 22.40 1.72 4.40 1.90
3987 1997 140 14810.00 14.10 23.50 1.76 2.90 2.30
3987 1997 141 15200.00 11.90 19.00 1.31 4.40 6.10
3987 1997 142 3610.00 8.70 12.40 1.12 2.30 2.40
3987 1997 143 8770.00 6.80 12.40 0.99 2.30 0.00
3987 1997 144 21470.00 2.70 13.70 0.81 3.00 1.60
3987 1997 145 27330.00 1.30 17.60 0.64 2.00 0.00
3987 1997 146 19350.00 6.10 18.20 0.88 2.50 5.20
3987 1997 147 9000.00 8.50 12.70 1.16 6.10 20.50
3987 1997 148 17630.00 6.00 15.40 1.03 3.50 0.90
3987 1997 149 14790.00 5.70 14.10 1.05 6.00 0.00
3987 1997 150 15900.00 6.40 14.90 0.90 5.00 0.30
3987 1997 151 22850.00 1.90 16.40 0.70 4.20 0.40
3987 1997 152 11190.00 4.90 17.70 1.12 3.80 1.70
3987 1997 153 29130.00 6.40 21.00 0.92 3.80 0.00
3987 1997 154 26720.00 5.90 21.60 1.01 2.90 0.00
3987 1997 155 27160.00 10.70 23.70 1.08 2.80 0.00
3987 1997 156 28200.00 10.90 25.40 1.19 5.00 0.00
3987 1997 157 28200.00 13.70 27.00 1.17 4.70 0.00
3987 1997 158 29710.00 12.90 27.80 1.11 4.70 0.00
3987 1997 159 24860.00 14.50 26.50 1.23 4.60 0.00
3987 1997 160 22980.00 16.30 25.10 1.47 4.80 0.00
3987 1997 161 29000.00 12.30 25.20 1.34 2.60 0.00
3987 1997 162 29810.00 13.20 28.60 1.32 4.30 0.00
3987 1997 163 16980.00 15.00 28.90 1.70 3.90 2.10
3987 1997 164 15470.00 16.80 27.00 1.82 2.40 0.10
3987 1997 165 14950.00 14.70 22.30 1.78 3.50 2.30
3987 1997 166 17030.00 12.90 19.90 1.43 6.00 0.80
3987 1997 167 27140.00 9.80 18.80 0.98 4.70 0.00
3987 1997 168 29240.00 7.60 20.90 0.99 3.70 0.00
3987 1997 169 28730.00 8.10 20.10 1.05 4.10 0.00
3987 1997 170 22770.00 9.60 21.50 1.00 2.60 0.00
3987 1997 171 7930.00 12.50 17.90 1.35 3.00 1.20
3987 1997 172 10120.00 10.30 19.80 1.48 4.30 5.70
3987 1997 173 12460.00 12.30 19.90 1.32 4.90 0.00
3987 1997 174 18940.00 10.30 20.30 1.30 5.80 7.50
3987 1997 175 9550.00 11.20 15.20 1.39 6.70 3.70
3987 1997 176 21530.00 9.80 17.50 1.02 3.90 0.00
3987 1997 177 8970.00 9.40 20.50 1.45 4.20 1.10
3987 1997 178 17820.00 13.00 22.40 1.69 3.60 0.10
3987 1997 179 24330.00 13.50 26.80 1.51 2.20 0.00
3987 1997 180 26630.00 16.60 33.70 2.06 5.00 0.00
3987 1997 181 17280.00 17.30 25.90 1.67 3.90 0.00
3987 1997 182 16740.00 13.80 21.90 1.40 3.40 0.00
3987 1997 183 20460.00 11.40 26.00 1.36 3.40 0.00
3987 1997 184 20120.00 15.90 24.50 1.64 3.70 0.00
3987 1997 185 10760.00 14.40 23.20 1.70 2.70 1.00
3987 1997 186 19920.00 12.70 24.30 1.46 3.30 0.00
3987 1997 187 16350.00 12.40 21.00 1.34 5.90 0.00
3987 1997 188 24520.00 12.20 26.00 1.43 6.30 0.00
3987 1997 189 24730.00 15.20 25.80 1.34 5.80 0.00
3987 1997 190 25520.00 12.40 24.90 1.47 3.60 0.00
3987 1997 191 24840.00 12.50 27.20 1.24 3.00 0.00
3987 1997 192 24160.00 11.90 27.30 1.35 2.70 0.00
3987 1997 193 28880.00 14.30 26.70 1.37 3.10 0.00
3987 1997 194 28430.00 11.50 25.50 1.16 2.80 0.00
3987 1997 195 22100.00 12.10 27.30 1.28 2.80 0.10
3987 1997 196 13760.00 15.90 27.10 1.78 2.30 21.70
3987 1997 197 18240.00 14.80 24.00 1.67 2.80 0.00
3987 1997 198 14970.00 14.20 24.40 1.66 2.00 0.00
3987 1997 199 4350.00 15.80 18.20 1.80 3.30 11.40
3987 1997 200 18540.00 14.70 22.80 1.63 4.60 15.10
3987 1997 201 2850.00 14.30 16.10 1.69 4.70 30.20
3987 1997 202 15950.00 15.50 25.60 1.91 3.60 4.50
3987 1997 203 26080.00 14.20 27.70 1.77 2.70 0.00
3987 1997 204 24480.00 14.00 27.80 1.60 2.30 0.00
3987 1997 205 23920.00 16.70 25.40 1.73 3.40 0.00
3987 1997 206 12920.00 15.30 24.60 1.78 2.40 3.90
3987 1997 207 16330.00 15.40 22.20 1.80 5.20 0.00
3987 1997 208 17970.00 14.00 26.20 1.55 5.90 0.00
3987 1997 209 23360.00 14.80 23.20 1.37 5.20 0.00
3987 1997 210 16050.00 14.40 23.40 1.61 2.50 6.10
3987 1997 211 19690.00 13.20 26.00 1.50 2.20 2.10
3987 1997 212 10440.00 13.80 20.90 1.61 4.40 0.10
3987 1997 213 15810.00 11.70 20.00 1.49 3.20 0.70
3987 1997 214 20250.00 12.10 24.40 1.49 1.50 0.00
3987 1997 215 18210.00 14.30 26.00 1.65 2.30 0.00
3987 1997 216 15060.00 15.70 26.10 1.81 2.60 1.30
3987 1997 217 24090.00 15.30 26.10 1.67 3.00 0.00
3987 1997 218 14170.00 14.00 25.80 1.82 2.60 4.00
3987 1997 219 20880.00 14.50 26.20 1.79 3.20 0.00
3987 1997 220 20940.00 15.70 28.20 1.81 3.40 0.10
3987 1997 221 20910.00 16.50 28.90 1.75 2.90 1.70
3987 1997 222 22620.00 16.20 29.70 1.65 2.90 0.00
3987 1997 223 21370.00 17.80 30.50 1.58 4.20 0.00
3987 1997 224 23000.00 16.90 30.90 1.58 3.90 0.00
3987 1997 225 23060.00 18.10 32.30 1.48 2.40 0.00
3987 1997 226 17590.00 17.90 32.20 1.63 3.80 0.00
3987 1997 227 12550.00 17.60 26.70 1.82 4.30 0.00
3987 1997 228 18320.00 15.40 27.80 1.90 2.60 0.00
3987 1997 229 22130.00 14.90 28.30 1.44 3.60 0.00
3987 1997 230 18650.00 14.40 27.70 1.20 3.70 0.00
3987 1997 231 15100.00 15.10 29.00 1.55 4.10 0.00
3987 1997 232 14460.00 18.70 29.10 1.43 3.80 0.00
3987 1997 233 19730.00 16.20 30.80 1.52 4.00 0.00
3987 1997 234 16020.00 16.70 31.70 1.66 3.30 1.60
3987 1997 235 8360.00 18.60 25.80 2.20 2.00 0.00
3987 1997 236 17330.00 19.80 31.70 2.06 2.70 0.00
3987 1997 237 19680.00 18.00 32.20 1.69 4.00 0.00
3987 1997 238 15580.00 17.00 31.50 1.80 3.70 0.40
3987 1997 239 13950.00 17.80 28.90 2.01 1.90 0.00
3987 1997 240 17880.00 17.60 30.10 1.70 5.80 5.80
3987 1997 241 3070.00 14.10 23.10 1.68 4.60 13.30
3987 1997 242 12910.00 12.90 22.30 1.47 4.40 0.00
3987 1997 243 17570.00 12.00 25.10 1.68 2.80 0.00
3987 1997 244 19890.00 14.20 27.70 1.69 3.30 0.00
3987 1997 245 17030.00 14.30 28.70 1.74 4.00 0.00
3987 1997 246 5440.00 16.90 21.90 1.87 2.50 0.00
3987 1997 247 4750.00 15.50 20.70 1.94 1.50 11.10
3987 1997 248 12280.00 15.00 25.20 1.85 1.90 1.70
3987 1997 249 11750.00 14.30 22.20 1.52 4.00 0.30
3987 1997 250 10970.00 10.80 20.10 1.35 5.90 0.00
3987 1997 251 10000.00 14.20 21.30 1.44 8.30 0.00
3987 1997 252 9550.00 10.30 19.10 1.22 9.90 2.30
3987 1997 253 10640.00 9.30 16.50 1.03 8.60 0.00
3987 1997 254 10660.00 10.00 17.80 1.16 3.60 0.00
3987 1997 255 12570.00 11.60 26.20 1.44 4.50 4.10
3987 1997 256 8030.00 10.60 17.50 1.29 5.50 2.00
3987 1997 257 13900.00 7.30 16.70 0.98 6.30 0.00
3987 1997 258 15630.00 7.80 19.70 1.02 4.50 0.00
3987 1997 259 16980.00 7.30 24.00 0.94 4.60 0.00
3987 1997 260 12340.00 11.20 22.70 1.12 4.80 0.00
3987 1997 261 7830.00 10.50 18.40 1.34 1.50 0.00
3987 1997 262 14360.00 7.90 17.50 0.87 3.20 0.00
3987 1997 263 11750.00 4.10 15.60 0.87 3.40 0.00
3987 1997 264 16320.00 4.40 16.90 0.88 2.60 0.00
3987 1997 265 13950.00 5.10 18.20 0.99 2.90 0.00
3987 1997 266 12025.41 6.20 18.10 1.11 4.50 0.00
3987 1997 267 14180.00 8.80 20.40 1.08 2.00 0.00
3987 1997 268 15100.00 7.70 22.60 1.07 2.60 0.00
3987 1997 269 14600.00 8.50 22.20 1.12 3.10 0.00
3987 1997 270 9900.00 10.10 18.10 1.12 2.00 0.00
3987 1997 271 14560.00 6.00 19.00 0.95 2.80 0.00
3987 1997 272 12970.00 5.90 21.70 1.10 3.20 4.40
3987 1997 273 7440.00 11.40 17.60 1.24 5.30 0.20
3987 1997 274 9990.00 7.90 15.70 1.27 3.90 5.70
3987 1997 275 9880.00 9.30 14.70 0.98 10.50 0.40
3987 1997 276 7150.00 8.60 14.40 0.99 6.20 0.00
3987 1997 277 3330.00 9.90 15.90 1.23 7.50 0.00
3987 1997 278 4040.00 13.50 17.50 1.44 7.10 0.00
3987 1997 279 11750.00 11.20 21.90 1.28 3.30 0.00
3987 1997 280 5030.00 11.90 23.20 1.44 4.80 0.00
3987 1997 281 6010.00 11.60 19.10 1.31 5.30 0.00
3987 1997 282 5500.00 15.90 22.80 1.68 8.60 2.30
3987 1997 283 2620.00 10.80 17.20 1.35 7.00 9.80
3987 1997 284 5480.00 9.10 14.30 1.03 9.60 1.20
3987 1997 285 5050.00 5.60 11.90 1.00 4.40 1.40
3987 1997 286 7040.00 6.20 12.10 0.91 6.00 0.90
3987 1997 287 6780.00 3.60 11.50 0.79 3.80 6.70
3987 1997 288 5240.00 2.90 10.10 0.85 3.20 0.70
3987 1997 289 9090.00 0.50 10.10 0.64 2.50 0.00
3987 1997 290 9220.00 0.40 12.50 0.77 3.40 0.00
3987 1997 291 8840.00 8.50 16.70 1.03 4.30 0.00
3987 1997 292 9410.00 6.60 19.10 1.20 4.30 0.20
3987 1997 293 3320.00 2.60 11.30 0.88 3.40 0.10
3987 1997 294 9030.00 -1.60 9.40 0.50 2.00 0.00
3987 1997 295 6010.00 -0.90 7.10 0.54 4.10 0.00
3987 1997 296 5050.00 1.80 10.30 0.79 6.10 1.40
3987 1997 297 8740.00 0.70 7.50 0.57 6.30 0.00
3987 1997 298 2180.00 -0.60 6.60 0.74 6.60 4.40
3987 1997 299 6060.00 -2.10 6.60 0.49 4.00 0.00
3987 1997 300 9240.00 -4.30 6.40 0.45 2.90 0.00
3987 1997 301 8840.00 -4.40 5.90 0.46 2.90 0.00
3987 1997 302 3190.00 -1.60 5.60 0.48 5.50 0.00
3987 1997 303 3340.00 1.20 7.40 0.63 2.40 0.00
3987 1997 304 1610.00 0.00 4.90 0.67 4.90 0.00
3987 1997 305 5190.00 0.00 5.60 0.62 2.20 0.00
3987 1997 306 1110.00 0.00 5.70 0.78 4.50 0.30
3987 1997 307 5460.00 -2.40 7.20 0.56 4.90 0.30
3987 1997 308 7480.00 -3.10 3.90 0.44 5.50 0.00
3987 1997 309 2290.00 -1.60 6.50 0.60 4.90 1.70
3987 1997 310 1860.00 3.70 8.30 0.91 4.30 4.10
3987 1997 311 3430.00 6.70 15.90 1.09 5.50 0.30
3987 1997 312 3150.00 5.00 10.70 0.95 4.30 0.00
3987 1997 313 3190.00 4.20 10.80 0.90 5.20 0.80
3987 1997 314 4700.00 6.00 12.90 0.85 5.50 0.00
3987 1997 315 4750.00 4.40 12.30 0.82 3.90 0.00
3987 1997 316 2400.00 1.00 5.60 0.77 4.30 0.00
3987 1997 317 1740.00 4.30 7.30 0.83 4.60 0.00
3987 1997 318 1290.00 2.40 6.40 0.75 2.10 0.00
3987 1997 319 1750.00 1.30 5.70 0.80 2.90 6.10
3987 1997 320 4580.00 2.20 7.60 0.75 2.60 0.00
3987 1997 321 1520.00 4.40 7.10 0.80 2.30 0.00
3987 1997 322 4450.00 -0.10 5.00 0.51 4.80 0.00
3987 1997 323 4950.00 -4.30 1.40 0.45 4.60 0.00
3987 1997 324 4710.00 -2.60 2.80 0.48 5.60 0.00
3987 1997 325 2290.00 -3.40 0.10 0.51 3.30 0.00
3987 1997 326 1320.00 -1.20 1.50 0.55 2.50 0.00
3987 1997 327 860.00 -1.60 -0.40 0.51 0.60 0.00
3987 1997 328 790.00 -0.60 0.70 0.55 2.30 0.00
3987 1997 329 810.00 -0.50 1.30 0.57 4.40 0.00
3987 1997 330 510.00 0.70 2.00 0.60 4.10 0.00
3987 1997 331 1960.00 -2.50 0.70 0.50 5.20 0.00
3987 1997 332 950.00 -0.80 0.40 0.53 5.40 1.00
3987 1997 333 1830.00 0.00 7.40 0.85 4.60 1.40
3987 1997 334 2390.00 5.70 8.80 0.98 3.20 0.80
3987 1997 335 320.00 -0.90 6.70 0.66 3.40 3.60
3987 1997 336 2110.00 -3.20 -0.10 0.54 1.80 0.40
3987 1997 337 720.00 -0.80 1.50 0.59 3.60 0.90
3987 1997 338 520.00 -0.60 2.50 0.58 3.40 0.30
3987 1997 339 1970.00 -2.90 0.60 0.51 3.90 0.10
3987 1997 340 1580.00 -0.40 4.40 0.60 5.70 7.70
3987 1997 341 530.00 0.60 5.90 0.85 5.00 2.80
3987 1997 342 1740.00 1.70 5.10 0.72 4.10 0.00
3987 1997 343 1460.23 0.40 6.60 0.74 4.50 2.50
3987 1997 344 650.00 3.60 8.60 0.99 6.50 9.70
3987 1997 345 1020.00 8.10 9.90 1.06 5.60 8.20
3987 1997 346 900.00 5.80 8.30 0.99 4.10 7.80
3987 1997 347 470.00 3.30 5.80 0.71 5.50 6.00
3987 1997 348 1540.00 1.50 4.70 0.67 4.40 1.00
3987 1997 349 320.00 -3.90 2.20 0.41 6.40 0.00
3987 1997 350 2080.00 -10.90 -3.90 0.21 7.80 0.00
3987 1997 351 3310.00 -13.90 -8.30 0.21 8.10 0.00
3987 1997 352 3160.00 -9.70 -2.00 0.34 5.30 0.00
3987 1997 353 970.00 -5.80 -0.60 0.48 4.10 1.40
3987 1997 354 1620.00 -3.70 0.30 0.55 4.40 5.70
3987 1997 355 340.00 0.30 0.90 0.64 4.50 3.00
3987 1997 356 840.00 0.20 1.00 0.62 0.80 0.00
3987 1997 357 480.00 -0.10 1.10 0.62 1.60 0.00
3987 1997 358 1040.00 -0.60 6.10 0.76 4.10 6.40
3987 1997 359 2830.00 4.80 9.20 0.95 6.60 0.20
3987 1997 360 2980.00 6.70 10.50 0.80 7.60 0.30
3987 1997 361 900.00 3.50 7.60 0.78 6.40 0.50
3987 1997 362 1230.00 0.80 5.20 0.76 3.70 0.00
3987 1997 363 1010.00 1.70 3.50 0.71 4.80 3.00
3987 1997 364 2470.00 0.00 3.40 0.63 3.90 0.00
3987 1997 365 3150.00 -0.60 6.70 0.69 4.80 0.10
