*---------------------------------------------------------------------------*
* Station name: Potsdam Saekularstation
* Year: 1946
* Author: Pedro Alencar                                   -999.000: NIL VALUE
* Source: DWD
* Comments: Gaps filled with interpolation and storical means
* Longitude: 13.0622, latitude: 52.3812, altitude: 82.0 m.
*
    * Column  Daily value
    * 1       station number
    * 2       year
    * 3       day
    * 4       irradiation                   (kJ m-2 d-1)
    * 5       minimum temperature           (degrees Celsius
    * 6       maximum temperature           (degrees Celsius)
    * 7       early morning vapour pressure (kPa)
    * 8       mean wind speed (height: 2 m) (m s-1)
    * 9       precipitation                 (mm d-1)
    *
** WCCDESCRIPTION=Potsdam, Germany
** WCCFORMAT=2
** WCCYEARNR=1946
*---------------------------------------------------------------------------*
   13.0622 52.3812 82.0 -0.18 -0.55
3987 1946 1 2095.45 -5.40 -1.90 0.32 1.90 0.00
3987 1946 2 3310.78 -8.60 -1.70 0.37 3.50 0.00
3987 1946 3 1581.58 -6.80 -1.70 0.40 2.80 0.00
3987 1946 4 1594.25 -4.30 -2.20 0.37 4.20 0.00
3987 1946 5 1600.83 -3.00 2.50 0.37 6.30 0.20
3987 1946 6 1614.60 0.50 3.30 0.64 5.00 2.00
3987 1946 7 1636.00 -1.40 3.30 0.61 3.80 0.10
3987 1946 8 3765.36 -4.20 4.90 0.37 4.20 0.00
3987 1946 9 2489.27 -4.70 4.60 0.52 5.80 2.60
3987 1946 10 1983.30 2.30 8.70 0.76 9.40 1.40
3987 1946 11 1694.57 4.50 11.60 1.01 8.70 3.10
3987 1946 12 1764.34 6.50 11.80 0.87 10.30 2.80
3987 1946 13 2526.02 -3.50 6.80 0.45 8.60 3.20
3987 1946 14 2332.31 -3.50 -0.40 0.48 5.70 0.00
3987 1946 15 1814.10 -4.40 -0.50 0.47 3.50 0.00
3987 1946 16 3570.95 -8.00 -1.30 0.32 4.10 0.00
3987 1946 17 5495.60 -10.70 -3.30 0.25 5.80 0.00
3987 1946 18 5360.19 -10.00 -1.80 0.31 7.20 0.00
3987 1946 19 3831.94 -6.00 1.60 0.43 7.00 0.00
3987 1946 20 1961.62 -4.40 -1.30 0.43 8.80 0.00
3987 1946 21 5964.00 -9.50 -2.40 0.28 7.20 0.00
3987 1946 22 5834.77 -10.10 -2.00 0.28 7.50 0.00
3987 1946 23 2560.32 -5.80 -0.50 0.28 6.50 0.00
3987 1946 24 6035.14 -7.60 0.60 0.31 4.10 0.00
3987 1946 25 6223.19 -10.10 1.10 0.35 4.50 0.00
3987 1946 26 5679.01 -8.10 1.70 0.40 5.50 0.00
3987 1946 27 5487.99 -6.20 2.60 0.39 5.40 0.00
3987 1946 28 2248.93 -5.60 -0.20 0.48 4.20 0.90
3987 1946 29 2809.06 -3.70 4.00 0.57 8.40 12.70
3987 1946 30 3655.75 0.50 7.00 0.60 10.30 0.50
3987 1946 31 2632.07 2.20 4.60 0.64 9.60 1.00
3987 1946 32 2563.97 -0.40 6.10 0.69 7.80 0.50
3987 1946 33 2440.47 5.20 7.30 0.81 6.60 2.30
3987 1946 34 2878.88 3.80 7.60 0.77 9.00 7.30
3987 1946 35 5195.76 4.40 9.90 0.81 9.50 11.90
3987 1946 36 2583.35 2.70 6.20 0.73 9.80 5.90
3987 1946 37 2697.03 2.10 5.20 0.72 6.20 1.80
3987 1946 38 2686.78 0.80 4.90 0.76 4.00 10.90
3987 1946 39 2736.55 3.10 8.30 0.80 7.80 9.30
3987 1946 40 2795.23 1.60 4.30 0.69 5.30 5.60
3987 1946 41 4320.81 -1.40 5.00 0.61 6.30 0.80
3987 1946 42 4008.72 3.00 6.50 0.68 12.60 5.80
3987 1946 43 7307.32 -0.20 4.10 0.48 10.10 0.00
3987 1946 44 4053.59 -2.50 0.00 0.40 5.10 0.00
3987 1946 45 3079.34 -3.10 1.30 0.48 4.50 1.00
3987 1946 46 3120.44 1.20 5.10 0.81 6.90 0.50
3987 1946 47 3179.99 3.40 5.10 0.79 9.20 2.50
3987 1946 48 6113.22 2.00 5.80 0.55 10.40 0.90
3987 1946 49 3302.59 1.80 6.70 0.60 11.30 0.00
3987 1946 50 3642.02 -1.20 5.50 0.68 5.70 7.20
3987 1946 51 4132.84 0.40 6.00 0.61 9.50 9.10
3987 1946 52 3734.30 -5.80 0.60 0.41 5.00 1.10
3987 1946 53 4528.11 -8.00 -3.70 0.32 3.20 0.80
3987 1946 54 3632.05 -6.70 2.50 0.59 7.70 8.50
3987 1946 55 5812.71 -1.20 3.10 0.43 13.70 1.40
3987 1946 56 7909.46 -3.50 1.00 0.41 6.80 0.70
3987 1946 57 8603.09 -3.30 4.10 0.43 2.80 0.90
3987 1946 58 3905.24 -2.20 4.40 0.60 6.40 1.30
3987 1946 59 4126.71 -1.80 1.30 0.49 2.40 3.20
3987 1946 60 4046.62 -2.00 -0.50 0.55 7.20 0.20
3987 1946 61 4107.09 -0.50 3.00 0.63 4.40 3.70
3987 1946 62 4173.08 0.00 3.00 0.68 4.50 0.10
3987 1946 63 4409.27 -0.60 2.30 0.51 9.60 0.00
3987 1946 64 4326.36 -0.30 0.60 0.53 6.90 5.70
3987 1946 65 4397.85 -1.10 1.00 0.59 2.90 2.70
3987 1946 66 4471.49 -0.40 0.90 0.59 1.90 0.00
3987 1946 67 4541.65 -1.00 1.30 0.60 4.00 0.00
3987 1946 68 4615.09 0.30 1.70 0.59 7.00 0.00
3987 1946 69 4775.65 -0.40 2.90 0.59 4.10 0.00
3987 1946 70 8829.00 -0.30 7.60 0.60 5.90 0.00
3987 1946 71 5094.89 -0.50 3.80 0.51 7.50 0.20
3987 1946 72 4918.57 -1.10 1.90 0.53 7.20 0.00
3987 1946 73 4999.70 -1.90 0.80 0.51 6.10 0.80
3987 1946 74 7906.36 -1.90 3.50 0.47 3.90 0.00
3987 1946 75 5163.31 -5.30 -0.70 0.37 2.80 0.00
3987 1946 76 15440.42 -7.60 4.30 0.37 2.80 0.00
3987 1946 77 15090.56 -5.10 7.30 0.41 3.10 0.00
3987 1946 78 5333.50 -0.50 10.90 0.56 4.40 0.00
3987 1946 79 13030.92 5.50 18.50 0.67 4.80 0.00
3987 1946 80 7306.27 5.40 14.80 0.77 8.90 0.00
3987 1946 81 5551.18 5.10 11.20 1.04 6.30 5.30
3987 1946 82 10149.05 5.10 12.10 0.69 14.00 0.00
3987 1946 83 9794.28 2.30 10.90 0.67 5.20 0.00
3987 1946 84 6937.94 3.40 10.70 0.69 7.80 0.00
3987 1946 85 6854.16 3.60 7.80 0.77 6.20 0.00
3987 1946 86 17757.97 -1.70 14.00 0.51 3.40 0.00
3987 1946 87 11468.63 5.40 13.80 0.80 4.10 0.00
3987 1946 88 8965.32 1.60 10.90 0.76 3.10 0.00
3987 1946 89 13756.87 2.60 16.00 0.77 3.30 0.00
3987 1946 90 17056.94 3.10 18.30 0.77 3.60 0.00
3987 1946 91 13139.57 2.40 15.00 0.80 5.90 0.00
3987 1946 92 12343.97 4.60 14.00 0.83 3.40 0.00
3987 1946 93 18377.70 5.70 22.50 0.89 2.40 0.00
3987 1946 94 18263.20 10.20 24.80 0.77 3.60 0.00
3987 1946 95 16163.74 11.00 25.80 1.03 3.20 0.10
3987 1946 96 7762.07 4.70 18.80 0.69 5.20 1.00
3987 1946 97 8043.90 1.60 10.60 0.63 5.50 0.00
3987 1946 98 7562.16 7.10 16.90 0.75 6.70 1.10
3987 1946 99 16741.01 5.10 11.80 0.65 8.60 0.00
3987 1946 100 16511.78 1.20 9.10 0.52 7.60 0.00
3987 1946 101 13961.75 -2.20 8.10 0.59 6.00 0.70
3987 1946 102 7170.07 3.90 8.60 0.95 7.50 3.30
3987 1946 103 7231.44 5.60 10.70 0.88 2.00 0.00
3987 1946 104 13941.70 5.30 16.40 0.87 1.70 0.00
3987 1946 105 21376.52 5.00 18.10 0.83 2.50 0.00
3987 1946 106 21858.33 5.70 21.80 0.92 4.50 0.00
3987 1946 107 15813.55 8.20 23.20 1.12 5.10 0.30
3987 1946 108 8691.92 6.40 12.10 0.81 3.20 3.70
3987 1946 109 18390.63 3.50 12.70 0.65 4.10 0.00
3987 1946 110 22556.75 1.70 15.00 0.64 2.30 0.00
3987 1946 111 21808.06 4.50 19.50 0.71 3.50 0.00
3987 1946 112 14018.88 6.00 12.90 0.71 3.90 0.60
3987 1946 113 17481.04 1.90 12.60 0.65 3.30 0.00
3987 1946 114 23050.49 3.30 19.50 0.61 4.10 0.00
3987 1946 115 19549.62 5.70 21.60 0.83 2.40 0.00
3987 1946 116 22300.69 7.30 24.20 0.76 4.90 0.00
3987 1946 117 20282.90 10.00 23.80 1.05 2.80 0.00
3987 1946 118 15907.16 8.60 20.40 1.11 2.10 0.00
3987 1946 119 11579.00 9.20 19.00 1.33 3.30 1.70
3987 1946 120 22900.27 7.10 22.20 1.07 3.10 0.00
3987 1946 121 22344.46 12.00 26.50 1.23 3.60 3.30
3987 1946 122 18393.08 10.20 22.10 1.23 3.20 1.70
3987 1946 123 14429.77 8.70 17.00 1.05 3.40 0.10
3987 1946 124 23390.01 5.40 18.70 0.99 2.60 0.00
3987 1946 125 18732.16 6.70 19.20 1.00 3.10 2.10
3987 1946 126 11482.58 10.30 17.40 1.23 4.40 0.00
3987 1946 127 25198.08 10.40 21.80 0.96 4.90 0.00
3987 1946 128 25940.30 9.10 22.00 0.83 4.30 0.00
3987 1946 129 24379.79 3.00 17.00 0.61 2.40 0.00
3987 1946 130 26240.62 3.80 20.60 0.64 4.20 0.00
3987 1946 131 23925.11 6.50 18.50 0.69 4.10 0.00
3987 1946 132 24780.63 2.50 20.10 0.65 3.40 0.00
3987 1946 133 14631.59 11.30 24.10 0.79 3.30 11.70
3987 1946 134 9123.46 9.40 17.80 1.37 3.70 4.20
3987 1946 135 9445.46 6.80 11.20 0.88 4.50 0.00
3987 1946 136 9479.23 6.80 13.20 0.85 1.80 0.00
3987 1946 137 17326.38 6.70 16.90 1.05 3.60 1.50
3987 1946 138 16176.95 11.10 19.00 1.29 1.80 0.00
3987 1946 139 24832.36 10.60 22.40 1.12 3.40 0.00
3987 1946 140 17019.34 11.50 26.40 1.41 5.40 1.60
3987 1946 141 26113.07 12.60 27.70 1.25 5.70 0.00
3987 1946 142 27013.20 14.40 27.30 1.23 5.60 0.00
3987 1946 143 21608.30 10.90 22.90 0.97 5.30 0.00
3987 1946 144 22433.63 10.20 20.20 1.19 4.50 0.00
3987 1946 145 22472.15 10.60 25.40 1.31 5.30 0.00
3987 1946 146 19294.65 15.80 28.30 1.59 5.60 0.90
3987 1946 147 14716.99 14.30 25.20 1.68 2.50 10.60
3987 1946 148 23192.72 14.90 25.10 1.65 2.50 0.00
3987 1946 149 26878.37 13.60 29.40 1.29 3.30 0.00
3987 1946 150 21494.20 13.50 24.00 1.37 4.30 0.00
3987 1946 151 20209.79 12.50 24.50 1.28 2.40 2.10
3987 1946 152 17429.27 13.60 21.10 1.13 5.00 2.10
3987 1946 153 13043.96 12.80 20.30 1.15 6.60 0.80
3987 1946 154 22210.47 10.50 21.10 0.96 5.60 0.00
3987 1946 155 21562.52 10.70 19.70 0.99 5.30 0.30
3987 1946 156 15117.89 9.30 23.00 1.17 3.90 0.00
3987 1946 157 16740.65 14.80 21.20 1.27 3.80 0.50
3987 1946 158 22481.60 13.90 25.30 1.16 2.00 0.00
3987 1946 159 22977.64 12.70 28.90 1.69 3.80 1.40
3987 1946 160 18965.10 14.50 23.60 1.41 6.00 0.50
3987 1946 161 17635.39 12.20 27.00 1.51 5.00 5.60
3987 1946 162 23498.14 11.40 21.60 1.09 4.40 4.10
3987 1946 163 16764.48 10.90 19.90 1.25 2.30 1.90
3987 1946 164 10043.31 9.20 15.00 1.17 6.50 51.90
3987 1946 165 10082.10 8.10 9.20 1.09 10.30 26.50
3987 1946 166 13587.57 8.30 16.20 1.09 7.60 1.10
3987 1946 167 11850.87 7.30 19.50 1.37 2.90 5.10
3987 1946 168 20304.57 11.00 21.30 1.25 3.10 0.10
3987 1946 169 16088.47 11.20 20.10 1.27 4.20 4.60
3987 1946 170 20138.99 9.10 18.20 1.03 6.00 0.10
3987 1946 171 22907.42 8.40 18.50 1.04 4.50 0.00
3987 1946 172 16585.69 8.60 20.20 1.15 2.00 0.80
3987 1946 173 12468.24 11.60 19.00 1.31 3.00 4.80
3987 1946 174 10058.00 11.60 14.40 1.43 3.40 5.80
3987 1946 175 12582.13 11.60 19.80 1.33 2.70 0.30
3987 1946 176 11844.28 11.70 18.50 1.44 3.00 0.10
3987 1946 177 20826.90 14.20 24.00 1.41 2.20 3.10
3987 1946 178 21912.98 14.50 23.10 1.59 3.80 0.20
3987 1946 179 17625.41 13.10 24.30 1.59 1.90 0.40
3987 1946 180 21881.75 15.10 23.60 1.36 3.10 0.00
3987 1946 181 27273.89 12.90 27.60 1.40 3.80 0.00
3987 1946 182 22475.15 15.50 26.70 1.76 3.00 0.00
3987 1946 183 18138.45 16.40 26.60 1.76 2.00 0.00
3987 1946 184 21163.25 16.60 31.80 1.95 3.30 0.40
3987 1946 185 27826.47 18.30 33.70 1.77 3.60 0.00
3987 1946 186 22765.79 18.80 36.00 1.69 4.20 0.00
3987 1946 187 15009.66 16.20 22.90 1.35 3.90 0.00
3987 1946 188 13931.52 11.70 21.10 1.23 3.20 0.00
3987 1946 189 24887.19 12.30 25.10 1.25 3.60 0.00
3987 1946 190 28486.81 10.50 26.40 1.52 4.50 0.00
3987 1946 191 26623.63 15.40 24.30 1.41 6.50 0.00
3987 1946 192 25069.79 11.40 23.50 1.19 5.50 0.00
3987 1946 193 27735.91 11.60 25.30 1.21 4.20 0.00
3987 1946 194 22420.67 11.30 25.90 1.49 2.80 0.00
3987 1946 195 23625.85 13.10 27.20 1.61 2.00 0.00
3987 1946 196 12665.50 10.50 21.20 1.52 4.20 6.40
3987 1946 197 21169.62 9.20 21.30 1.11 3.60 0.00
3987 1946 198 14595.26 16.10 27.00 1.53 3.60 0.60
3987 1946 199 19346.14 16.70 26.40 1.69 2.80 9.80
3987 1946 200 19891.85 15.00 27.00 1.59 2.80 0.00
3987 1946 201 23844.50 14.40 25.60 1.47 2.80 0.00
3987 1946 202 17471.15 13.50 22.00 1.47 3.10 0.00
3987 1946 203 15552.54 11.90 19.60 1.40 3.10 0.20
3987 1946 204 12963.32 15.80 24.00 1.79 3.60 0.00
3987 1946 205 25247.34 15.80 30.40 1.81 3.20 0.00
3987 1946 206 22035.48 19.30 32.80 1.91 4.00 0.00
3987 1946 207 19303.44 16.50 29.30 1.89 2.60 0.00
3987 1946 208 23855.91 19.40 33.40 1.87 4.40 2.70
3987 1946 209 12991.12 15.30 23.40 1.87 1.80 13.10
3987 1946 210 15327.77 12.20 19.40 1.41 4.80 1.20
3987 1946 211 16995.57 11.00 21.10 1.35 6.40 0.30
3987 1946 212 16320.06 16.20 21.90 1.28 7.40 0.00
3987 1946 213 20610.29 11.70 21.70 1.12 6.70 0.00
3987 1946 214 19599.13 11.20 21.20 1.31 5.60 1.80
3987 1946 215 11386.55 14.70 21.90 1.64 5.40 9.30
3987 1946 216 21060.52 13.10 21.70 1.33 4.40 0.00
3987 1946 217 24546.28 13.10 27.40 1.33 2.80 1.00
3987 1946 218 13957.15 15.20 25.90 1.84 4.30 3.50
3987 1946 219 17782.49 16.20 24.30 1.63 3.80 0.00
3987 1946 220 12650.92 14.40 25.60 1.51 2.80 2.00
3987 1946 221 17284.80 15.80 22.00 1.43 4.20 0.00
3987 1946 222 21735.06 12.60 29.50 1.61 4.20 1.50
3987 1946 223 15974.91 16.60 23.20 1.33 3.40 0.00
3987 1946 224 17423.70 13.40 26.00 1.64 3.60 0.40
3987 1946 225 10172.27 17.10 21.60 1.51 6.40 1.00
3987 1946 226 21693.05 13.50 23.10 1.11 5.30 0.00
3987 1946 227 11543.19 13.10 19.50 1.32 2.50 0.10
3987 1946 228 18410.31 9.80 21.20 1.16 3.00 0.70
3987 1946 229 8600.10 12.30 18.60 1.53 4.00 3.40
3987 1946 230 11049.63 11.70 23.60 1.51 2.90 0.00
3987 1946 231 11652.60 13.60 22.20 1.68 1.70 9.00
3987 1946 232 13232.31 14.50 21.40 1.53 2.40 0.00
3987 1946 233 12834.99 12.80 20.50 1.37 3.60 0.10
3987 1946 234 9567.89 13.10 19.60 1.45 3.20 1.30
3987 1946 235 15806.22 11.30 21.50 1.45 2.90 0.00
3987 1946 236 17954.09 12.20 23.30 1.47 2.10 0.30
3987 1946 237 7514.30 12.30 16.10 1.52 3.30 11.00
3987 1946 238 8291.30 13.00 18.00 1.49 6.80 0.00
3987 1946 239 9937.73 13.90 19.20 1.31 7.60 0.00
3987 1946 240 16653.27 11.70 22.20 1.15 3.00 0.00
3987 1946 241 11318.68 12.60 23.50 1.47 3.90 7.60
3987 1946 242 7476.17 12.90 17.80 1.53 2.40 7.50
3987 1946 243 7091.28 10.10 15.80 1.47 2.00 4.00
3987 1946 244 16631.08 9.70 21.50 1.20 3.00 6.80
3987 1946 245 12252.53 11.70 18.90 1.35 5.10 0.00
3987 1946 246 12146.89 9.80 20.20 1.16 3.10 0.00
3987 1946 247 13961.95 9.30 24.60 1.43 3.80 4.60
3987 1946 248 13134.15 11.40 20.60 1.56 3.90 0.50
3987 1946 249 14722.95 12.40 23.60 1.36 3.40 0.00
3987 1946 250 13507.93 14.60 22.00 1.36 5.60 0.00
3987 1946 251 12094.07 10.00 21.20 1.31 3.10 1.90
3987 1946 252 13982.54 12.90 21.20 1.40 5.60 1.10
3987 1946 253 13199.64 11.30 17.30 1.21 5.50 0.00
3987 1946 254 9712.44 10.10 19.70 1.19 4.70 0.10
3987 1946 255 10100.81 12.40 19.60 1.32 5.60 0.00
3987 1946 256 15647.76 8.90 21.10 1.21 2.80 1.30
3987 1946 257 11567.89 10.70 18.10 1.11 4.80 0.00
3987 1946 258 9143.02 10.70 19.80 1.16 5.80 0.00
3987 1946 259 15303.22 6.50 21.40 1.19 2.80 0.00
3987 1946 260 14621.68 11.10 24.10 1.39 3.80 8.90
3987 1946 261 11268.50 12.00 20.20 1.33 4.80 6.00
3987 1946 262 8659.32 11.10 15.50 1.20 10.60 3.60
3987 1946 263 5941.97 9.00 18.30 1.43 5.90 1.50
3987 1946 264 7908.41 11.60 18.20 1.09 8.40 1.90
3987 1946 265 13828.19 8.70 17.60 1.09 4.90 0.00
3987 1946 266 9765.91 11.60 21.60 1.24 4.40 4.40
3987 1946 267 7525.02 11.90 17.50 1.39 4.60 0.00
3987 1946 268 8400.98 9.80 19.50 1.32 2.80 0.00
3987 1946 269 14448.46 10.30 22.10 1.29 2.70 0.00
3987 1946 270 13400.59 9.80 23.30 1.51 3.90 0.00
3987 1946 271 13962.22 10.00 22.90 1.21 4.10 0.00
3987 1946 272 14421.70 7.70 23.10 1.19 2.40 0.00
3987 1946 273 9276.37 8.60 18.50 1.09 3.60 0.00
3987 1946 274 13579.65 4.30 19.10 0.84 4.20 0.00
3987 1946 275 9498.93 7.00 15.40 0.84 4.50 0.00
3987 1946 276 12394.77 1.00 14.10 0.64 4.80 0.00
3987 1946 277 4569.43 5.20 11.60 1.04 4.50 6.90
3987 1946 278 4496.39 8.50 11.80 1.15 5.10 10.50
3987 1946 279 6696.40 6.30 10.10 0.99 6.60 4.60
3987 1946 280 5082.10 4.80 11.00 0.97 4.50 1.40
3987 1946 281 5711.28 6.70 11.40 1.00 3.30 4.20
3987 1946 282 7280.86 5.40 13.60 0.89 4.40 0.10
3987 1946 283 12391.76 1.30 14.70 0.72 2.60 0.00
3987 1946 284 5944.72 1.80 9.20 0.83 2.90 0.00
3987 1946 285 4018.79 2.80 7.80 0.95 3.60 0.10
3987 1946 286 5148.93 5.30 11.50 0.96 3.60 0.00
3987 1946 287 6764.25 4.00 13.20 0.87 4.90 0.00
3987 1946 288 4615.18 6.80 11.40 0.97 6.00 0.70
3987 1946 289 8030.50 1.80 12.70 0.85 3.60 0.00
3987 1946 290 3747.02 7.70 9.80 1.07 3.40 0.70
3987 1946 291 3612.16 5.90 10.40 1.00 1.40 0.00
3987 1946 292 8758.02 4.00 13.60 0.84 4.60 0.00
3987 1946 293 6683.40 2.20 11.70 0.81 4.30 0.90
3987 1946 294 3416.71 6.00 10.90 1.11 2.20 10.20
3987 1946 295 3365.25 5.10 10.90 0.97 3.50 1.70
3987 1946 296 9012.92 -1.20 6.80 0.47 4.30 0.00
3987 1946 297 7018.13 -1.90 7.00 0.53 2.20 0.00
3987 1946 298 9507.84 -2.90 6.60 0.45 2.90 0.00
3987 1946 299 8576.83 -4.30 6.20 0.39 5.80 0.00
3987 1946 300 4179.50 -1.00 6.00 0.44 5.70 0.30
3987 1946 301 4094.26 3.00 9.80 0.75 7.20 0.30
3987 1946 302 2966.00 3.20 4.80 0.79 3.10 0.90
3987 1946 303 4521.49 3.50 8.20 0.75 3.40 1.80
3987 1946 304 2864.95 1.80 4.30 0.68 5.80 2.60
3987 1946 305 2804.10 1.60 5.60 0.80 4.80 1.90
3987 1946 306 2751.40 2.80 7.70 0.85 3.70 0.20
3987 1946 307 5401.11 1.30 11.80 0.84 4.30 4.60
3987 1946 308 3050.32 6.10 8.20 0.89 4.60 0.00
3987 1946 309 2598.58 4.40 6.80 0.80 3.00 0.00
3987 1946 310 2566.47 -1.10 4.90 0.59 3.30 0.00
3987 1946 311 2526.69 -2.50 -1.10 0.51 2.20 0.00
3987 1946 312 2474.14 -2.60 0.90 0.56 2.40 0.00
3987 1946 313 2429.20 -0.60 0.20 0.57 2.00 1.00
3987 1946 314 2433.87 -0.70 3.60 0.68 3.90 1.10
3987 1946 315 4441.57 -1.60 6.20 0.59 2.20 0.00
3987 1946 316 3138.76 -2.80 5.30 0.64 5.00 0.10
3987 1946 317 2347.32 4.50 7.30 0.72 7.80 0.00
3987 1946 318 3033.06 3.60 7.60 0.75 3.90 0.00
3987 1946 319 2276.77 0.80 4.00 0.64 4.90 0.00
3987 1946 320 2135.33 1.50 3.10 0.67 4.00 0.00
3987 1946 321 2100.75 0.50 2.40 0.64 3.40 0.00
3987 1946 322 2068.19 -0.10 1.70 0.59 3.90 1.00
3987 1946 323 2617.18 -0.30 6.80 0.68 3.90 0.90
3987 1946 324 1992.22 0.60 4.70 0.76 3.90 1.40
3987 1946 325 3660.99 3.50 13.00 0.96 5.50 0.10
3987 1946 326 3329.29 5.50 12.20 0.87 6.20 0.00
3987 1946 327 3114.65 2.00 8.80 0.72 6.20 0.00
3987 1946 328 4091.76 -0.30 7.80 0.60 5.90 0.00
3987 1946 329 2247.06 5.40 9.00 0.68 4.70 0.00
3987 1946 330 2216.32 2.00 7.90 0.83 4.30 0.00
3987 1946 331 5112.33 3.80 10.50 0.73 5.00 0.00
3987 1946 332 5115.04 1.20 9.30 0.67 4.80 0.00
3987 1946 333 2678.26 -1.30 3.20 0.61 4.40 0.00
3987 1946 334 2941.30 -0.20 8.90 0.72 4.30 0.30
3987 1946 335 2125.36 4.10 8.30 0.79 6.80 0.60
3987 1946 336 1669.16 2.20 8.00 0.77 6.20 4.80
3987 1946 337 2942.58 1.80 7.10 0.71 4.40 0.90
3987 1946 338 2067.57 0.10 3.80 0.68 2.80 0.00
3987 1946 339 1624.08 -1.80 2.50 0.68 0.90 0.20
3987 1946 340 1611.06 -0.80 1.80 0.61 0.80 0.10
3987 1946 341 1595.32 -1.20 0.90 0.61 2.30 0.20
3987 1946 342 2540.00 -1.80 0.10 0.57 2.70 0.10
3987 1946 343 1564.89 -1.40 2.80 0.63 4.50 0.10
3987 1946 344 1550.29 1.70 4.10 0.72 4.80 0.30
3987 1946 345 1544.22 -0.50 2.10 0.55 4.70 0.00
3987 1946 346 1534.31 -0.80 1.40 0.55 5.90 0.00
3987 1946 347 1530.87 -3.90 -0.70 0.32 7.50 0.00
3987 1946 348 4487.04 -10.90 -3.30 0.20 6.60 0.00
3987 1946 349 2424.71 -14.20 -7.10 0.21 3.90 0.00
3987 1946 350 1719.55 -8.20 -5.50 0.27 6.20 0.00
3987 1946 351 4473.46 -9.40 -5.20 0.24 7.00 0.00
3987 1946 352 4472.89 -12.00 -4.80 0.23 3.20 0.00
3987 1946 353 4317.15 -15.30 -7.60 0.21 4.70 0.00
3987 1946 354 3866.49 -15.50 -7.10 0.20 5.80 0.00
3987 1946 355 4384.51 -16.20 -5.40 0.21 4.40 0.00
3987 1946 356 3783.50 -14.50 -7.10 0.21 3.10 0.10
3987 1946 357 1508.09 -13.50 -6.10 0.28 3.30 0.00
3987 1946 358 4099.59 -12.00 -4.80 0.31 3.70 0.00
3987 1946 359 1499.67 -9.30 0.80 0.55 4.10 0.70
3987 1946 360 1500.42 -1.80 1.40 0.61 4.60 0.00
3987 1946 361 1505.68 0.20 2.10 0.61 2.70 0.00
3987 1946 362 1513.10 -1.00 0.90 0.60 2.10 0.00
3987 1946 363 1520.26 -1.20 1.40 0.61 2.60 3.20
3987 1946 364 1530.31 -0.80 0.40 0.57 2.70 0.00
3987 1946 365 1543.66 -2.90 -0.60 0.47 4.10 0.00
