*---------------------------------------------------------------------------*
* Station name: Potsdam Saekularstation
* Year: 1998
* Author: Pedro Alencar                                   -999.000: NIL VALUE
* Source: DWD
* Comments: Gaps filled with interpolation and storical means
* Longitude: 13.0622, latitude: 52.3812, altitude: 82.0 m.
*
    * Column  Daily value
    * 1       station number
    * 2       year
    * 3       day
    * 4       irradiation                   (kJ m-2 d-1)
    * 5       minimum temperature           (degrees Celsius
    * 6       maximum temperature           (degrees Celsius)
    * 7       early morning vapour pressure (kPa)
    * 8       mean wind speed (height: 2 m) (m s-1)
    * 9       precipitation                 (mm d-1)
    *
** WCCDESCRIPTION=Potsdam, Germany
** WCCFORMAT=2
** WCCYEARNR=1998
*---------------------------------------------------------------------------*
   13.0622 52.3812 82.0 -0.18 -0.55
3987 1998 1 1510.00 5.30 8.50 0.84 4.10 0.40
3987 1998 2 2910.00 4.10 8.70 0.81 5.80 1.30
3987 1998 3 3190.00 5.80 9.30 0.84 7.90 5.30
3987 1998 4 2430.00 2.70 7.20 0.67 7.60 0.40
3987 1998 5 2770.00 4.10 7.90 0.67 8.30 2.80
3987 1998 6 580.00 1.10 5.70 0.74 7.20 5.00
3987 1998 7 800.00 2.00 8.70 0.86 6.00 4.90
3987 1998 8 2070.00 3.90 9.00 0.85 7.20 7.90
3987 1998 9 560.00 6.70 9.50 1.11 7.40 2.50
3987 1998 10 3560.00 6.60 13.70 1.03 4.40 0.00
3987 1998 11 4360.00 2.00 10.30 0.73 4.70 0.00
3987 1998 12 4200.00 1.20 9.50 0.69 4.60 0.00
3987 1998 13 2900.00 0.00 7.50 0.62 3.60 0.00
3987 1998 14 3670.00 0.20 10.30 0.71 4.80 0.00
3987 1998 15 3150.00 2.20 7.30 0.68 5.70 0.10
3987 1998 16 2720.00 4.00 9.00 0.80 4.20 0.50
3987 1998 17 3430.00 3.00 6.50 0.69 6.80 0.00
3987 1998 18 2790.00 2.40 5.70 0.57 5.80 0.00
3987 1998 19 1290.00 2.60 5.30 0.72 4.70 7.10
3987 1998 20 680.00 0.40 4.10 0.68 4.70 2.70
3987 1998 21 1190.00 -0.60 1.90 0.51 4.00 0.00
3987 1998 22 840.00 -0.90 3.40 0.64 4.00 0.00
3987 1998 23 1080.00 -1.10 2.30 0.47 2.90 1.50
3987 1998 24 1320.00 -2.30 0.50 0.52 3.20 0.30
3987 1998 25 5280.00 -6.40 0.40 0.40 3.20 0.00
3987 1998 26 5680.00 -8.10 0.00 0.39 0.90 0.00
3987 1998 27 3070.00 -7.80 -4.60 0.34 2.00 0.20
3987 1998 28 660.00 -7.10 1.00 0.57 4.40 0.70
3987 1998 29 2190.00 -4.20 -1.20 0.48 1.30 0.00
3987 1998 30 910.00 -5.60 2.40 0.61 6.40 3.10
3987 1998 31 6470.00 -8.70 0.80 0.24 4.50 0.00
3987 1998 32 6560.00 -11.80 -3.10 0.23 2.50 0.00
3987 1998 33 6440.00 -12.60 -2.00 0.29 4.30 3.20
3987 1998 34 2770.00 -4.00 0.70 0.45 7.90 0.00
3987 1998 35 6680.00 -4.80 4.50 0.40 5.20 0.00
3987 1998 36 4290.00 -2.50 5.00 0.62 5.40 0.00
3987 1998 37 1820.00 2.60 5.30 0.67 4.50 0.00
3987 1998 38 5560.00 0.00 5.60 0.57 5.10 0.50
3987 1998 39 2300.00 0.90 4.90 0.65 6.40 0.30
3987 1998 40 5140.00 1.40 9.90 0.62 5.40 0.00
3987 1998 41 7400.00 -0.50 10.70 0.63 5.70 0.00
3987 1998 42 5460.00 3.90 10.40 0.76 5.40 0.00
3987 1998 43 2480.00 8.20 13.30 1.03 9.00 0.00
3987 1998 44 1210.00 9.70 12.00 1.16 8.00 0.60
3987 1998 45 3900.00 9.20 14.20 1.12 6.60 0.00
3987 1998 46 2520.00 9.00 13.40 1.04 7.70 0.10
3987 1998 47 2100.00 8.30 13.70 0.87 8.60 1.20
3987 1998 48 9730.00 1.70 9.20 0.53 5.20 0.00
3987 1998 49 1980.00 2.10 7.80 0.84 5.70 0.00
3987 1998 50 7870.00 1.20 12.00 0.71 6.20 0.00
3987 1998 51 3160.00 3.30 10.30 0.75 3.90 0.00
3987 1998 52 8550.00 2.30 16.60 0.83 4.80 0.00
3987 1998 53 7510.00 6.40 14.30 0.82 3.70 0.00
3987 1998 54 7570.00 2.40 9.80 0.68 5.10 0.40
3987 1998 55 1490.00 4.70 10.20 1.04 6.80 1.80
3987 1998 56 2110.00 7.30 9.40 1.06 3.60 0.60
3987 1998 57 2980.00 7.20 10.10 0.91 5.30 0.00
3987 1998 58 3320.00 8.00 10.10 0.78 8.10 0.00
3987 1998 59 3430.00 0.70 9.00 0.68 8.80 4.70
3987 1998 60 5270.00 -1.20 5.70 0.53 7.40 0.40
3987 1998 61 3080.00 -2.40 7.00 0.72 6.50 4.60
3987 1998 62 2750.00 5.70 9.90 0.96 7.40 8.50
3987 1998 63 5080.00 9.30 17.70 1.05 8.90 3.80
3987 1998 64 4710.00 1.80 9.30 0.65 8.80 2.70
3987 1998 65 6760.00 0.10 6.00 0.62 5.10 6.80
3987 1998 66 2750.00 1.50 10.30 0.95 6.90 6.40
3987 1998 67 3280.00 0.00 9.10 0.71 5.90 3.50
3987 1998 68 12090.00 -3.50 4.80 0.45 4.80 0.00
3987 1998 69 12330.00 -2.60 5.20 0.40 3.50 0.00
3987 1998 70 12510.00 -4.30 5.20 0.36 4.90 0.00
3987 1998 71 5180.00 -4.00 1.90 0.45 3.50 0.00
3987 1998 72 8880.00 -3.30 6.60 0.55 6.50 2.20
3987 1998 73 9850.00 2.30 7.60 0.57 7.30 0.00
3987 1998 74 3150.00 0.70 4.30 0.67 1.80 0.80
3987 1998 75 2470.00 1.50 8.30 0.93 3.70 9.10
3987 1998 76 1690.00 7.30 9.00 1.01 5.30 0.70
3987 1998 77 3750.00 5.30 11.50 0.83 6.20 0.50
3987 1998 78 12460.00 1.40 7.40 0.56 7.20 0.20
3987 1998 79 13260.00 -0.10 7.20 0.47 6.50 0.00
3987 1998 80 13690.00 -3.70 8.30 0.42 4.20 0.00
3987 1998 81 6670.00 -1.80 4.90 0.48 1.30 0.20
3987 1998 82 13540.00 -2.20 6.40 0.42 6.10 0.00
3987 1998 83 16670.00 -3.50 8.40 0.39 3.10 0.00
3987 1998 84 17080.00 -5.10 8.20 0.41 2.00 0.00
3987 1998 85 17030.00 -3.60 11.00 0.42 4.40 0.00
3987 1998 86 3940.00 3.60 9.20 0.81 4.20 0.20
3987 1998 87 5570.00 8.20 13.50 1.07 2.00 0.10
3987 1998 88 17810.00 5.40 18.70 0.85 4.20 0.00
3987 1998 89 12440.00 3.80 17.00 0.75 5.00 0.00
3987 1998 90 11620.00 6.20 19.80 1.14 4.10 0.00
3987 1998 91 13080.00 6.90 18.00 1.12 3.30 6.10
3987 1998 92 2350.00 6.10 9.00 0.99 3.90 6.10
3987 1998 93 5610.00 5.90 14.00 1.15 4.50 2.70
3987 1998 94 7120.00 7.90 13.10 1.03 5.10 0.60
3987 1998 95 14190.00 6.40 16.80 0.92 5.10 2.30
3987 1998 96 12300.00 3.90 14.80 0.90 3.70 0.00
3987 1998 97 7530.00 4.70 12.90 0.96 3.50 4.10
3987 1998 98 2980.00 4.80 8.30 0.84 5.30 3.00
3987 1998 99 5370.00 3.10 7.10 0.75 4.00 0.00
3987 1998 100 17550.00 4.00 17.30 0.89 5.80 0.00
3987 1998 101 5960.00 5.80 11.50 0.88 6.00 3.20
3987 1998 102 6930.00 2.50 10.30 0.75 3.80 0.00
3987 1998 103 16760.00 2.30 11.10 0.56 5.10 0.00
3987 1998 104 15730.00 -0.30 11.20 0.54 4.20 0.00
3987 1998 105 11850.00 -0.50 13.70 0.63 4.90 2.20
3987 1998 106 9960.00 4.70 12.70 0.76 5.00 0.00
3987 1998 107 11270.00 0.70 12.40 0.77 3.80 2.20
3987 1998 108 5790.00 5.30 8.40 0.84 3.60 0.50
3987 1998 109 12590.00 4.80 12.70 0.78 3.60 0.00
3987 1998 110 19590.00 2.20 16.90 0.79 3.10 0.00
3987 1998 111 5040.00 7.70 11.10 0.97 2.00 2.10
3987 1998 112 19790.00 5.50 17.20 0.98 2.50 0.00
3987 1998 113 22550.00 6.10 20.80 1.07 4.80 0.00
3987 1998 114 12180.00 7.60 17.80 1.15 4.10 0.80
3987 1998 115 19070.00 7.20 20.20 1.16 4.00 0.90
3987 1998 116 11800.00 12.20 21.10 1.39 3.70 0.00
3987 1998 117 16000.00 12.20 23.80 1.31 2.90 0.00
3987 1998 118 6660.00 12.10 16.60 1.38 3.00 0.10
3987 1998 119 15070.00 11.40 23.10 1.30 3.80 3.70
3987 1998 120 18180.00 11.00 23.60 1.22 4.20 0.00
3987 1998 121 19170.00 10.90 24.10 1.19 3.80 0.00
3987 1998 122 20750.00 10.10 23.80 1.21 3.30 7.40
3987 1998 123 7950.00 9.90 14.70 1.29 3.90 0.00
3987 1998 124 9280.00 5.00 12.50 0.88 6.30 1.10
3987 1998 125 8870.00 4.50 14.50 1.00 5.40 3.70
3987 1998 126 8470.00 7.60 14.40 1.11 5.50 0.30
3987 1998 127 10260.00 10.40 17.30 1.24 4.90 0.00
3987 1998 128 22000.00 12.70 22.60 1.21 3.70 0.00
3987 1998 129 23750.00 10.70 28.10 1.13 3.40 0.00
3987 1998 130 21680.00 14.70 29.60 1.29 2.20 0.00
3987 1998 131 23700.00 14.80 29.20 1.32 3.30 0.00
3987 1998 132 23610.00 14.30 30.60 1.39 3.40 0.00
3987 1998 133 21960.00 10.90 21.30 0.84 5.90 0.10
3987 1998 134 27380.00 7.00 20.90 0.83 3.80 0.00
3987 1998 135 17380.00 5.60 20.00 0.90 3.60 0.00
3987 1998 136 27730.00 5.20 20.60 0.92 3.80 0.00
3987 1998 137 17390.00 7.60 21.80 1.15 3.50 0.00
3987 1998 138 23130.00 7.80 24.20 1.22 2.30 0.00
3987 1998 139 26440.00 9.10 24.20 1.12 3.20 0.00
3987 1998 140 23220.00 9.90 19.20 1.03 4.10 0.60
3987 1998 141 18960.00 7.00 15.30 0.84 4.80 1.00
3987 1998 142 15920.00 4.70 15.50 0.86 5.90 0.00
3987 1998 143 17970.00 5.50 15.40 0.77 4.50 0.00
3987 1998 144 8930.00 8.70 14.00 1.07 4.70 0.70
3987 1998 145 11200.00 10.00 16.40 1.20 4.40 0.00
3987 1998 146 14320.00 8.70 19.50 1.30 2.80 2.40
3987 1998 147 15590.00 11.10 22.60 1.49 2.90 3.40
3987 1998 148 24870.00 11.90 28.70 1.45 4.30 0.00
3987 1998 149 24530.00 15.70 30.90 1.49 3.90 0.00
3987 1998 150 15160.00 15.30 26.00 1.79 3.10 4.50
3987 1998 151 19660.00 13.70 24.80 1.79 1.80 0.00
3987 1998 152 10280.00 13.20 20.20 1.61 3.90 1.40
3987 1998 153 20510.00 11.90 23.90 1.37 3.00 6.20
3987 1998 154 15410.00 14.30 23.40 1.57 3.30 0.90
3987 1998 155 24550.00 12.60 25.00 1.39 4.00 0.00
3987 1998 156 25720.00 11.80 26.50 1.54 4.30 0.00
3987 1998 157 21850.00 17.80 34.20 1.91 4.00 1.30
3987 1998 158 20470.00 17.20 30.10 2.13 4.20 2.80
3987 1998 159 15020.00 15.40 22.50 1.35 4.60 0.00
3987 1998 160 25150.00 12.80 26.40 1.41 4.90 0.00
3987 1998 161 8180.00 14.60 24.60 1.78 4.60 2.50
3987 1998 162 14010.00 11.70 21.40 1.39 1.80 2.60
3987 1998 163 9360.00 11.20 17.10 1.47 3.60 3.40
3987 1998 164 18050.00 8.80 17.10 0.95 4.60 0.00
3987 1998 165 18390.00 8.30 19.40 1.10 3.00 0.00
3987 1998 166 24140.00 9.80 23.20 1.15 2.80 0.20
3987 1998 167 10800.00 12.40 17.30 1.47 4.90 7.50
3987 1998 168 26370.00 11.70 19.70 1.13 7.60 0.00
3987 1998 169 21020.00 8.60 19.00 1.19 4.20 0.10
3987 1998 170 16470.00 10.20 22.40 1.58 4.00 0.00
3987 1998 171 17600.00 15.60 23.20 1.65 3.80 0.00
3987 1998 172 25850.00 13.50 29.70 1.59 2.30 3.10
3987 1998 173 18440.00 15.80 24.60 1.79 6.20 0.20
3987 1998 174 13460.00 11.90 19.50 1.40 5.00 8.50
3987 1998 175 6730.00 13.00 16.70 1.68 2.40 2.50
3987 1998 176 22840.00 13.30 24.70 1.64 2.10 4.50
3987 1998 177 24440.00 16.10 23.90 1.51 3.40 0.00
3987 1998 178 17060.00 15.10 25.20 2.00 3.60 1.10
3987 1998 179 22320.00 15.30 22.60 1.41 5.90 0.00
3987 1998 180 19440.00 11.90 23.10 1.34 4.10 3.20
3987 1998 181 8700.00 12.80 19.00 1.55 2.70 7.70
3987 1998 182 18150.00 12.60 20.40 1.46 5.00 0.20
3987 1998 183 25910.00 11.10 22.20 1.43 4.30 0.00
3987 1998 184 16270.00 11.30 19.00 1.33 5.30 1.80
3987 1998 185 4270.00 11.80 15.00 1.49 7.70 4.50
3987 1998 186 6060.00 12.60 17.20 1.55 7.00 9.30
3987 1998 187 17180.00 13.00 19.70 1.29 7.50 0.00
3987 1998 188 13690.00 9.20 16.10 1.17 5.30 2.20
3987 1998 189 16080.00 8.80 17.50 1.26 4.40 5.40
3987 1998 190 10120.00 10.90 17.40 1.45 5.50 5.60
3987 1998 191 19560.00 12.40 19.80 1.24 4.90 1.10
3987 1998 192 13760.00 10.40 21.30 1.49 5.30 3.00
3987 1998 193 11610.00 9.70 18.30 1.57 4.70 2.50
3987 1998 194 7460.00 14.20 21.10 1.75 5.00 12.30
3987 1998 195 22760.00 11.50 19.70 1.26 7.50 0.60
3987 1998 196 15820.00 11.70 20.80 1.29 5.00 0.00
3987 1998 197 13070.00 11.60 19.40 1.38 3.30 0.50
3987 1998 198 20030.00 9.30 22.00 1.41 3.50 0.50
3987 1998 199 20210.00 14.40 24.00 1.45 4.40 0.20
3987 1998 200 23430.00 11.80 23.80 1.28 5.20 0.00
3987 1998 201 26460.00 13.80 32.40 1.59 3.60 0.00
3987 1998 202 23300.00 20.30 35.90 2.11 3.80 0.20
3987 1998 203 26560.00 18.50 28.70 1.56 3.50 0.00
3987 1998 204 22090.00 17.90 30.80 1.86 3.60 3.40
3987 1998 205 21270.00 15.50 24.60 1.61 4.70 0.00
3987 1998 206 16680.00 12.50 22.60 1.31 2.40 0.00
3987 1998 207 21470.00 11.40 23.90 1.24 2.90 0.60
3987 1998 208 10490.00 14.70 23.90 1.84 3.70 2.90
3987 1998 209 20850.00 15.10 24.00 1.62 4.50 1.90
3987 1998 210 11520.00 14.30 21.30 1.65 4.00 0.20
3987 1998 211 15820.00 15.10 24.70 1.45 4.80 0.00
3987 1998 212 19200.00 11.70 23.60 1.32 6.20 0.00
3987 1998 213 18910.00 11.60 25.60 1.43 2.50 1.90
3987 1998 214 8560.00 15.20 20.60 1.69 3.70 0.00
3987 1998 215 15950.00 13.60 23.50 1.46 2.60 0.00
3987 1998 216 9430.00 14.70 20.50 1.67 4.90 0.90
3987 1998 217 13970.00 11.10 21.00 1.40 6.30 0.00
3987 1998 218 20840.00 12.50 23.90 1.30 5.00 0.00
3987 1998 219 10960.00 15.90 23.20 1.67 4.10 0.00
3987 1998 220 20160.00 15.30 31.70 1.72 3.60 0.00
3987 1998 221 24980.00 15.80 25.10 1.24 4.40 0.00
3987 1998 222 25470.00 11.00 27.30 1.11 3.50 0.00
3987 1998 223 21160.00 14.30 32.20 1.34 5.30 0.00
3987 1998 224 18120.00 14.80 30.50 1.60 5.70 0.80
3987 1998 225 16650.00 14.50 23.70 1.26 5.50 0.00
3987 1998 226 13830.00 13.70 22.40 1.24 4.30 0.00
3987 1998 227 17770.00 15.30 29.70 1.59 3.00 0.10
3987 1998 228 19190.00 15.80 24.90 1.42 3.60 0.00
3987 1998 229 22010.00 12.80 28.30 1.19 2.10 0.00
3987 1998 230 18830.00 15.40 25.80 1.53 3.80 0.00
3987 1998 231 22990.00 11.50 22.80 1.08 3.80 0.00
3987 1998 232 21950.00 11.20 28.30 1.10 3.30 0.00
3987 1998 233 4280.00 14.00 20.00 1.41 6.20 5.90
3987 1998 234 14870.00 12.00 20.50 1.25 7.70 0.00
3987 1998 235 9500.00 10.70 19.20 1.11 6.70 10.40
3987 1998 236 7130.00 11.80 17.60 1.30 8.10 0.50
3987 1998 237 9500.00 11.10 18.10 1.20 6.80 0.80
3987 1998 238 10600.00 10.20 17.40 1.17 3.80 7.60
3987 1998 239 15610.00 8.70 16.60 1.13 5.70 1.10
3987 1998 240 7540.00 8.70 14.80 1.30 6.00 12.70
3987 1998 241 11360.00 11.00 19.50 1.36 4.80 1.70
3987 1998 242 12750.00 10.40 18.40 1.33 3.70 1.10
3987 1998 243 11210.00 9.90 19.70 1.30 2.80 0.00
3987 1998 244 16020.00 7.80 20.40 1.31 1.50 0.00
3987 1998 245 13620.00 10.90 20.30 1.24 5.20 0.00
3987 1998 246 17700.00 9.90 22.50 1.27 6.80 1.90
3987 1998 247 4300.00 12.90 17.60 1.60 4.70 1.80
3987 1998 248 8540.00 12.20 19.70 1.58 4.40 5.90
3987 1998 249 2050.00 14.00 15.60 1.68 2.00 3.60
3987 1998 250 10440.00 14.50 20.80 1.69 2.60 0.00
3987 1998 251 11240.00 12.60 21.60 1.64 4.20 0.70
3987 1998 252 14410.00 14.60 24.20 1.64 5.80 3.30
3987 1998 253 12340.00 15.70 23.00 1.83 5.80 0.00
3987 1998 254 8690.00 15.20 21.00 1.55 4.60 0.20
3987 1998 255 2380.00 12.70 15.40 1.53 3.00 9.50
3987 1998 256 7810.00 9.10 13.60 1.08 4.80 0.00
3987 1998 257 9180.00 5.70 12.70 0.97 4.60 0.40
3987 1998 258 6530.00 6.20 13.40 1.13 4.90 7.10
3987 1998 259 6930.00 10.20 15.30 1.23 5.80 3.30
3987 1998 260 5810.00 8.80 13.40 1.18 3.50 0.00
3987 1998 261 7020.00 8.60 15.10 1.24 3.30 0.00
3987 1998 262 10720.00 9.80 17.80 1.18 2.20 0.00
3987 1998 263 15640.00 11.10 20.30 1.18 2.30 0.00
3987 1998 264 8760.00 7.50 18.30 1.24 2.20 0.00
3987 1998 265 4950.00 9.00 13.80 1.25 2.40 0.00
3987 1998 266 4150.00 7.70 13.70 1.21 1.60 0.00
3987 1998 267 9786.16 10.90 19.20 1.20 3.90 0.00
3987 1998 268 10620.00 7.30 20.00 1.27 3.50 0.00
3987 1998 269 12220.00 8.10 21.00 1.32 2.20 0.00
3987 1998 270 6200.00 12.10 18.50 1.53 2.60 0.30
3987 1998 271 10320.00 12.10 22.60 1.57 1.90 32.30
3987 1998 272 2520.00 11.40 15.80 1.52 1.80 0.00
3987 1998 273 8570.00 10.80 15.70 1.11 5.60 0.00
3987 1998 274 1850.00 6.70 11.00 0.80 7.60 0.00
3987 1998 275 2630.00 2.40 6.70 0.66 7.50 10.70
3987 1998 276 1850.00 1.70 4.70 0.72 3.70 5.80
3987 1998 277 2270.00 1.80 7.10 0.85 4.20 0.00
3987 1998 278 2730.00 5.50 8.10 0.81 4.90 0.00
3987 1998 279 5590.00 2.10 8.80 0.76 7.00 0.00
3987 1998 280 1050.00 6.40 9.70 0.97 6.80 4.40
3987 1998 281 7070.00 7.30 13.80 1.08 3.80 0.00
3987 1998 282 3710.00 5.90 11.70 1.07 2.70 0.00
3987 1998 283 1790.00 8.60 11.20 1.14 6.60 4.80
3987 1998 284 2990.00 9.20 11.10 1.10 7.10 2.60
3987 1998 285 7140.00 6.70 11.90 0.97 6.20 3.00
3987 1998 286 7780.00 5.90 13.20 0.98 5.80 0.40
3987 1998 287 2900.00 6.20 14.40 1.34 5.90 7.50
3987 1998 288 8880.00 7.20 14.20 0.98 6.20 0.00
3987 1998 289 8770.00 5.90 13.20 0.93 4.30 0.00
3987 1998 290 8240.00 8.00 19.20 1.40 6.70 3.80
3987 1998 291 7510.00 3.50 13.50 0.82 6.10 1.30
3987 1998 292 9920.00 0.90 12.00 0.69 3.80 0.00
3987 1998 293 4250.00 3.20 9.30 0.76 6.00 0.40
3987 1998 294 5020.00 0.80 12.00 0.87 5.50 1.30
3987 1998 295 3880.00 9.10 16.20 1.25 5.60 0.00
3987 1998 296 6050.00 10.90 18.00 1.27 6.40 3.50
3987 1998 297 3110.00 9.10 13.20 1.24 4.60 16.60
3987 1998 298 1800.00 7.70 12.70 1.04 8.30 4.30
3987 1998 299 5920.00 5.40 11.20 0.82 6.50 1.00
3987 1998 300 4290.00 3.20 9.90 0.90 7.40 20.60
3987 1998 301 1590.00 7.70 12.40 1.06 9.10 12.70
3987 1998 302 3050.00 6.20 10.50 0.88 8.80 2.30
3987 1998 303 3040.00 4.40 7.70 0.78 8.10 2.10
3987 1998 304 3680.00 4.20 8.30 0.78 7.50 3.50
3987 1998 305 610.00 3.10 5.30 0.77 5.80 16.40
3987 1998 306 2490.00 2.50 7.00 0.77 5.60 2.80
3987 1998 307 2950.00 2.50 9.80 0.84 5.00 0.10
3987 1998 308 5920.00 4.10 11.60 0.74 6.50 0.00
3987 1998 309 3420.00 0.70 6.60 0.65 6.80 1.30
3987 1998 310 3380.00 3.20 10.00 0.77 8.90 1.80
3987 1998 311 4220.00 0.90 7.20 0.72 3.90 0.00
3987 1998 312 4120.00 0.40 6.90 0.71 3.30 0.00
3987 1998 313 1530.00 1.40 5.40 0.78 5.00 8.30
3987 1998 314 2080.00 5.30 10.30 1.12 2.90 2.90
3987 1998 315 5350.00 3.40 8.40 0.81 6.50 0.10
3987 1998 316 3990.00 0.50 7.20 0.69 4.30 0.10
3987 1998 317 4130.00 -1.90 4.00 0.62 2.70 0.00
3987 1998 318 2510.00 1.80 6.40 0.75 3.70 0.60
3987 1998 319 790.00 1.00 3.50 0.63 3.20 0.00
3987 1998 320 1540.00 0.70 3.40 0.63 3.00 0.10
3987 1998 321 1180.00 -0.80 1.30 0.59 5.30 0.90
3987 1998 322 3060.00 -2.60 0.70 0.49 4.50 0.00
3987 1998 323 2740.00 -4.40 -0.50 0.48 3.70 0.40
3987 1998 324 4480.00 -2.80 2.10 0.49 2.90 0.00
3987 1998 325 3710.00 -7.90 -1.80 0.36 2.10 0.00
3987 1998 326 2990.00 -10.00 -5.00 0.30 5.00 0.00
3987 1998 327 1870.00 -8.60 -4.60 0.33 5.00 0.00
3987 1998 328 3240.00 -8.00 -1.50 0.38 1.50 0.00
3987 1998 329 670.00 -3.20 -2.00 0.49 2.30 0.00
3987 1998 330 890.00 -3.00 -0.50 0.53 1.50 0.00
3987 1998 331 1780.00 -2.40 2.00 0.59 2.90 0.20
3987 1998 332 1030.00 0.30 2.30 0.65 2.90 0.10
3987 1998 333 950.00 -0.90 1.20 0.54 4.70 0.00
3987 1998 334 780.00 -1.10 0.10 0.51 4.70 0.00
3987 1998 335 1170.00 -5.10 -1.10 0.35 4.80 0.00
3987 1998 336 830.00 -6.30 -4.30 0.34 4.60 0.00
3987 1998 337 710.00 -7.50 -4.60 0.37 2.30 0.00
3987 1998 338 530.00 -4.60 -1.90 0.48 3.10 2.50
3987 1998 339 620.00 -2.40 0.20 0.54 6.50 0.60
3987 1998 340 680.00 -2.40 -0.80 0.47 8.00 2.50
3987 1998 341 1710.00 -3.10 -1.90 0.43 7.60 0.50
3987 1998 342 2800.00 -5.90 -1.70 0.39 4.90 0.00
3987 1998 343 3787.05 -10.40 -3.40 0.32 3.60 0.00
3987 1998 344 3840.00 -11.40 -4.00 0.32 4.40 0.00
3987 1998 345 2610.00 -12.60 -5.80 0.24 5.10 0.00
3987 1998 346 1150.00 -14.20 2.30 0.52 4.20 5.60
3987 1998 347 590.00 1.90 7.50 0.84 11.10 4.20
3987 1998 348 670.00 4.70 7.10 0.89 6.00 3.70
3987 1998 349 800.00 7.10 10.50 1.13 5.40 5.00
3987 1998 350 1670.00 4.70 8.80 0.83 6.90 0.00
3987 1998 351 3350.00 1.40 8.80 0.64 5.40 0.00
3987 1998 352 3280.00 2.30 7.80 0.65 5.10 1.60
3987 1998 353 1990.00 3.20 8.00 0.79 7.20 3.30
3987 1998 354 2100.00 -0.90 4.60 0.60 6.30 0.30
3987 1998 355 2430.00 -2.60 1.20 0.54 5.40 0.00
3987 1998 356 1080.00 -2.40 0.80 0.55 2.30 2.30
3987 1998 357 1800.00 -2.90 1.20 0.57 3.50 0.00
3987 1998 358 1150.00 -2.10 1.40 0.53 5.40 0.00
3987 1998 359 910.00 -1.30 3.80 0.63 6.70 0.00
3987 1998 360 3150.00 3.30 8.00 0.71 8.10 3.60
3987 1998 361 1730.00 5.20 10.30 0.96 7.60 0.30
3987 1998 362 2780.00 7.50 12.30 0.87 6.00 0.00
3987 1998 363 2340.00 0.30 9.10 0.65 4.10 0.00
3987 1998 364 3110.00 -0.10 3.20 0.62 6.30 0.00
3987 1998 365 3440.00 -2.30 2.70 0.52 4.40 0.00
