*---------------------------------------------------------------------------*
* Station name: Potsdam Saekularstation
* Year: 1986
* Author: Pedro Alencar                                   -999.000: NIL VALUE
* Source: DWD
* Comments: Gaps filled with interpolation and storical means
* Longitude: 13.0622, latitude: 52.3812, altitude: 82.0 m.
*
    * Column  Daily value
    * 1       station number
    * 2       year
    * 3       day
    * 4       irradiation                   (kJ m-2 d-1)
    * 5       minimum temperature           (degrees Celsius
    * 6       maximum temperature           (degrees Celsius)
    * 7       early morning vapour pressure (kPa)
    * 8       mean wind speed (height: 2 m) (m s-1)
    * 9       precipitation                 (mm d-1)
    *
** WCCDESCRIPTION=Potsdam, Germany
** WCCFORMAT=2
** WCCYEARNR=1986
*---------------------------------------------------------------------------*
   13.0622 52.3812 82.0 -0.18 -0.55
3987 1986 1 3320.00 -14.30 -9.40 0.23 3.70 0.00
3987 1986 2 1740.00 -10.60 0.40 0.41 4.20 0.00
3987 1986 3 1640.00 0.40 4.60 0.66 5.10 3.70
3987 1986 4 1590.00 -3.00 3.10 0.49 4.60 1.50
3987 1986 5 2030.00 -5.50 0.00 0.46 4.40 2.40
3987 1986 6 2030.00 -2.00 3.10 0.58 4.90 1.20
3987 1986 7 700.00 -1.50 1.20 0.52 4.50 1.90
3987 1986 8 2550.00 -6.80 -0.30 0.45 2.20 0.10
3987 1986 9 4570.00 -11.80 -5.90 0.28 1.90 0.00
3987 1986 10 1980.00 -13.50 -7.40 0.27 3.90 5.70
3987 1986 11 1270.00 -8.00 3.60 0.65 5.50 0.00
3987 1986 12 1550.00 0.90 3.50 0.63 6.80 1.70
3987 1986 13 700.00 1.40 3.50 0.68 6.60 7.30
3987 1986 14 2020.00 2.40 5.50 0.71 8.20 3.60
3987 1986 15 570.00 0.00 3.30 0.61 5.60 5.00
3987 1986 16 1200.00 -2.00 1.50 0.53 3.30 0.50
3987 1986 17 2220.00 -5.00 -1.00 0.43 4.60 0.30
3987 1986 18 820.00 -7.50 2.20 0.50 6.90 6.30
3987 1986 19 1010.00 1.80 7.80 0.80 7.80 5.70
3987 1986 20 1300.00 2.00 9.00 0.71 10.80 6.10
3987 1986 21 2520.00 2.90 6.30 0.62 7.60 0.40
3987 1986 22 1800.00 0.30 5.80 0.66 6.50 2.60
3987 1986 23 1230.00 1.10 7.60 0.71 6.70 2.70
3987 1986 24 2810.00 -0.60 4.70 0.59 6.60 0.00
3987 1986 25 1570.00 0.10 2.50 0.55 6.50 0.60
3987 1986 26 1880.00 -1.80 0.70 0.49 5.00 2.00
3987 1986 27 2540.00 -3.70 -0.40 0.42 5.00 0.40
3987 1986 28 3320.00 -7.00 -0.50 0.38 5.00 0.10
3987 1986 29 4920.00 -6.50 1.90 0.42 5.80 0.00
3987 1986 30 3440.00 -1.40 2.60 0.50 7.80 0.00
3987 1986 31 1290.00 -1.00 0.90 0.50 9.10 0.00
3987 1986 32 3330.00 -0.10 3.70 0.55 9.40 0.90
3987 1986 33 630.00 -3.60 1.60 0.43 8.50 0.80
3987 1986 34 3670.00 -6.10 -2.40 0.30 8.40 0.00
3987 1986 35 6000.00 -9.50 -2.70 0.27 5.60 0.00
3987 1986 36 5070.00 -10.70 -3.60 0.26 6.30 0.00
3987 1986 37 4280.00 -12.00 -3.60 0.30 2.90 0.00
3987 1986 38 5790.00 -12.60 -3.40 0.25 2.80 0.80
3987 1986 39 3420.00 -18.40 -6.40 0.17 3.30 0.60
3987 1986 40 2780.00 -19.90 -7.80 0.20 2.90 2.90
3987 1986 41 1660.00 -7.80 -2.00 0.41 4.30 0.00
3987 1986 42 6590.00 -5.60 -0.50 0.37 3.20 0.00
3987 1986 43 6720.00 -12.40 -1.50 0.28 2.20 0.00
3987 1986 44 6850.00 -12.90 -1.20 0.24 2.90 0.00
3987 1986 45 6180.00 -9.50 -1.60 0.27 5.80 0.00
3987 1986 46 4360.00 -8.70 -3.40 0.31 6.80 0.00
3987 1986 47 2820.00 -7.80 -2.40 0.36 5.90 0.00
3987 1986 48 6610.00 -11.90 -2.60 0.29 2.80 0.00
3987 1986 49 3550.00 -7.60 -3.50 0.32 2.40 2.40
3987 1986 50 1980.00 -8.80 -4.00 0.32 4.90 15.10
3987 1986 51 5600.00 -12.80 -4.80 0.28 2.80 0.40
3987 1986 52 8100.00 -7.70 -3.30 0.29 3.30 0.10
3987 1986 53 8030.00 -16.80 -5.00 0.22 1.50 0.00
3987 1986 54 9800.00 -17.90 -5.60 0.20 2.70 0.00
3987 1986 55 8830.00 -17.30 -4.80 0.23 3.20 0.00
3987 1986 56 7120.00 -13.40 -3.90 0.26 2.80 0.00
3987 1986 57 9760.00 -17.40 -4.10 0.23 1.30 0.00
3987 1986 58 11480.00 -14.50 -2.00 0.25 1.90 0.00
3987 1986 59 5370.00 -9.50 -1.70 0.33 3.90 0.00
3987 1986 60 8840.00 -11.40 -0.30 0.26 6.30 0.00
3987 1986 61 9690.00 -8.10 0.00 0.29 3.80 0.00
3987 1986 62 11290.00 -14.00 1.00 0.27 3.40 0.00
3987 1986 63 8720.00 -12.10 2.60 0.35 3.80 1.50
3987 1986 64 3080.00 0.10 5.10 0.67 6.00 0.30
3987 1986 65 2570.00 3.40 6.20 0.81 2.80 9.40
3987 1986 66 5620.00 2.20 6.50 0.70 3.40 0.50
3987 1986 67 4850.00 0.30 5.20 0.62 2.00 0.00
3987 1986 68 1220.00 -0.40 3.00 0.62 4.00 0.00
3987 1986 69 3480.00 1.20 5.60 0.65 2.30 0.10
3987 1986 70 1800.00 0.70 3.50 0.59 2.90 0.10
3987 1986 71 1340.00 0.00 2.10 0.55 1.80 0.00
3987 1986 72 1710.00 1.20 6.00 0.68 4.20 0.00
3987 1986 73 4850.00 1.10 9.00 0.68 2.80 0.00
3987 1986 74 6360.00 2.10 8.60 0.65 3.50 0.00
3987 1986 75 6190.00 1.00 7.10 0.57 6.10 0.00
3987 1986 76 14020.00 -0.90 11.40 0.50 5.30 0.00
3987 1986 77 14470.00 -3.10 14.00 0.46 4.80 0.00
3987 1986 78 14450.00 -2.50 13.10 0.41 4.90 0.00
3987 1986 79 15150.00 -3.00 14.00 0.42 4.40 0.00
3987 1986 80 2340.00 -0.50 8.10 0.58 2.60 8.90
3987 1986 81 8720.00 -1.50 8.90 0.59 4.00 0.00
3987 1986 82 2390.00 1.90 6.40 0.64 8.20 10.90
3987 1986 83 6200.00 0.40 6.20 0.62 7.00 8.00
3987 1986 84 11060.00 2.40 8.20 0.52 9.00 0.30
3987 1986 85 6300.00 0.60 9.20 0.57 5.40 0.30
3987 1986 86 7970.00 -0.10 11.20 0.68 7.10 0.90
3987 1986 87 6570.00 8.40 17.40 0.86 7.70 0.00
3987 1986 88 13120.00 3.40 14.00 0.69 6.30 0.00
3987 1986 89 6660.00 0.90 9.80 0.66 5.00 0.80
3987 1986 90 5830.00 1.70 7.80 0.73 4.20 11.30
3987 1986 91 9720.00 3.30 9.40 0.71 8.90 1.70
3987 1986 92 14330.00 1.10 11.50 0.57 5.30 0.00
3987 1986 93 6500.00 2.60 9.50 0.61 3.90 0.30
3987 1986 94 8950.00 2.50 8.80 0.69 2.30 0.80
3987 1986 95 3560.00 2.60 5.80 0.70 2.00 3.40
3987 1986 96 7350.00 1.20 7.30 0.59 2.10 0.00
3987 1986 97 1980.00 4.40 6.50 0.83 7.10 0.10
3987 1986 98 2420.00 4.50 6.30 0.90 3.60 1.10
3987 1986 99 2010.00 3.30 4.90 0.79 4.10 2.40
3987 1986 100 2080.00 -2.10 3.60 0.60 7.40 8.60
3987 1986 101 12110.00 -3.70 0.80 0.47 5.30 0.70
3987 1986 102 14260.00 -5.40 3.60 0.37 2.50 0.00
3987 1986 103 14840.00 -5.80 5.00 0.36 3.50 0.00
3987 1986 104 15400.00 -4.00 9.60 0.45 4.80 1.20
3987 1986 105 14650.00 2.40 16.10 0.69 4.80 0.00
3987 1986 106 17730.00 3.60 18.00 0.71 3.90 4.90
3987 1986 107 11950.00 6.50 17.10 0.89 2.80 0.00
3987 1986 108 11650.00 6.80 15.20 0.90 2.80 2.80
3987 1986 109 2230.00 5.70 9.30 0.89 5.60 1.30
3987 1986 110 9240.00 2.90 9.40 0.67 7.00 0.00
3987 1986 111 15860.00 4.60 15.50 0.72 6.20 0.00
3987 1986 112 4530.00 8.60 12.80 1.00 3.50 4.60
3987 1986 113 6880.00 6.20 13.00 1.03 2.80 5.20
3987 1986 114 13700.00 7.30 19.20 1.15 3.20 4.00
3987 1986 115 7410.00 8.70 15.40 1.13 2.90 1.10
3987 1986 116 2820.00 6.70 10.60 1.07 3.40 0.60
3987 1986 117 12030.00 7.90 17.50 1.12 2.70 0.00
3987 1986 118 16140.00 8.20 21.50 1.05 2.80 0.00
3987 1986 119 20960.00 7.00 21.70 1.03 3.90 0.00
3987 1986 120 18100.00 7.90 20.50 1.05 4.20 0.00
3987 1986 121 24460.00 5.10 20.10 0.65 3.70 0.00
3987 1986 122 24530.00 6.20 23.50 0.71 5.10 0.00
3987 1986 123 23980.00 9.50 26.00 0.91 5.90 0.00
3987 1986 124 19470.00 11.80 27.10 1.10 6.50 0.00
3987 1986 125 20860.00 13.10 25.40 0.92 7.40 0.00
3987 1986 126 23250.00 12.00 27.10 0.84 6.80 0.00
3987 1986 127 18910.00 12.40 25.60 1.14 4.00 39.60
3987 1986 128 8170.00 11.20 19.70 1.30 4.30 1.10
3987 1986 129 15350.00 5.60 15.80 1.02 4.00 1.30
3987 1986 130 9270.00 7.10 17.10 1.22 3.50 3.90
3987 1986 131 11970.00 12.30 18.10 1.27 5.20 0.90
3987 1986 132 19770.00 7.30 19.20 1.00 4.30 0.00
3987 1986 133 20420.00 9.70 26.90 1.26 4.50 5.50
3987 1986 134 5880.00 10.20 16.60 1.39 2.70 0.50
3987 1986 135 8080.00 9.80 19.50 1.29 4.50 0.30
3987 1986 136 25890.00 4.20 19.30 0.77 4.20 0.00
3987 1986 137 25950.00 5.80 21.20 0.90 3.20 0.40
3987 1986 138 16850.00 12.70 26.60 1.46 4.20 4.40
3987 1986 139 26370.00 11.00 21.20 1.27 3.30 0.00
3987 1986 140 26600.00 9.10 23.30 1.12 4.00 0.00
3987 1986 141 14640.00 12.10 25.30 1.69 4.00 7.30
3987 1986 142 17540.00 13.70 21.90 1.42 3.70 0.00
3987 1986 143 20870.00 11.70 25.90 1.35 3.70 0.00
3987 1986 144 6440.00 10.90 22.00 1.38 5.40 8.50
3987 1986 145 23020.00 7.90 20.50 1.10 5.30 0.00
3987 1986 146 26540.00 11.20 27.10 1.16 4.70 0.00
3987 1986 147 23330.00 12.50 28.60 1.43 3.50 3.10
3987 1986 148 16950.00 13.10 24.30 1.21 3.50 0.30
3987 1986 149 14050.00 10.50 18.10 1.11 3.00 17.30
3987 1986 150 4760.00 7.20 10.60 1.09 3.40 10.90
3987 1986 151 7850.00 7.80 12.80 1.08 2.50 7.40
3987 1986 152 14120.00 7.50 15.10 1.06 2.40 0.10
3987 1986 153 14820.00 7.50 17.50 1.07 2.30 6.70
3987 1986 154 14560.00 9.80 17.30 1.29 4.80 15.10
3987 1986 155 7260.00 9.60 15.10 1.21 5.00 4.00
3987 1986 156 17760.00 4.60 14.40 0.86 4.20 18.00
3987 1986 157 5230.00 6.80 12.40 1.05 7.80 14.30
3987 1986 158 3770.00 8.30 11.80 1.10 6.10 17.50
3987 1986 159 11350.00 8.60 17.00 1.12 5.10 0.70
3987 1986 160 20530.00 8.90 21.50 1.20 2.20 0.00
3987 1986 161 26650.00 10.40 24.90 1.25 5.00 0.00
3987 1986 162 20900.00 11.60 21.60 1.22 5.40 5.00
3987 1986 163 4650.00 9.40 15.80 1.15 5.70 0.10
3987 1986 164 20230.00 9.80 21.60 1.19 4.00 0.00
3987 1986 165 28330.00 8.40 24.80 1.11 3.90 0.00
3987 1986 166 28640.00 11.50 27.20 1.36 4.30 0.00
3987 1986 167 27010.00 13.80 29.70 1.60 5.80 0.00
3987 1986 168 25470.00 17.00 31.40 1.75 6.00 0.00
3987 1986 169 21330.00 17.60 28.00 1.92 4.90 0.00
3987 1986 170 19130.00 15.10 26.10 1.70 2.30 0.00
3987 1986 171 21670.00 15.20 28.10 1.67 3.00 0.00
3987 1986 172 12280.00 13.10 23.90 1.42 3.30 0.00
3987 1986 173 27810.00 10.50 24.10 1.15 2.70 0.00
3987 1986 174 26110.00 9.60 24.20 1.02 4.30 0.00
3987 1986 175 29000.00 10.90 26.50 1.01 4.20 0.00
3987 1986 176 26760.00 10.00 26.40 1.09 3.00 0.00
3987 1986 177 27260.00 12.40 29.20 1.34 3.60 0.00
3987 1986 178 29150.00 13.50 28.00 1.44 3.30 0.00
3987 1986 179 28250.00 14.50 29.40 1.44 3.60 0.00
3987 1986 180 19500.00 15.00 26.20 1.30 4.50 0.00
3987 1986 181 27230.00 14.10 26.80 1.25 2.30 0.00
3987 1986 182 27010.00 15.50 30.40 1.44 2.40 0.00
3987 1986 183 25100.00 16.20 31.90 1.63 1.50 0.00
3987 1986 184 20900.00 19.20 33.30 1.66 3.20 0.00
3987 1986 185 24180.00 18.00 28.50 1.54 5.00 0.00
3987 1986 186 19340.00 16.60 30.10 1.53 3.90 0.70
3987 1986 187 11090.00 16.60 24.70 1.71 4.70 1.30
3987 1986 188 17510.00 14.20 23.40 1.38 5.20 0.00
3987 1986 189 17990.00 11.30 19.90 1.19 5.60 2.40
3987 1986 190 16410.00 9.70 19.20 1.20 5.20 0.30
3987 1986 191 13270.00 9.40 16.80 1.20 5.10 2.20
3987 1986 192 19350.00 9.30 17.80 1.15 7.00 1.80
3987 1986 193 11600.00 8.80 16.10 1.04 7.00 0.00
3987 1986 194 11690.00 10.00 16.40 1.04 6.70 0.00
3987 1986 195 22150.00 10.50 21.00 1.06 5.10 0.00
3987 1986 196 20800.00 9.00 24.60 1.30 3.00 0.00
3987 1986 197 25710.00 14.30 29.90 1.56 2.30 0.00
3987 1986 198 20460.00 17.10 30.50 1.60 3.00 0.00
3987 1986 199 11250.00 14.20 26.90 1.39 5.10 0.00
3987 1986 200 19490.00 10.60 20.70 1.10 3.70 0.00
3987 1986 201 15620.00 12.60 22.30 1.08 2.80 0.00
3987 1986 202 15070.00 11.20 24.80 1.17 2.90 0.00
3987 1986 203 11840.00 13.50 24.40 1.61 2.40 7.80
3987 1986 204 8810.00 14.10 21.50 1.81 3.00 14.20
3987 1986 205 12100.00 11.50 16.70 1.34 7.40 1.30
3987 1986 206 16410.00 10.70 21.10 1.28 6.70 3.00
3987 1986 207 15220.00 12.30 21.60 1.41 5.40 0.00
3987 1986 208 18360.00 13.80 26.30 1.50 2.40 0.00
3987 1986 209 16980.00 17.40 28.20 1.77 2.00 0.00
3987 1986 210 19970.00 17.20 31.60 1.75 5.00 1.30
3987 1986 211 23340.00 14.30 27.70 1.58 4.10 0.00
3987 1986 212 19320.00 13.90 31.80 1.70 4.70 0.00
3987 1986 213 14180.00 17.40 26.80 1.53 3.20 0.00
3987 1986 214 22810.00 13.00 30.10 1.45 4.60 0.00
3987 1986 215 22270.00 16.80 34.10 1.80 3.40 0.00
3987 1986 216 20590.00 19.20 36.20 1.96 4.70 8.90
3987 1986 217 10940.00 15.40 24.70 1.71 3.70 2.50
3987 1986 218 23020.00 11.70 24.50 1.29 2.50 0.00
3987 1986 219 21230.00 12.80 29.80 1.46 4.40 0.00
3987 1986 220 16350.00 14.40 25.40 1.42 3.20 0.00
3987 1986 221 20620.00 11.80 24.20 1.28 2.90 0.00
3987 1986 222 19760.00 13.50 27.30 1.33 2.60 0.00
3987 1986 223 18370.00 14.00 26.40 1.35 3.50 0.00
3987 1986 224 8040.00 14.70 23.50 1.41 4.30 0.00
3987 1986 225 14120.00 12.90 23.90 1.54 2.70 13.50
3987 1986 226 19210.00 12.50 26.00 1.46 3.00 0.00
3987 1986 227 15500.00 14.00 28.40 1.62 3.70 6.10
3987 1986 228 16740.00 16.30 24.10 1.61 4.80 0.00
3987 1986 229 17020.00 12.20 22.20 1.23 4.30 0.00
3987 1986 230 12070.00 11.00 21.60 1.32 2.10 0.00
3987 1986 231 12160.00 12.30 22.70 1.24 4.00 14.60
3987 1986 232 11550.00 11.60 19.20 1.36 6.50 7.20
3987 1986 233 13970.00 9.70 17.30 1.16 5.50 0.00
3987 1986 234 8210.00 10.00 17.50 1.23 3.50 0.00
3987 1986 235 3570.00 12.00 16.60 1.48 4.80 1.40
3987 1986 236 17670.00 9.20 20.10 1.15 3.50 0.00
3987 1986 237 17130.00 8.40 19.50 1.14 3.40 0.10
3987 1986 238 6840.00 8.20 17.10 1.24 5.10 5.10
3987 1986 239 11860.00 13.10 19.70 1.24 7.00 0.00
3987 1986 240 15600.00 9.30 20.30 1.10 3.80 0.00
3987 1986 241 11440.00 10.50 18.20 1.15 4.70 3.70
3987 1986 242 7250.00 8.30 15.60 1.16 7.00 3.50
3987 1986 243 10710.00 10.00 16.50 1.28 6.60 4.20
3987 1986 244 7700.00 10.20 14.30 1.15 6.70 1.50
3987 1986 245 8190.00 10.30 18.30 1.18 7.20 0.40
3987 1986 246 4350.00 10.80 17.20 1.31 6.20 6.90
3987 1986 247 11130.00 9.20 18.10 1.15 8.20 0.30
3987 1986 248 9010.00 8.20 17.20 1.11 5.30 0.00
3987 1986 249 14100.00 7.90 19.00 1.12 4.90 0.00
3987 1986 250 12580.00 9.80 16.70 0.98 6.80 0.00
3987 1986 251 6630.00 9.90 13.10 1.05 6.00 1.00
3987 1986 252 17980.00 4.70 17.50 0.89 3.30 0.00
3987 1986 253 14470.00 4.60 18.10 0.80 3.20 0.00
3987 1986 254 11030.00 5.10 17.30 0.95 1.70 0.00
3987 1986 255 6690.00 8.50 16.10 1.08 2.60 0.00
3987 1986 256 5020.00 9.20 14.70 1.03 3.20 0.50
3987 1986 257 9490.00 8.40 22.90 1.43 5.90 2.40
3987 1986 258 2710.00 8.80 19.10 1.17 2.80 34.30
3987 1986 259 6540.00 7.50 12.60 1.09 2.80 0.00
3987 1986 260 3680.00 7.10 12.30 1.11 2.20 1.30
3987 1986 261 7720.00 7.50 15.10 1.00 3.70 0.00
3987 1986 262 11370.00 3.60 14.10 0.90 3.60 0.00
3987 1986 263 14770.00 3.80 18.50 0.95 5.70 0.00
3987 1986 264 10350.00 9.50 19.00 1.11 6.60 0.00
3987 1986 265 6900.00 11.60 17.10 1.29 7.30 1.70
3987 1986 266 2820.00 12.20 15.50 1.45 5.20 0.50
3987 1986 267 9839.91 9.80 17.40 1.12 4.20 0.00
3987 1986 268 12310.00 4.00 16.00 0.89 2.30 0.00
3987 1986 269 6820.00 4.60 14.20 1.06 2.80 1.90
3987 1986 270 4680.00 8.30 13.20 1.19 1.50 0.00
3987 1986 271 6900.00 7.40 17.70 1.11 3.40 0.00
3987 1986 272 6260.00 8.90 19.00 1.35 6.30 0.00
3987 1986 273 13220.00 8.20 18.20 1.13 3.10 0.00
3987 1986 274 12690.00 6.80 22.40 1.13 3.00 0.00
3987 1986 275 7510.00 8.00 17.70 1.18 6.10 0.00
3987 1986 276 8730.00 9.10 15.50 1.08 5.20 0.00
3987 1986 277 11820.00 4.70 14.80 0.87 4.00 0.00
3987 1986 278 11790.00 2.30 15.00 0.82 3.00 1.20
3987 1986 279 3330.00 5.20 16.60 1.23 5.20 0.00
3987 1986 280 5430.00 11.30 15.60 1.30 5.70 3.30
3987 1986 281 3120.00 11.60 14.80 1.33 5.10 0.00
3987 1986 282 5430.00 10.30 15.90 1.22 3.10 0.00
3987 1986 283 9680.00 6.90 19.50 1.14 4.50 0.00
3987 1986 284 6840.00 6.30 16.40 1.18 3.40 0.00
3987 1986 285 10980.00 5.70 16.90 0.99 4.00 0.00
3987 1986 286 9790.00 5.30 19.10 0.93 5.80 0.00
3987 1986 287 9330.00 5.80 20.70 0.97 4.50 0.00
3987 1986 288 9200.00 8.10 20.30 0.99 4.30 0.00
3987 1986 289 8660.00 3.50 17.10 0.87 3.00 0.00
3987 1986 290 8440.00 8.10 16.60 1.03 2.90 0.00
3987 1986 291 3050.00 5.60 9.60 0.96 4.90 0.00
3987 1986 292 2430.00 5.10 13.40 1.02 6.00 2.20
3987 1986 293 5100.00 3.80 12.20 0.94 7.70 12.30
3987 1986 294 4360.00 6.20 10.80 0.87 11.70 6.00
3987 1986 295 1690.00 7.00 11.50 1.11 4.80 9.30
3987 1986 296 5070.00 6.10 9.80 0.89 7.50 1.50
3987 1986 297 7070.00 4.50 10.10 0.74 7.50 0.00
3987 1986 298 5740.00 2.30 11.40 0.77 5.60 0.50
3987 1986 299 5310.00 7.40 13.90 0.89 6.00 0.00
3987 1986 300 6280.00 6.10 12.60 0.82 5.00 0.00
3987 1986 301 3740.00 3.50 10.30 0.73 5.30 2.90
3987 1986 302 1220.00 7.60 10.60 1.03 5.30 1.60
3987 1986 303 6210.00 1.40 9.80 0.77 4.30 0.40
3987 1986 304 3250.00 1.90 10.20 0.83 5.80 0.30
3987 1986 305 3390.00 4.80 12.80 0.99 5.20 6.00
3987 1986 306 3550.00 4.10 11.70 0.83 6.10 0.30
3987 1986 307 7210.00 -1.20 8.20 0.61 3.30 0.10
3987 1986 308 2130.00 2.90 9.20 0.73 5.80 0.10
3987 1986 309 1990.00 4.40 8.20 0.81 6.80 6.20
3987 1986 310 4780.00 5.60 9.60 0.80 10.30 0.20
3987 1986 311 5380.00 2.80 9.10 0.71 5.20 0.00
3987 1986 312 5370.00 4.10 11.10 0.75 5.10 0.60
3987 1986 313 6130.00 2.90 10.00 0.69 6.00 0.00
3987 1986 314 4950.00 1.10 10.20 0.73 6.30 0.00
3987 1986 315 5330.00 6.20 14.20 0.90 6.00 0.00
3987 1986 316 4700.00 6.40 12.90 0.88 5.10 0.00
3987 1986 317 2470.00 0.70 9.00 0.76 6.10 0.00
3987 1986 318 3460.00 2.90 8.30 0.76 3.60 0.00
3987 1986 319 5000.00 0.30 10.70 0.74 4.90 1.00
3987 1986 320 1550.00 7.50 10.30 1.03 3.60 0.10
3987 1986 321 2550.00 8.50 14.80 1.09 4.00 0.20
3987 1986 322 4440.00 4.10 11.90 0.84 5.90 0.20
3987 1986 323 1270.00 6.70 10.30 0.91 7.30 1.80
3987 1986 324 1330.00 7.30 11.20 0.94 6.40 1.80
3987 1986 325 3130.00 -0.10 7.40 0.66 4.40 0.00
3987 1986 326 2990.00 2.80 8.80 0.77 5.30 0.00
3987 1986 327 1520.00 4.50 8.70 0.81 4.90 0.10
3987 1986 328 3040.00 2.20 9.00 0.69 6.40 0.80
3987 1986 329 1350.00 5.80 12.70 0.98 5.60 0.00
3987 1986 330 2740.00 7.00 11.30 0.95 4.90 2.20
3987 1986 331 2890.00 4.70 10.50 0.79 6.30 0.00
3987 1986 332 3880.00 -0.40 7.80 0.64 4.10 0.00
3987 1986 333 3840.00 -1.90 5.90 0.56 3.90 0.00
3987 1986 334 3700.00 -2.50 4.70 0.51 4.00 0.00
3987 1986 335 3550.00 -3.20 2.50 0.48 4.60 0.20
3987 1986 336 2250.00 -2.30 7.80 0.72 7.00 0.00
3987 1986 337 3390.00 2.60 10.90 0.81 7.00 0.00
3987 1986 338 3730.00 4.70 11.30 0.72 7.40 0.00
3987 1986 339 3830.00 5.90 11.20 0.70 7.20 0.00
3987 1986 340 820.00 2.40 8.70 0.72 5.80 2.10
3987 1986 341 1490.00 -2.40 2.50 0.59 4.20 0.00
3987 1986 342 1190.00 0.40 5.80 0.68 5.00 0.00
3987 1986 343 2500.93 -2.00 4.80 0.59 4.70 0.00
3987 1986 344 1060.00 2.70 6.10 0.77 2.60 0.40
3987 1986 345 890.00 0.80 5.00 0.71 2.60 0.00
3987 1986 346 590.00 -1.40 2.30 0.57 2.00 0.00
3987 1986 347 880.00 -3.10 -0.40 0.49 3.60 1.90
3987 1986 348 1710.00 -3.20 5.60 0.63 4.30 0.20
3987 1986 349 1140.00 -1.10 3.50 0.57 3.80 6.80
3987 1986 350 730.00 0.30 4.40 0.61 8.80 3.60
3987 1986 351 610.00 2.00 4.60 0.66 7.30 1.70
3987 1986 352 850.00 2.50 7.20 0.71 6.70 15.90
3987 1986 353 350.00 1.00 5.80 0.65 13.00 8.50
3987 1986 354 650.00 0.30 3.40 0.60 6.70 1.10
3987 1986 355 1550.00 -5.20 0.70 0.41 3.30 0.40
3987 1986 356 700.00 -6.00 -3.40 0.38 7.80 9.90
3987 1986 357 970.00 -4.20 -2.50 0.40 5.90 3.00
3987 1986 358 2320.00 -6.60 -1.80 0.39 3.60 0.00
3987 1986 359 1980.00 -4.90 -2.80 0.37 4.70 0.90
3987 1986 360 610.00 -4.00 0.70 0.47 5.10 2.70
3987 1986 361 480.00 0.30 1.20 0.57 7.00 4.40
3987 1986 362 580.00 0.50 3.60 0.64 7.00 21.90
3987 1986 363 260.00 2.10 8.60 0.81 11.10 7.80
3987 1986 364 930.00 1.80 4.20 0.62 5.50 13.10
3987 1986 365 580.00 0.10 6.00 0.76 6.40 16.40
