*---------------------------------------------------------------------------*
* Station name: Potsdam Saekularstation
* Year: 1994
* Author: Pedro Alencar                                   -999.000: NIL VALUE
* Source: DWD
* Comments: Gaps filled with interpolation and storical means
* Longitude: 13.0622, latitude: 52.3812, altitude: 82.0 m.
*
    * Column  Daily value
    * 1       station number
    * 2       year
    * 3       day
    * 4       irradiation                   (kJ m-2 d-1)
    * 5       minimum temperature           (degrees Celsius
    * 6       maximum temperature           (degrees Celsius)
    * 7       early morning vapour pressure (kPa)
    * 8       mean wind speed (height: 2 m) (m s-1)
    * 9       precipitation                 (mm d-1)
    *
** WCCDESCRIPTION=Potsdam, Germany
** WCCFORMAT=2
** WCCYEARNR=1994
*---------------------------------------------------------------------------*
   13.0622 52.3812 82.0 -0.18 -0.55
3987 1994 1 1800.00 1.50 5.40 0.67 6.00 0.00
3987 1994 2 1340.00 -1.50 1.70 0.56 4.30 4.20
3987 1994 3 1400.00 0.10 2.40 0.63 4.20 2.90
3987 1994 4 3630.00 1.40 6.70 0.76 5.30 0.20
3987 1994 5 2210.00 3.00 5.80 0.74 5.70 4.30
3987 1994 6 1690.00 3.40 7.70 0.82 4.90 1.00
3987 1994 7 1620.00 2.10 6.90 0.73 3.90 0.00
3987 1994 8 2550.00 1.70 6.70 0.69 3.50 0.00
3987 1994 9 1120.00 -1.50 2.30 0.64 4.10 0.00
3987 1994 10 780.00 1.50 3.70 0.69 4.40 0.00
3987 1994 11 260.00 1.50 2.40 0.70 3.20 0.50
3987 1994 12 1510.00 2.00 6.60 0.81 4.80 4.60
3987 1994 13 2430.00 5.70 11.00 0.90 7.00 2.10
3987 1994 14 1860.00 3.80 8.00 0.71 6.60 0.40
3987 1994 15 1810.00 2.20 6.20 0.72 5.60 0.90
3987 1994 16 1600.00 -2.80 3.10 0.58 3.10 0.60
3987 1994 17 3130.00 -5.30 -0.10 0.38 3.10 0.00
3987 1994 18 1150.00 -5.10 1.00 0.52 6.00 1.40
3987 1994 19 1050.00 0.80 2.50 0.56 4.60 1.30
3987 1994 20 760.00 -0.20 1.20 0.61 3.80 0.50
3987 1994 21 1460.00 -0.40 3.40 0.62 4.90 0.10
3987 1994 22 1140.00 2.30 5.90 0.76 5.90 0.00
3987 1994 23 580.00 2.30 7.70 0.79 7.80 9.20
3987 1994 24 3130.00 0.90 4.50 0.62 8.90 1.30
3987 1994 25 890.00 1.20 8.70 0.72 6.50 14.20
3987 1994 26 2430.00 1.80 6.70 0.70 7.50 0.20
3987 1994 27 760.00 2.30 8.00 0.78 7.10 19.40
3987 1994 28 2640.00 1.60 7.80 0.62 12.60 0.80
3987 1994 29 1690.00 1.60 4.00 0.61 7.70 1.00
3987 1994 30 1050.00 0.20 6.30 0.77 7.60 5.00
3987 1994 31 4360.00 2.40 6.00 0.67 9.10 0.00
3987 1994 32 2860.00 2.30 5.70 0.62 4.30 0.00
3987 1994 33 3820.00 1.30 6.20 0.60 7.20 0.00
3987 1994 34 5180.00 -1.80 2.90 0.55 3.00 0.00
3987 1994 35 2660.00 -2.70 2.40 0.50 6.20 0.00
3987 1994 36 2080.00 -0.60 2.00 0.51 6.70 0.00
3987 1994 37 1580.00 0.50 2.50 0.58 1.80 0.00
3987 1994 38 860.00 1.30 3.00 0.65 1.10 0.00
3987 1994 39 2330.00 0.90 3.30 0.55 1.40 0.00
3987 1994 40 4070.00 1.00 6.80 0.66 3.50 0.10
3987 1994 41 3790.00 0.90 6.40 0.66 2.50 0.00
3987 1994 42 3690.00 1.20 3.90 0.61 2.50 0.20
3987 1994 43 720.00 -5.10 1.20 0.49 4.40 0.80
3987 1994 44 7460.00 -12.50 -5.10 0.17 8.60 0.00
3987 1994 45 9010.00 -12.00 -3.00 0.17 8.30 0.00
3987 1994 46 9030.00 -9.20 -0.80 0.24 7.20 0.00
3987 1994 47 8940.00 -9.50 1.50 0.25 5.10 0.00
3987 1994 48 8110.00 -6.80 0.00 0.25 3.10 0.00
3987 1994 49 7590.00 -7.50 -1.20 0.25 1.30 0.00
3987 1994 50 4230.00 -8.60 -1.90 0.31 3.10 0.00
3987 1994 51 6340.00 -5.90 0.70 0.30 4.70 0.00
3987 1994 52 4770.00 -3.90 2.00 0.45 4.40 0.10
3987 1994 53 6950.00 -5.00 0.30 0.35 1.80 4.00
3987 1994 54 4980.00 -5.90 -0.60 0.39 2.30 0.00
3987 1994 55 4300.00 -10.00 -0.40 0.39 3.00 0.80
3987 1994 56 2210.00 -3.00 0.60 0.49 1.10 0.00
3987 1994 57 4710.00 -3.40 4.20 0.60 4.20 0.00
3987 1994 58 7200.00 0.40 13.00 0.80 3.60 0.00
3987 1994 59 4780.00 3.40 10.60 0.82 4.70 1.70
3987 1994 60 1590.00 -0.30 3.40 0.61 4.40 2.90
3987 1994 61 1560.00 0.20 3.70 0.72 2.70 3.80
3987 1994 62 4960.00 2.90 8.70 0.73 5.60 1.90
3987 1994 63 8430.00 1.70 8.70 0.68 6.30 0.10
3987 1994 64 10300.00 -0.90 11.60 0.56 4.90 4.60
3987 1994 65 7310.00 4.00 7.90 0.68 6.50 1.50
3987 1994 66 1500.00 4.30 8.00 0.90 6.90 5.10
3987 1994 67 3470.00 5.20 11.90 1.08 4.20 0.00
3987 1994 68 3380.00 10.10 14.10 1.14 4.50 0.00
3987 1994 69 6290.00 4.20 11.40 0.71 5.90 0.60
3987 1994 70 13170.00 -0.70 12.30 0.60 4.50 0.00
3987 1994 71 4340.00 2.90 9.60 0.80 4.40 2.00
3987 1994 72 2360.00 1.70 8.40 0.74 8.80 9.70
3987 1994 73 3950.00 3.90 9.60 0.83 11.40 6.20
3987 1994 74 3230.00 3.70 8.20 0.81 6.00 2.20
3987 1994 75 8750.00 2.10 7.90 0.67 6.80 4.00
3987 1994 76 8100.00 0.20 5.80 0.59 9.50 3.20
3987 1994 77 6610.00 0.30 5.80 0.63 5.80 10.80
3987 1994 78 8490.00 0.60 7.70 0.68 8.70 3.20
3987 1994 79 6720.00 0.20 4.10 0.58 5.40 1.10
3987 1994 80 3410.00 -0.30 3.20 0.63 2.20 1.50
3987 1994 81 11380.00 -2.10 7.70 0.66 3.90 1.00
3987 1994 82 3880.00 3.40 12.20 1.07 6.80 5.60
3987 1994 83 13380.00 6.00 12.90 0.71 10.30 0.00
3987 1994 84 3670.00 4.80 10.60 0.92 7.40 6.50
3987 1994 85 10610.00 2.90 8.80 0.68 8.40 3.80
3987 1994 86 13040.00 0.70 9.50 0.56 4.90 0.00
3987 1994 87 14570.00 -1.10 11.80 0.51 4.60 0.90
3987 1994 88 6700.00 6.10 15.50 1.06 6.30 0.20
3987 1994 89 12890.00 5.30 17.30 0.90 3.20 0.00
3987 1994 90 8960.00 6.30 20.40 0.99 5.00 5.90
3987 1994 91 6750.00 5.00 17.40 0.98 6.50 4.00
3987 1994 92 11330.00 3.40 10.30 0.73 4.80 0.20
3987 1994 93 15450.00 -0.70 10.50 0.60 4.50 0.00
3987 1994 94 8390.00 0.30 9.20 0.68 6.80 6.20
3987 1994 95 12890.00 1.30 9.70 0.62 6.50 0.50
3987 1994 96 13620.00 -0.40 10.00 0.60 3.20 0.00
3987 1994 97 13950.00 0.00 10.80 0.59 2.60 0.00
3987 1994 98 13500.00 0.20 12.50 0.66 2.90 0.20
3987 1994 99 9610.00 2.50 10.20 0.74 4.90 1.40
3987 1994 100 3410.00 0.60 7.50 0.79 2.70 11.80
3987 1994 101 9930.00 1.80 12.10 0.93 2.90 9.20
3987 1994 102 6940.00 7.90 14.50 1.12 5.00 33.70
3987 1994 103 8390.00 4.90 10.40 0.87 2.90 1.80
3987 1994 104 2290.00 4.80 7.80 0.76 5.90 2.10
3987 1994 105 14700.00 0.60 12.20 0.60 2.40 0.00
3987 1994 106 14680.00 3.20 13.00 0.82 4.20 0.00
3987 1994 107 9220.00 3.50 12.90 0.77 3.90 0.00
3987 1994 108 15000.00 2.40 9.90 0.52 3.80 0.00
3987 1994 109 19350.00 -0.90 13.00 0.50 2.30 0.00
3987 1994 110 21440.00 1.60 16.00 0.59 3.40 0.00
3987 1994 111 16940.00 3.70 18.70 0.76 2.40 0.10
3987 1994 112 15300.00 5.80 19.60 0.88 2.20 0.00
3987 1994 113 21360.00 7.40 22.10 0.85 4.30 0.00
3987 1994 114 20040.00 8.10 22.80 0.79 4.90 0.00
3987 1994 115 22520.00 7.40 21.70 0.80 4.40 0.00
3987 1994 116 18130.00 8.80 19.00 0.82 4.50 0.50
3987 1994 117 14810.00 10.80 20.40 1.20 1.90 0.00
3987 1994 118 13620.00 10.30 20.80 1.40 2.70 0.00
3987 1994 119 16590.00 12.60 21.10 1.34 2.50 0.00
3987 1994 120 18010.00 12.20 24.20 1.16 4.80 0.00
3987 1994 121 6550.00 6.60 13.30 0.77 5.40 0.10
3987 1994 122 23640.00 2.90 15.90 0.79 2.40 0.00
3987 1994 123 26380.00 3.40 18.00 0.63 4.50 0.00
3987 1994 124 18850.00 4.20 20.10 0.84 4.70 3.70
3987 1994 125 10760.00 8.00 13.70 1.13 4.10 0.00
3987 1994 126 20510.00 6.60 17.70 0.94 2.20 0.00
3987 1994 127 22930.00 8.50 20.10 0.85 3.70 0.00
3987 1994 128 27120.00 6.60 21.50 0.69 4.90 0.00
3987 1994 129 26090.00 7.40 23.20 0.85 3.40 0.00
3987 1994 130 15810.00 9.40 20.40 0.92 3.10 0.00
3987 1994 131 22820.00 7.60 22.90 0.94 4.00 0.00
3987 1994 132 17680.00 7.00 19.00 0.94 4.10 0.50
3987 1994 133 19200.00 9.60 22.10 1.24 3.70 0.40
3987 1994 134 22370.00 10.00 24.80 1.24 4.40 0.00
3987 1994 135 13110.00 14.00 21.40 1.17 6.20 0.10
3987 1994 136 24720.00 11.10 24.10 1.13 4.00 2.80
3987 1994 137 17650.00 13.40 22.70 1.42 4.00 0.00
3987 1994 138 19170.00 10.90 22.50 1.22 3.00 15.90
3987 1994 139 1810.00 7.40 17.30 1.19 5.70 36.40
3987 1994 140 5940.00 7.00 9.80 1.04 4.50 2.10
3987 1994 141 23500.00 5.60 17.50 1.04 3.10 1.60
3987 1994 142 19840.00 10.70 20.30 1.35 4.00 0.00
3987 1994 143 5950.00 9.90 16.30 1.39 2.90 4.90
3987 1994 144 21020.00 9.30 20.90 1.30 2.00 0.80
3987 1994 145 7590.00 12.90 18.10 1.53 2.50 0.30
3987 1994 146 14260.00 11.30 17.10 1.29 3.50 3.10
3987 1994 147 12950.00 9.00 15.00 1.05 3.30 0.10
3987 1994 148 11680.00 6.90 13.80 1.02 2.30 2.90
3987 1994 149 9540.00 7.50 13.50 1.03 2.90 0.60
3987 1994 150 22320.00 5.50 15.90 0.88 5.30 0.00
3987 1994 151 18520.00 4.60 16.00 0.94 5.20 0.00
3987 1994 152 26730.00 9.10 21.70 1.16 4.40 0.00
3987 1994 153 14810.00 10.70 26.90 1.59 4.90 3.40
3987 1994 154 14690.00 14.00 19.70 1.29 5.90 0.50
3987 1994 155 16470.00 10.70 16.70 1.15 5.90 3.10
3987 1994 156 10900.00 7.30 14.10 1.10 3.80 7.70
3987 1994 157 22610.00 6.30 17.30 0.96 5.10 0.00
3987 1994 158 9570.00 9.30 18.20 1.52 4.50 0.70
3987 1994 159 22150.00 10.40 23.20 1.49 3.50 1.70
3987 1994 160 10990.00 8.70 18.00 1.07 5.20 0.00
3987 1994 161 15330.00 7.80 16.70 1.07 3.20 1.80
3987 1994 162 18380.00 7.60 18.60 1.23 2.40 7.50
3987 1994 163 27170.00 8.40 21.50 1.27 2.80 0.00
3987 1994 164 6260.00 10.60 15.40 1.36 4.00 0.00
3987 1994 165 24670.00 12.30 21.80 1.30 3.80 0.00
3987 1994 166 25480.00 9.20 17.40 0.90 5.20 0.20
3987 1994 167 9220.00 7.80 13.80 1.14 5.90 4.70
3987 1994 168 19350.00 5.60 15.70 0.92 5.00 0.00
3987 1994 169 10390.00 7.60 19.60 1.30 4.00 8.00
3987 1994 170 18840.00 11.90 22.70 1.52 6.00 0.00
3987 1994 171 26140.00 13.50 21.50 1.24 4.50 0.00
3987 1994 172 17930.00 11.40 22.70 1.50 3.00 0.00
3987 1994 173 15800.00 17.00 22.30 1.50 7.70 0.00
3987 1994 174 28320.00 11.40 19.70 0.89 7.10 0.00
3987 1994 175 31570.00 5.80 21.40 0.85 2.40 0.00
3987 1994 176 30560.00 9.40 29.10 1.11 4.50 0.00
3987 1994 177 23700.00 15.70 29.10 1.90 3.10 0.00
3987 1994 178 22940.00 18.50 29.20 2.00 2.80 0.00
3987 1994 179 27200.00 16.30 30.80 1.62 3.80 0.00
3987 1994 180 13550.00 17.90 33.80 2.16 4.40 31.50
3987 1994 181 27680.00 14.00 21.70 1.35 3.60 0.00
3987 1994 182 29040.00 11.70 23.90 1.36 2.20 0.00
3987 1994 183 30350.00 12.80 27.80 1.25 3.90 0.00
3987 1994 184 29750.00 14.90 30.40 1.32 4.00 0.00
3987 1994 185 27010.00 17.20 32.10 1.59 3.60 2.40
3987 1994 186 15070.00 17.80 24.80 2.02 2.50 0.00
3987 1994 187 28020.00 13.90 26.20 1.48 2.70 0.00
3987 1994 188 9670.00 13.40 22.20 1.51 3.20 24.20
3987 1994 189 7170.00 12.80 18.90 1.62 5.80 7.20
3987 1994 190 24590.00 13.20 21.90 1.65 4.90 0.00
3987 1994 191 27120.00 12.20 25.30 1.64 2.80 0.00
3987 1994 192 28710.00 15.00 29.00 1.35 3.00 0.00
3987 1994 193 26220.00 15.90 30.00 1.68 4.50 0.00
3987 1994 194 27250.00 18.20 31.40 1.62 4.10 0.00
3987 1994 195 27020.00 18.00 32.10 1.57 3.50 0.00
3987 1994 196 22900.00 18.30 28.40 2.04 3.30 0.40
3987 1994 197 20510.00 16.70 27.10 1.77 1.60 0.00
3987 1994 198 19460.00 15.80 25.90 1.81 2.80 7.20
3987 1994 199 21050.00 13.70 24.20 1.45 3.30 0.00
3987 1994 200 23230.00 14.10 24.50 1.32 4.70 0.00
3987 1994 201 28940.00 12.20 26.30 1.08 3.60 0.00
3987 1994 202 28610.00 14.00 28.80 1.19 2.60 0.00
3987 1994 203 26710.00 16.90 31.70 1.26 3.50 0.00
3987 1994 204 27190.00 17.20 32.90 1.16 4.20 0.00
3987 1994 205 26930.00 18.00 32.70 1.26 4.40 0.00
3987 1994 206 25130.00 18.70 34.00 1.29 3.80 0.00
3987 1994 207 19120.00 19.60 31.10 1.77 3.40 0.00
3987 1994 208 24300.00 18.90 32.90 1.92 2.10 0.00
3987 1994 209 23380.00 20.40 34.60 1.75 3.60 0.00
3987 1994 210 23880.00 20.40 32.60 1.86 3.50 0.00
3987 1994 211 21250.00 19.80 35.00 1.76 2.80 0.00
3987 1994 212 21690.00 19.50 36.70 1.61 1.90 0.00
3987 1994 213 24650.00 21.00 37.50 1.66 3.30 1.70
3987 1994 214 13380.00 19.60 27.30 2.03 3.40 2.50
3987 1994 215 24180.00 16.30 29.20 1.43 2.30 0.00
3987 1994 216 24690.00 16.90 31.50 1.47 3.10 0.00
3987 1994 217 25220.00 17.70 35.30 1.27 3.80 1.40
3987 1994 218 16680.00 19.00 28.50 2.00 3.80 0.00
3987 1994 219 21270.00 15.00 26.60 1.45 2.60 0.00
3987 1994 220 22030.00 15.60 26.70 1.36 2.00 0.00
3987 1994 221 21780.00 16.30 28.20 1.43 2.60 0.00
3987 1994 222 19150.00 15.60 29.30 1.41 3.20 0.10
3987 1994 223 2460.00 17.00 23.20 1.95 3.00 45.10
3987 1994 224 13520.00 16.60 23.10 1.87 3.00 1.40
3987 1994 225 5760.00 12.60 17.00 1.43 7.40 3.40
3987 1994 226 12940.00 10.60 16.20 1.14 7.80 0.20
3987 1994 227 7030.00 11.10 17.50 1.24 7.50 0.00
3987 1994 228 20450.00 8.60 19.80 1.08 2.80 0.00
3987 1994 229 18080.00 9.20 25.30 1.38 3.70 7.90
3987 1994 230 9750.00 12.20 16.90 1.38 5.50 31.00
3987 1994 231 5020.00 11.30 18.10 1.47 7.40 0.50
3987 1994 232 17170.00 13.10 21.10 1.35 5.90 0.00
3987 1994 233 13420.00 13.10 20.80 1.40 2.30 0.00
3987 1994 234 20880.00 10.60 23.90 1.32 1.80 0.00
3987 1994 235 20990.00 12.00 25.30 1.37 4.20 5.20
3987 1994 236 8850.00 14.20 20.80 1.74 2.70 1.00
3987 1994 237 6090.00 13.20 19.40 1.73 2.00 15.20
3987 1994 238 15340.00 13.80 22.10 1.61 3.20 0.00
3987 1994 239 13100.00 13.90 23.40 1.69 3.60 7.10
3987 1994 240 11530.00 11.60 19.70 1.51 5.20 0.40
3987 1994 241 14170.00 9.10 18.90 1.20 5.70 0.10
3987 1994 242 15390.00 10.50 18.80 1.21 2.90 0.00
3987 1994 243 19400.00 10.60 22.30 1.29 3.70 0.90
3987 1994 244 3790.00 13.70 18.90 1.70 3.80 0.20
3987 1994 245 9630.00 12.80 21.30 1.65 2.40 0.50
3987 1994 246 14160.00 12.10 19.30 1.40 4.30 0.00
3987 1994 247 13640.00 14.70 21.20 1.45 4.40 0.00
3987 1994 248 5700.00 14.00 17.60 1.60 4.30 4.00
3987 1994 249 14200.00 10.00 18.60 1.22 3.90 10.50
3987 1994 250 3090.00 10.90 14.10 1.39 2.70 2.00
3987 1994 251 2560.00 12.40 15.50 1.63 2.00 17.60
3987 1994 252 15350.00 12.50 17.30 1.22 6.50 0.10
3987 1994 253 7880.00 9.60 16.30 1.22 5.40 7.40
3987 1994 254 14270.00 9.00 17.50 1.20 5.30 0.00
3987 1994 255 7210.00 10.60 18.90 1.65 4.60 2.10
3987 1994 256 16220.00 13.40 20.40 1.30 3.90 0.00
3987 1994 257 12130.00 10.70 21.00 1.57 4.80 8.60
3987 1994 258 8150.00 11.40 17.80 1.29 6.40 8.00
3987 1994 259 6920.00 10.70 13.10 1.13 8.50 0.10
3987 1994 260 5140.00 9.70 13.20 1.09 6.50 1.60
3987 1994 261 3980.00 9.20 13.80 1.27 3.40 3.50
3987 1994 262 4020.00 9.40 12.80 1.24 2.70 0.10
3987 1994 263 11330.00 6.20 16.70 1.14 3.40 0.00
3987 1994 264 10740.00 9.90 17.90 1.26 3.30 0.00
3987 1994 265 7190.00 8.90 14.90 1.21 3.10 0.00
3987 1994 266 13230.00 8.20 18.50 1.24 2.50 0.00
3987 1994 267 12393.15 9.20 20.50 1.45 4.20 0.00
3987 1994 268 9150.00 11.70 18.10 1.54 2.50 0.00
3987 1994 269 10910.00 10.70 21.20 1.51 3.10 0.10
3987 1994 270 6680.00 11.00 18.30 1.31 4.70 0.20
3987 1994 271 13840.00 8.10 15.50 0.97 4.80 0.00
3987 1994 272 3910.00 7.70 15.00 1.23 5.80 0.00
3987 1994 273 4980.00 10.00 15.40 1.19 2.90 0.00
3987 1994 274 5600.00 6.60 14.40 1.00 4.20 0.00
3987 1994 275 2330.00 6.20 11.30 1.16 2.10 0.00
3987 1994 276 2780.00 6.90 14.10 1.21 5.20 9.00
3987 1994 277 10920.00 2.10 10.20 0.73 5.50 0.00
3987 1994 278 6210.00 1.60 9.70 0.71 5.00 0.60
3987 1994 279 13020.00 0.10 11.40 0.63 3.40 0.00
3987 1994 280 11420.00 0.70 11.70 0.61 3.10 0.00
3987 1994 281 3370.00 4.40 8.50 0.78 2.10 0.00
3987 1994 282 10020.00 0.40 11.00 0.73 2.60 0.00
3987 1994 283 9710.00 2.40 10.10 0.79 2.60 0.00
3987 1994 284 11140.00 2.00 13.10 0.83 2.60 0.00
3987 1994 285 10010.00 3.30 14.90 0.94 3.50 0.00
3987 1994 286 2520.00 6.00 10.70 1.07 4.20 0.00
3987 1994 287 7360.00 8.00 14.40 1.13 2.60 0.00
3987 1994 288 10200.00 5.50 17.60 1.13 3.80 0.10
3987 1994 289 5980.00 4.80 11.50 0.89 3.90 0.00
3987 1994 290 11020.00 -0.20 9.30 0.43 3.00 0.00
3987 1994 291 10440.00 -1.90 8.30 0.41 2.90 0.00
3987 1994 292 8230.00 -1.50 9.00 0.46 6.00 0.00
3987 1994 293 8470.00 1.00 9.10 0.49 7.10 0.00
3987 1994 294 9040.00 1.20 12.20 0.65 6.70 0.00
3987 1994 295 7070.00 3.50 13.80 0.79 5.30 0.00
3987 1994 296 3800.00 6.80 13.00 0.97 5.20 1.90
3987 1994 297 8390.00 6.40 15.30 1.01 4.30 0.00
3987 1994 298 6920.00 4.60 14.00 0.98 4.00 0.70
3987 1994 299 6490.00 5.70 12.20 0.89 5.00 0.50
3987 1994 300 4370.00 5.80 12.40 0.83 5.60 0.20
3987 1994 301 4750.00 4.50 11.40 0.87 4.10 0.00
3987 1994 302 7630.00 1.90 11.30 0.80 4.80 5.80
3987 1994 303 1250.00 6.60 12.90 1.28 5.90 12.10
3987 1994 304 2130.00 12.40 15.80 1.39 7.00 2.70
3987 1994 305 5400.00 8.90 13.50 0.85 8.30 0.20
3987 1994 306 7350.00 4.60 11.90 0.80 4.20 0.00
3987 1994 307 7600.00 0.40 11.00 0.68 5.70 0.00
3987 1994 308 6480.00 3.30 10.90 0.74 6.50 0.00
3987 1994 309 5730.00 4.40 14.20 0.95 5.40 0.00
3987 1994 310 5520.00 5.30 14.40 1.07 3.70 0.30
3987 1994 311 850.00 6.80 10.60 1.01 1.20 0.40
3987 1994 312 1140.00 5.60 8.30 0.91 1.40 0.30
3987 1994 313 2560.00 3.20 7.30 0.84 2.00 0.00
3987 1994 314 2050.00 1.80 7.40 0.83 5.00 0.00
3987 1994 315 1660.00 2.90 6.40 0.55 5.70 0.00
3987 1994 316 3430.00 -1.50 3.10 0.43 4.90 0.00
3987 1994 317 2880.00 -2.20 1.40 0.45 4.00 3.30
3987 1994 318 1530.00 0.30 12.00 1.14 6.50 8.80
3987 1994 319 3210.00 8.90 13.20 1.09 7.90 2.00
3987 1994 320 2130.00 6.30 9.90 0.90 8.00 0.60
3987 1994 321 2130.00 4.50 7.80 0.85 5.70 9.30
3987 1994 322 3410.00 3.50 7.10 0.77 4.70 0.00
3987 1994 323 3340.00 4.30 7.10 0.72 3.10 3.10
3987 1994 324 1070.00 6.00 13.70 1.34 5.20 0.40
3987 1994 325 2850.00 5.40 13.40 0.92 6.30 0.00
3987 1994 326 1440.00 2.60 6.90 0.81 2.50 0.00
3987 1994 327 1860.00 -0.40 3.00 0.67 1.90 0.00
3987 1994 328 310.00 3.00 10.20 1.07 7.30 1.40
3987 1994 329 2470.00 1.90 7.90 0.74 6.50 1.50
3987 1994 330 830.00 2.30 7.80 1.01 3.10 2.00
3987 1994 331 1380.00 5.80 8.20 0.99 3.60 0.20
3987 1994 332 3630.00 5.70 9.40 0.94 5.80 0.00
3987 1994 333 1240.00 5.10 8.70 0.97 6.40 0.10
3987 1994 334 1310.00 5.00 7.50 0.89 2.90 0.20
3987 1994 335 4420.00 -1.40 5.00 0.57 4.00 0.00
3987 1994 336 4300.00 -3.00 1.70 0.48 4.80 0.00
3987 1994 337 3180.00 -3.10 6.80 0.68 4.50 0.40
3987 1994 338 3490.00 4.20 10.10 0.94 4.90 0.40
3987 1994 339 1840.00 5.00 11.50 0.93 5.90 1.30
3987 1994 340 2550.00 3.80 7.90 0.76 7.30 0.00
3987 1994 341 3860.00 -0.20 6.30 0.63 5.10 1.10
3987 1994 342 3120.00 1.90 8.20 0.75 5.90 4.70
3987 1994 343 2114.65 2.20 8.20 0.83 6.90 3.50
3987 1994 344 1810.00 -0.60 4.50 0.68 4.80 5.40
3987 1994 345 620.00 4.50 12.80 1.23 9.60 0.00
3987 1994 346 490.00 10.50 12.70 1.19 10.00 9.90
3987 1994 347 2050.00 6.10 11.00 0.88 7.80 0.80
3987 1994 348 2170.00 -0.10 6.30 0.56 6.20 0.00
3987 1994 349 3840.00 -2.90 1.60 0.50 3.60 0.00
3987 1994 350 1230.00 -4.20 2.30 0.54 4.90 0.90
3987 1994 351 3450.00 1.00 4.20 0.65 5.80 0.00
3987 1994 352 3340.00 -1.40 2.50 0.52 4.10 0.00
3987 1994 353 990.00 0.10 4.90 0.67 4.40 0.00
3987 1994 354 2360.00 -1.50 2.00 0.61 3.90 0.00
3987 1994 355 790.00 -0.90 2.60 0.65 2.60 0.00
3987 1994 356 1110.00 0.30 3.30 0.63 2.30 0.00
3987 1994 357 2030.00 -1.90 1.30 0.54 1.40 0.00
3987 1994 358 1190.00 -3.10 -1.10 0.43 2.30 0.00
3987 1994 359 450.00 -3.60 -2.60 0.46 2.10 0.00
3987 1994 360 1240.00 -2.90 0.80 0.55 4.20 3.20
3987 1994 361 690.00 0.60 8.20 0.81 7.10 8.80
3987 1994 362 660.00 2.80 11.00 0.95 3.60 3.50
3987 1994 363 780.00 10.90 12.00 1.10 7.20 2.80
3987 1994 364 1970.00 5.00 11.40 0.79 6.60 2.30
3987 1994 365 1310.00 3.10 6.80 0.66 6.90 2.20
