*---------------------------------------------------------------------------*
* Station name: Potsdam Saekularstation
* Year: 1980
* Author: Pedro Alencar                                   -999.000: NIL VALUE
* Source: DWD
* Comments: Gaps filled with interpolation and storical means
* Longitude: 13.0622, latitude: 52.3812, altitude: 82.0 m.
*
    * Column  Daily value
    * 1       station number
    * 2       year
    * 3       day
    * 4       irradiation                   (kJ m-2 d-1)
    * 5       minimum temperature           (degrees Celsius
    * 6       maximum temperature           (degrees Celsius)
    * 7       early morning vapour pressure (kPa)
    * 8       mean wind speed (height: 2 m) (m s-1)
    * 9       precipitation                 (mm d-1)
    *
** WCCDESCRIPTION=Potsdam, Germany
** WCCFORMAT=2
** WCCYEARNR=1980
*---------------------------------------------------------------------------*
   13.0622 52.3812 82.0 -0.18 -0.55
3987 1980 1 1470.00 -0.80 1.40 0.57 4.70 3.50
3987 1980 2 1420.00 -1.70 0.00 0.52 5.70 2.50
3987 1980 3 3250.00 -5.00 -1.10 0.40 5.60 0.00
3987 1980 4 3130.00 -10.60 -4.60 0.31 3.80 2.20
3987 1980 5 840.00 -7.10 -1.10 0.48 2.40 0.00
3987 1980 6 1480.00 -1.20 1.00 0.60 3.50 1.60
3987 1980 7 900.00 -2.30 0.40 0.53 3.40 0.80
3987 1980 8 1130.00 -5.40 -2.00 0.40 1.10 0.00
3987 1980 9 850.00 -5.50 -3.50 0.39 2.90 0.20
3987 1980 10 820.00 -7.20 -3.20 0.37 2.30 0.30
3987 1980 11 1950.00 -10.30 -6.30 0.26 1.80 0.00
3987 1980 12 3550.00 -13.40 -7.50 0.22 2.60 0.00
3987 1980 13 2750.00 -12.60 -6.20 0.28 2.10 0.00
3987 1980 14 3600.00 -12.60 -3.70 0.26 3.70 0.00
3987 1980 15 3170.00 -12.40 -4.90 0.26 3.30 0.00
3987 1980 16 1920.00 -7.60 -0.10 0.42 1.00 0.00
3987 1980 17 1530.00 -9.30 -4.00 0.35 0.80 0.30
3987 1980 18 1450.00 -8.20 -5.80 0.32 1.50 0.00
3987 1980 19 1040.00 -9.60 -2.40 0.38 2.00 0.00
3987 1980 20 3650.00 -9.00 -2.20 0.36 3.30 0.00
3987 1980 21 3980.00 -9.10 -1.30 0.39 5.00 1.60
3987 1980 22 2670.00 -4.00 3.40 0.58 7.30 0.60
3987 1980 23 2060.00 -1.40 3.70 0.63 5.10 0.40
3987 1980 24 1990.00 -2.10 1.60 0.59 1.30 0.00
3987 1980 25 920.00 -1.60 1.20 0.60 1.80 0.60
3987 1980 26 2490.00 -5.50 0.70 0.37 5.10 0.90
3987 1980 27 4400.00 -7.70 -0.90 0.37 6.20 0.20
3987 1980 28 4300.00 -12.40 -2.10 0.28 4.60 0.00
3987 1980 29 4940.00 -8.90 0.40 0.38 3.10 1.10
3987 1980 30 1040.00 -2.40 5.20 0.65 7.50 0.10
3987 1980 31 610.00 2.70 6.30 0.77 6.80 3.20
3987 1980 32 740.00 -2.30 7.20 0.60 9.20 1.50
3987 1980 33 4240.00 -4.60 2.40 0.54 6.30 5.70
3987 1980 34 360.00 -0.10 3.50 0.65 7.10 12.10
3987 1980 35 1320.00 -1.10 0.00 0.56 4.80 3.10
3987 1980 36 1180.00 -2.70 0.20 0.55 5.90 9.90
3987 1980 37 1250.00 -2.10 -0.40 0.54 3.30 0.20
3987 1980 38 2270.00 -0.90 0.90 0.62 5.10 0.30
3987 1980 39 2510.00 0.50 4.90 0.72 4.70 0.80
3987 1980 40 3440.00 1.70 6.20 0.76 4.50 0.00
3987 1980 41 3110.00 1.60 9.10 0.77 5.10 0.00
3987 1980 42 2600.00 2.70 7.10 0.76 6.30 2.30
3987 1980 43 1040.00 3.00 4.70 0.75 4.80 1.30
3987 1980 44 2340.00 -1.70 3.00 0.51 2.30 0.00
3987 1980 45 2850.00 -2.20 2.20 0.55 1.30 0.00
3987 1980 46 5930.00 -3.20 6.80 0.58 3.80 0.00
3987 1980 47 1470.00 0.00 5.30 0.71 4.00 0.90
3987 1980 48 1440.00 -0.30 4.30 0.61 2.90 0.10
3987 1980 49 2910.00 -0.80 1.40 0.46 1.90 0.00
3987 1980 50 6320.00 -3.00 4.30 0.51 5.00 0.00
3987 1980 51 8740.00 -2.50 8.40 0.52 6.20 0.00
3987 1980 52 8790.00 -2.60 8.30 0.52 6.20 0.00
3987 1980 53 6750.00 -3.20 3.40 0.49 7.00 0.00
3987 1980 54 7880.00 -3.40 5.30 0.51 6.90 0.00
3987 1980 55 7380.00 -1.90 6.00 0.53 6.80 0.00
3987 1980 56 7180.00 -2.90 4.30 0.50 3.80 0.00
3987 1980 57 3870.00 -5.70 0.40 0.46 1.00 0.00
3987 1980 58 2060.00 -4.40 -1.50 0.45 0.80 0.10
3987 1980 59 4000.00 -3.50 -0.50 0.45 1.90 2.00
3987 1980 60 7610.00 -1.20 5.80 0.63 7.10 0.70
3987 1980 61 5170.00 0.20 8.20 0.73 11.20 0.30
3987 1980 62 2160.00 0.50 5.40 0.61 9.70 4.50
3987 1980 63 10680.00 -4.10 2.50 0.41 8.20 1.80
3987 1980 64 9650.00 -6.40 1.40 0.44 4.30 1.90
3987 1980 65 5770.00 -6.60 -1.00 0.43 3.20 0.00
3987 1980 66 7550.00 -5.60 6.50 0.51 6.30 1.50
3987 1980 67 2140.00 1.80 6.60 0.69 5.50 0.70
3987 1980 68 7260.00 0.70 9.60 0.74 1.50 2.70
3987 1980 69 1460.00 0.80 6.70 0.66 3.30 1.20
3987 1980 70 3600.00 -0.20 2.90 0.55 1.80 0.10
3987 1980 71 5300.00 -0.20 3.60 0.54 1.20 0.00
3987 1980 72 6270.00 0.10 5.40 0.56 2.80 0.00
3987 1980 73 10350.00 -1.30 8.30 0.56 6.70 0.00
3987 1980 74 5960.00 1.30 7.00 0.59 7.30 0.00
3987 1980 75 12460.00 -1.20 9.00 0.54 8.00 0.00
3987 1980 76 8450.00 -0.90 8.20 0.55 7.30 0.00
3987 1980 77 6900.00 -0.10 7.30 0.52 5.50 0.00
3987 1980 78 10910.00 0.10 6.90 0.37 7.80 0.00
3987 1980 79 9440.00 -2.70 3.10 0.35 9.00 0.00
3987 1980 80 13700.00 -6.40 2.50 0.29 8.00 0.00
3987 1980 81 14890.00 -6.30 3.90 0.27 8.50 0.00
3987 1980 82 13300.00 -4.70 5.50 0.33 6.90 0.00
3987 1980 83 13890.00 -2.80 7.40 0.42 6.60 0.00
3987 1980 84 10260.00 -1.70 4.30 0.46 6.20 0.00
3987 1980 85 6530.00 -0.80 4.80 0.48 5.60 0.00
3987 1980 86 6800.00 -1.80 8.40 0.56 4.10 0.00
3987 1980 87 7920.00 -0.80 13.60 0.76 4.20 0.10
3987 1980 88 7010.00 8.60 16.70 1.22 4.90 4.00
3987 1980 89 10960.00 6.70 14.70 0.95 7.50 1.90
3987 1980 90 4490.00 4.40 7.50 0.75 8.60 0.70
3987 1980 91 12900.00 1.40 10.60 0.63 5.40 0.00
3987 1980 92 13380.00 0.10 14.90 0.79 4.30 4.70
3987 1980 93 2310.00 3.20 9.90 0.93 9.30 26.70
3987 1980 94 3170.00 0.10 4.80 0.62 8.10 3.30
3987 1980 95 7370.00 1.00 5.50 0.55 5.00 0.00
3987 1980 96 13460.00 0.30 9.40 0.54 5.20 0.00
3987 1980 97 18870.00 -1.00 10.80 0.51 3.10 0.00
3987 1980 98 16050.00 -1.00 12.50 0.57 2.50 0.40
3987 1980 99 12320.00 2.00 9.10 0.67 6.10 2.10
3987 1980 100 7610.00 0.80 6.20 0.64 5.90 8.10
3987 1980 101 8000.00 -1.10 6.20 0.63 4.30 0.00
3987 1980 102 8350.00 4.00 11.80 0.73 5.40 0.00
3987 1980 103 12950.00 2.20 12.90 0.65 2.40 0.00
3987 1980 104 19030.00 1.90 16.40 0.63 4.20 0.00
3987 1980 105 20610.00 2.80 19.70 0.62 4.60 0.00
3987 1980 106 20390.00 5.60 21.00 0.67 5.00 0.00
3987 1980 107 21970.00 7.00 21.50 0.65 4.80 0.00
3987 1980 108 21380.00 5.30 22.10 0.64 3.50 0.00
3987 1980 109 7900.00 4.60 17.20 0.73 8.30 1.30
3987 1980 110 12370.00 0.40 8.20 0.68 14.40 1.00
3987 1980 111 13340.00 0.10 7.30 0.53 7.30 0.00
3987 1980 112 19680.00 0.80 10.30 0.62 2.70 0.40
3987 1980 113 12910.00 0.00 10.80 0.60 4.80 0.50
3987 1980 114 3750.00 2.30 8.60 0.63 9.50 14.50
3987 1980 115 1540.00 3.90 8.40 0.79 5.30 20.60
3987 1980 116 5640.00 0.60 6.20 0.74 1.90 1.60
3987 1980 117 10890.00 2.70 11.20 0.87 2.30 14.50
3987 1980 118 3750.00 4.50 7.50 0.85 2.00 1.50
3987 1980 119 5310.00 4.70 9.90 0.88 3.70 0.00
3987 1980 120 17940.00 3.80 15.40 0.84 2.90 0.00
3987 1980 121 20210.00 5.00 18.30 0.82 4.80 0.00
3987 1980 122 19810.00 6.90 19.10 0.90 5.80 0.00
3987 1980 123 12120.00 4.60 12.50 0.69 4.90 0.00
3987 1980 124 24570.00 -0.20 12.40 0.52 4.80 0.00
3987 1980 125 19930.00 1.20 11.40 0.46 5.00 0.00
3987 1980 126 21940.00 -1.70 13.40 0.54 3.20 0.00
3987 1980 127 26380.00 2.90 17.40 0.59 4.50 0.00
3987 1980 128 16570.00 6.10 20.60 0.96 4.80 0.80
3987 1980 129 17390.00 6.80 17.50 1.00 3.80 5.40
3987 1980 130 21830.00 5.20 14.90 0.73 5.50 0.00
3987 1980 131 28280.00 1.70 17.20 0.60 3.80 0.00
3987 1980 132 27160.00 3.90 19.40 0.68 3.80 0.00
3987 1980 133 27260.00 5.60 17.40 0.55 5.80 0.00
3987 1980 134 28630.00 3.00 18.00 0.52 6.10 0.00
3987 1980 135 27660.00 3.60 15.10 0.51 5.70 0.00
3987 1980 136 22190.00 2.80 15.20 0.53 2.80 0.00
3987 1980 137 23970.00 3.70 18.90 0.58 2.30 0.00
3987 1980 138 17100.00 6.30 18.90 0.87 2.80 0.00
3987 1980 139 23320.00 6.00 22.20 0.91 4.20 0.00
3987 1980 140 19810.00 8.50 23.20 1.09 2.60 1.70
3987 1980 141 23690.00 9.00 20.60 1.10 3.80 0.00
3987 1980 142 23300.00 6.90 19.40 0.77 5.40 0.00
3987 1980 143 24000.00 2.30 13.10 0.52 4.10 0.00
3987 1980 144 26650.00 1.80 16.10 0.53 3.30 0.00
3987 1980 145 17050.00 8.70 18.10 0.87 4.00 0.00
3987 1980 146 10330.00 6.80 15.40 0.97 4.70 0.50
3987 1980 147 17420.00 7.30 18.20 1.00 3.80 0.00
3987 1980 148 24810.00 7.60 25.10 0.96 3.70 0.00
3987 1980 149 20380.00 11.10 25.70 1.23 2.80 11.20
3987 1980 150 12570.00 13.20 19.40 1.49 2.70 0.10
3987 1980 151 11060.00 10.30 18.30 1.32 5.40 0.00
3987 1980 152 26540.00 7.20 17.50 0.89 3.80 0.00
3987 1980 153 28990.00 7.40 19.70 0.85 5.30 0.00
3987 1980 154 17670.00 7.60 17.90 0.84 12.60 2.80
3987 1980 155 5230.00 7.90 16.80 1.08 7.60 2.40
3987 1980 156 18050.00 11.40 23.40 1.46 3.80 0.00
3987 1980 157 21800.00 12.60 27.20 1.56 3.90 0.30
3987 1980 158 24340.00 9.80 25.00 1.18 3.60 0.00
3987 1980 159 25600.00 10.40 25.90 1.27 3.00 0.00
3987 1980 160 21640.00 13.40 25.60 1.50 3.00 0.00
3987 1980 161 19980.00 15.40 27.90 1.68 4.00 1.20
3987 1980 162 18240.00 15.30 27.80 1.55 4.50 0.00
3987 1980 163 12930.00 14.50 25.60 1.74 4.00 61.30
3987 1980 164 22400.00 14.60 23.40 1.58 4.90 0.00
3987 1980 165 22780.00 13.40 25.20 1.63 3.00 0.00
3987 1980 166 23360.00 15.40 30.70 1.78 5.00 7.80
3987 1980 167 7540.00 15.40 25.50 1.68 4.80 5.60
3987 1980 168 23780.00 12.40 24.20 1.47 4.10 0.00
3987 1980 169 14440.00 14.40 22.90 1.59 2.40 13.10
3987 1980 170 4940.00 12.40 16.10 1.43 3.10 20.20
3987 1980 171 16700.00 11.10 21.20 1.33 4.50 7.90
3987 1980 172 17450.00 11.00 19.20 1.20 6.10 0.80
3987 1980 173 17770.00 9.80 17.90 1.08 4.20 0.00
3987 1980 174 13730.00 9.70 18.30 1.12 2.20 0.00
3987 1980 175 20360.00 8.00 19.90 1.12 4.30 0.00
3987 1980 176 17980.00 9.80 20.40 1.14 4.90 0.00
3987 1980 177 11070.00 9.90 18.50 1.21 4.20 3.30
3987 1980 178 22110.00 8.90 20.10 1.17 3.60 2.60
3987 1980 179 19180.00 10.80 18.90 1.16 4.50 0.30
3987 1980 180 17290.00 9.60 16.80 1.03 6.10 1.00
3987 1980 181 10390.00 9.00 15.00 1.18 3.10 5.40
3987 1980 182 6050.00 10.70 13.00 1.25 7.60 3.70
3987 1980 183 14490.00 8.40 19.80 1.35 3.50 5.90
3987 1980 184 8980.00 11.20 17.60 1.37 2.50 8.60
3987 1980 185 16390.00 12.40 20.70 1.46 4.60 4.00
3987 1980 186 16670.00 12.40 20.60 1.41 5.90 0.00
3987 1980 187 13720.00 10.90 20.40 1.45 2.50 0.00
3987 1980 188 20980.00 11.50 20.10 1.30 3.80 0.00
3987 1980 189 14550.00 10.90 20.80 1.44 3.80 5.00
3987 1980 190 9230.00 11.00 20.70 1.57 3.50 1.20
3987 1980 191 18750.00 11.30 21.80 1.46 4.20 1.50
3987 1980 192 10740.00 13.80 19.70 1.61 3.50 5.80
3987 1980 193 12400.00 13.80 21.20 1.66 4.50 16.00
3987 1980 194 14350.00 11.50 18.60 1.29 3.70 1.30
3987 1980 195 14840.00 10.10 16.00 1.26 4.80 0.70
3987 1980 196 17880.00 8.40 18.90 1.35 3.30 3.40
3987 1980 197 14100.00 12.00 21.20 1.64 3.30 2.60
3987 1980 198 14750.00 11.70 17.40 1.28 7.80 0.00
3987 1980 199 10370.00 11.00 15.70 1.22 7.60 0.20
3987 1980 200 8140.00 9.90 16.30 1.35 6.00 5.20
3987 1980 201 5830.00 11.90 16.50 1.59 4.90 3.10
3987 1980 202 13340.00 14.20 21.90 1.73 4.90 2.90
3987 1980 203 7350.00 14.00 16.50 1.51 6.10 13.40
3987 1980 204 13610.00 11.00 19.50 1.31 7.50 0.00
3987 1980 205 28130.00 8.90 23.30 1.25 1.90 0.00
3987 1980 206 26710.00 11.50 26.30 1.41 2.30 0.00
3987 1980 207 26240.00 14.30 26.60 1.45 2.40 0.00
3987 1980 208 25260.00 13.70 27.50 1.69 3.70 0.00
3987 1980 209 14610.00 17.00 26.20 2.14 2.30 5.00
3987 1980 210 10870.00 17.20 25.10 2.07 3.00 0.00
3987 1980 211 13500.00 16.60 25.10 1.96 3.80 0.00
3987 1980 212 10180.00 16.90 23.50 2.01 3.50 1.40
3987 1980 213 4780.00 15.40 20.30 1.66 3.70 0.80
3987 1980 214 20160.00 13.00 24.60 1.53 2.30 0.00
3987 1980 215 21770.00 14.10 27.90 1.73 4.00 0.00
3987 1980 216 17790.00 16.40 32.20 2.09 4.20 0.00
3987 1980 217 22850.00 17.50 27.50 1.77 4.70 0.00
3987 1980 218 14420.00 15.60 25.40 1.69 5.90 1.50
3987 1980 219 15230.00 14.40 21.30 1.41 8.50 0.00
3987 1980 220 12280.00 15.60 25.10 1.60 4.90 0.00
3987 1980 221 11400.00 16.10 24.20 1.84 2.80 6.60
3987 1980 222 14540.00 13.20 21.30 1.27 6.00 0.00
3987 1980 223 18540.00 9.40 20.20 1.11 2.80 0.00
3987 1980 224 21760.00 10.10 23.60 1.22 2.60 0.00
3987 1980 225 4790.00 13.70 19.20 1.52 4.40 9.30
3987 1980 226 3160.00 12.00 16.30 1.38 5.90 1.10
3987 1980 227 19170.00 12.60 23.50 1.47 1.50 0.00
3987 1980 228 15300.00 13.80 23.70 1.67 4.70 0.00
3987 1980 229 21360.00 14.50 27.70 1.66 4.30 0.00
3987 1980 230 22780.00 14.40 26.40 1.44 3.80 0.00
3987 1980 231 21870.00 11.40 24.40 1.33 3.30 0.10
3987 1980 232 4980.00 13.70 19.30 1.46 2.80 7.40
3987 1980 233 5460.00 13.90 16.40 1.56 6.40 3.30
3987 1980 234 9990.00 14.40 21.90 1.36 12.00 9.60
3987 1980 235 13710.00 10.80 16.30 1.00 12.80 1.40
3987 1980 236 8150.00 11.20 15.10 1.08 10.00 0.10
3987 1980 237 16030.00 9.30 15.20 0.95 8.00 0.20
3987 1980 238 6560.00 8.90 14.50 1.04 6.70 1.00
3987 1980 239 21830.00 6.50 19.70 1.03 2.30 0.00
3987 1980 240 21400.00 8.40 22.60 1.18 4.40 0.00
3987 1980 241 16720.00 10.10 26.30 1.54 3.00 0.00
3987 1980 242 10270.00 14.60 21.30 1.70 4.20 1.50
3987 1980 243 13230.00 16.10 22.60 1.67 5.40 1.90
3987 1980 244 9050.00 12.40 19.40 1.50 2.60 2.20
3987 1980 245 15680.00 11.80 17.60 1.16 4.90 0.00
3987 1980 246 20250.00 6.40 20.30 0.93 2.30 0.00
3987 1980 247 18790.00 7.20 22.10 0.98 3.60 0.00
3987 1980 248 17290.00 9.50 24.60 1.39 3.80 0.00
3987 1980 249 11060.00 12.80 25.30 1.66 3.40 1.70
3987 1980 250 10270.00 14.30 20.50 1.57 4.50 1.00
3987 1980 251 12130.00 10.90 21.70 1.35 2.50 0.00
3987 1980 252 16920.00 10.30 23.40 1.35 5.40 0.00
3987 1980 253 4990.00 11.50 17.60 1.31 6.10 0.40
3987 1980 254 14360.00 8.70 18.30 1.11 5.40 5.40
3987 1980 255 5850.00 11.60 16.40 1.32 10.30 3.90
3987 1980 256 8880.00 8.90 19.60 1.34 6.40 0.00
3987 1980 257 11280.00 10.00 17.40 1.27 8.10 4.90
3987 1980 258 6370.00 10.30 16.30 1.25 9.00 8.40
3987 1980 259 12610.00 10.70 17.10 1.15 6.70 0.00
3987 1980 260 16060.00 7.00 18.80 1.11 2.10 0.00
3987 1980 261 7280.00 8.20 18.10 1.26 5.20 4.50
3987 1980 262 12770.00 9.10 19.10 1.27 3.30 0.00
3987 1980 263 14010.00 8.40 21.30 1.23 5.00 0.00
3987 1980 264 14540.00 9.10 22.60 1.42 4.50 0.00
3987 1980 265 12710.00 10.10 23.30 1.52 2.70 0.00
3987 1980 266 9950.00 9.80 22.20 1.56 2.60 0.00
3987 1980 267 7514.99 12.70 19.10 1.60 2.60 0.00
3987 1980 268 4910.00 12.90 18.50 1.69 0.50 0.30
3987 1980 269 2930.00 13.50 16.70 1.52 2.60 0.50
3987 1980 270 13340.00 8.30 17.50 1.10 2.00 0.00
3987 1980 271 11290.00 7.70 17.30 1.08 1.40 0.00
3987 1980 272 14300.00 6.60 18.10 1.00 2.40 0.00
3987 1980 273 5460.00 7.30 16.10 1.15 2.90 0.30
3987 1980 274 6580.00 12.00 17.30 1.22 6.70 1.00
3987 1980 275 11890.00 7.80 16.40 0.96 6.50 0.80
3987 1980 276 9190.00 9.50 16.00 1.01 9.70 0.00
3987 1980 277 9760.00 8.60 14.70 0.90 5.20 0.00
3987 1980 278 11490.00 3.80 15.60 0.90 3.20 0.20
3987 1980 279 7090.00 7.50 13.30 0.95 7.40 0.00
3987 1980 280 2940.00 7.20 12.30 0.95 5.30 0.10
3987 1980 281 1870.00 9.60 14.90 1.15 8.40 6.80
3987 1980 282 4970.00 7.30 11.90 0.87 6.80 0.00
3987 1980 283 6710.00 3.60 12.20 0.83 4.60 0.40
3987 1980 284 9440.00 2.80 12.30 0.81 4.00 0.00
3987 1980 285 8020.00 1.80 12.30 0.82 2.50 0.00
3987 1980 286 7720.00 5.10 13.00 0.92 2.30 0.00
3987 1980 287 830.00 7.40 9.20 0.99 5.80 22.00
3987 1980 288 870.00 7.20 8.30 1.00 7.50 2.10
3987 1980 289 8400.00 4.00 11.90 0.89 5.10 0.00
3987 1980 290 6140.00 2.60 12.10 0.89 4.60 0.00
3987 1980 291 7550.00 8.40 18.60 1.27 6.30 0.30
3987 1980 292 3470.00 8.20 13.60 1.14 4.70 0.80
3987 1980 293 9550.00 4.30 11.50 0.75 6.40 1.30
3987 1980 294 8470.00 2.40 9.70 0.76 6.50 0.20
3987 1980 295 3410.00 1.10 8.30 0.81 4.90 2.10
3987 1980 296 7350.00 4.30 13.40 0.91 5.10 0.00
3987 1980 297 3110.00 5.70 13.20 1.00 5.50 1.70
3987 1980 298 4730.00 7.50 12.80 1.02 6.70 0.00
3987 1980 299 2310.00 7.70 11.30 0.94 6.80 0.30
3987 1980 300 8050.00 1.20 9.50 0.69 3.80 0.40
3987 1980 301 1640.00 4.20 11.40 0.98 6.00 5.60
3987 1980 302 6340.00 11.20 18.60 1.35 7.40 0.00
3987 1980 303 3740.00 9.80 16.10 1.06 10.50 2.10
3987 1980 304 3740.00 6.10 10.10 0.84 9.80 1.30
3987 1980 305 6690.00 3.20 7.20 0.62 4.30 0.00
3987 1980 306 8250.00 -3.10 3.80 0.41 5.70 0.00
3987 1980 307 5770.00 -4.00 0.60 0.36 6.40 0.00
3987 1980 308 2530.00 -3.60 -1.10 0.35 5.40 0.00
3987 1980 309 1930.00 -3.40 -1.20 0.38 3.70 0.30
3987 1980 310 3610.00 -3.10 1.80 0.39 6.80 0.00
3987 1980 311 1770.00 -1.50 1.60 0.49 9.30 5.70
3987 1980 312 1050.00 -1.50 0.90 0.53 3.30 4.20
3987 1980 313 1310.00 -2.20 0.20 0.54 0.60 0.00
3987 1980 314 1350.00 -1.80 0.40 0.57 3.30 0.00
3987 1980 315 4480.00 -1.30 1.20 0.57 3.90 0.00
3987 1980 316 2080.00 -3.90 1.30 0.55 4.80 0.80
3987 1980 317 1620.00 0.70 3.60 0.63 6.50 0.30
3987 1980 318 3270.00 -1.50 5.30 0.62 5.80 0.00
3987 1980 319 2320.00 2.00 7.90 0.68 8.10 3.80
3987 1980 320 1080.00 2.30 6.40 0.77 7.20 11.50
3987 1980 321 1830.00 5.50 14.10 1.23 9.50 3.30
3987 1980 322 2100.00 10.20 13.50 1.12 7.90 0.40
3987 1980 323 2880.00 8.50 13.20 0.85 10.70 1.10
3987 1980 324 4200.00 4.00 8.50 0.67 9.20 0.50
3987 1980 325 1110.00 0.90 8.50 0.84 4.80 0.80
3987 1980 326 2430.00 5.30 13.40 0.96 7.20 0.00
3987 1980 327 1320.00 8.00 13.20 1.02 6.80 1.50
3987 1980 328 950.00 10.20 14.00 1.22 7.80 0.30
3987 1980 329 1170.00 11.20 13.50 1.31 6.90 0.70
3987 1980 330 510.00 7.50 12.40 1.03 6.40 2.10
3987 1980 331 1430.00 0.70 7.50 0.66 6.70 0.00
3987 1980 332 3990.00 -4.10 3.40 0.48 5.60 0.00
3987 1980 333 1390.00 -2.10 1.70 0.52 2.30 2.30
3987 1980 334 590.00 0.00 1.60 0.61 2.50 1.40
3987 1980 335 1310.00 -0.90 1.30 0.50 6.30 0.00
3987 1980 336 3340.00 -3.90 0.80 0.42 2.40 0.00
3987 1980 337 1190.00 -4.90 -3.00 0.41 5.60 3.70
3987 1980 338 810.00 -4.10 0.40 0.50 7.30 6.20
3987 1980 339 1980.00 -8.10 -3.40 0.39 3.80 0.30
3987 1980 340 2480.00 -10.40 -4.50 0.33 4.60 5.00
3987 1980 341 1870.00 -10.90 -4.40 0.33 4.50 1.20
3987 1980 342 3620.00 -12.40 -6.60 0.28 3.60 0.20
3987 1980 343 3527.45 -11.60 -6.00 0.29 4.90 0.00
3987 1980 344 1970.00 -7.60 1.40 0.48 10.10 0.00
3987 1980 345 1860.00 -0.50 2.80 0.43 8.50 2.60
3987 1980 346 410.00 0.50 6.00 0.78 10.30 1.20
3987 1980 347 720.00 5.60 8.10 0.88 7.50 0.20
3987 1980 348 1320.00 4.00 8.40 0.77 8.20 0.20
3987 1980 349 1020.00 6.60 9.40 0.88 8.80 3.90
3987 1980 350 1800.00 4.50 10.70 0.88 8.00 0.50
3987 1980 351 1980.00 3.20 6.20 0.69 8.60 0.00
3987 1980 352 2490.00 0.80 5.10 0.62 5.10 0.00
3987 1980 353 2160.00 -2.40 1.40 0.50 6.10 2.30
3987 1980 354 2210.00 -1.40 1.40 0.58 3.80 0.20
3987 1980 355 820.00 -1.70 1.30 0.59 4.40 0.10
3987 1980 356 2750.00 -2.60 5.10 0.60 5.00 0.30
3987 1980 357 1330.00 -0.30 2.50 0.64 5.80 1.60
3987 1980 358 500.00 -0.80 9.40 0.87 8.50 7.30
3987 1980 359 1010.00 4.10 10.80 0.88 8.00 0.00
3987 1980 360 1230.00 7.40 10.80 0.85 7.40 0.80
3987 1980 361 2370.00 0.40 7.40 0.63 5.80 0.20
3987 1980 362 2230.00 -1.10 2.60 0.61 3.10 0.00
3987 1980 363 1450.00 -1.60 2.40 0.55 4.80 0.20
3987 1980 364 670.00 1.30 5.70 0.70 6.80 0.10
3987 1980 365 1090.00 4.40 7.60 0.83 7.20 0.00
3987 1980 366 700.00 5.00 7.10 0.72 9.80 6.20
