*---------------------------------------------------------------------------*
* Station name: Potsdam Saekularstation
* Year: 1992
* Author: Pedro Alencar                                   -999.000: NIL VALUE
* Source: DWD
* Comments: Gaps filled with interpolation and storical means
* Longitude: 13.0622, latitude: 52.3812, altitude: 82.0 m.
*
    * Column  Daily value
    * 1       station number
    * 2       year
    * 3       day
    * 4       irradiation                   (kJ m-2 d-1)
    * 5       minimum temperature           (degrees Celsius
    * 6       maximum temperature           (degrees Celsius)
    * 7       early morning vapour pressure (kPa)
    * 8       mean wind speed (height: 2 m) (m s-1)
    * 9       precipitation                 (mm d-1)
    *
** WCCDESCRIPTION=Potsdam, Germany
** WCCFORMAT=2
** WCCYEARNR=1992
*---------------------------------------------------------------------------*
   13.0622 52.3812 82.0 -0.18 -0.55
3987 1992 1 710.00 -0.70 5.50 0.65 5.90 0.00
3987 1992 2 890.00 5.20 7.30 0.72 8.50 0.00
3987 1992 3 3450.00 1.70 7.60 0.58 6.90 0.00
3987 1992 4 440.00 2.10 7.00 0.72 7.50 0.60
3987 1992 5 2210.00 2.40 5.50 0.72 4.70 6.30
3987 1992 6 410.00 1.80 8.50 0.86 4.00 6.50
3987 1992 7 2340.00 2.10 8.40 0.77 4.50 0.00
3987 1992 8 1420.00 -1.40 7.20 0.71 5.20 0.70
3987 1992 9 540.00 2.50 10.60 0.88 4.90 1.70
3987 1992 10 3920.00 -3.20 3.10 0.50 2.90 0.00
3987 1992 11 3940.00 -5.60 -0.20 0.46 2.20 0.00
3987 1992 12 580.00 -3.50 2.70 0.64 5.30 0.30
3987 1992 13 890.00 -1.30 0.90 0.60 2.50 0.70
3987 1992 14 330.00 0.20 6.30 0.87 6.10 2.30
3987 1992 15 710.00 4.80 6.40 0.76 7.00 0.00
3987 1992 16 450.00 3.40 6.10 0.71 7.40 3.00
3987 1992 17 3450.00 -1.30 4.90 0.58 6.20 0.00
3987 1992 18 340.00 -1.20 6.00 0.80 6.10 8.60
3987 1992 19 390.00 2.30 6.50 0.78 5.50 19.00
3987 1992 20 2880.00 -8.00 2.30 0.34 5.50 0.00
3987 1992 21 4840.00 -10.00 -2.60 0.30 2.60 0.00
3987 1992 22 4030.00 -10.60 -4.90 0.29 4.20 0.00
3987 1992 23 3880.00 -9.00 -2.00 0.34 4.40 0.00
3987 1992 24 3760.00 -7.80 -0.30 0.40 3.20 0.00
3987 1992 25 1180.00 -7.50 -3.60 0.38 0.10 0.00
3987 1992 26 810.00 -6.00 0.70 0.56 1.50 1.10
3987 1992 27 690.00 0.30 2.30 0.66 0.20 0.20
3987 1992 28 1150.00 -1.30 1.30 0.58 2.10 0.00
3987 1992 29 990.00 -0.20 2.30 0.66 3.30 0.30
3987 1992 30 1970.00 0.50 3.00 0.65 1.90 0.00
3987 1992 31 640.00 -1.20 1.20 0.58 2.40 0.00
3987 1992 32 520.00 -1.50 0.40 0.58 1.40 0.00
3987 1992 33 790.00 -1.40 0.70 0.58 2.70 0.30
3987 1992 34 1910.00 -1.90 5.00 0.61 8.10 2.60
3987 1992 35 3060.00 1.00 4.40 0.62 8.30 0.00
3987 1992 36 1380.00 -0.40 4.60 0.70 6.50 1.60
3987 1992 37 1370.00 2.30 7.80 0.93 4.50 2.90
3987 1992 38 1120.00 6.20 8.30 0.86 5.50 0.00
3987 1992 39 4430.00 1.70 7.70 0.69 4.50 0.00
3987 1992 40 6710.00 -2.40 8.80 0.63 3.90 0.10
3987 1992 41 3480.00 0.60 8.30 0.68 5.10 0.10
3987 1992 42 1290.00 -0.50 6.10 0.82 3.80 3.80
3987 1992 43 3430.00 3.60 9.30 0.90 2.30 0.10
3987 1992 44 1470.00 5.70 10.50 1.03 4.00 3.20
3987 1992 45 3440.00 1.90 7.50 0.74 4.90 5.60
3987 1992 46 1830.00 1.70 8.40 0.82 7.00 2.10
3987 1992 47 1310.00 1.20 5.20 0.62 7.50 4.50
3987 1992 48 3910.00 -4.10 1.30 0.49 3.30 1.10
3987 1992 49 5480.00 -6.70 -0.50 0.41 3.00 0.00
3987 1992 50 2850.00 -2.60 1.80 0.54 5.50 5.10
3987 1992 51 5920.00 -4.20 2.00 0.57 3.40 0.10
3987 1992 52 900.00 0.70 3.80 0.72 4.20 0.60
3987 1992 53 3820.00 2.00 6.10 0.68 4.20 4.50
3987 1992 54 1730.00 2.80 8.90 0.79 8.40 0.60
3987 1992 55 8410.00 0.30 9.00 0.62 3.80 0.00
3987 1992 56 4910.00 0.50 8.10 0.70 1.20 0.00
3987 1992 57 5350.00 -1.30 8.00 0.66 3.50 0.00
3987 1992 58 7950.00 2.70 10.50 0.79 1.90 0.00
3987 1992 59 8910.00 -0.30 14.40 0.75 3.10 0.00
3987 1992 60 9040.00 2.20 15.00 0.86 3.80 0.00
3987 1992 61 10280.00 3.10 16.20 0.76 4.30 0.00
3987 1992 62 5670.00 3.00 13.00 0.69 6.50 1.00
3987 1992 63 4180.00 2.60 8.90 0.78 8.40 1.80
3987 1992 64 11650.00 4.00 12.60 0.74 5.80 0.00
3987 1992 65 10460.00 3.00 14.50 0.80 2.20 0.00
3987 1992 66 4380.00 3.20 11.70 0.92 3.60 6.00
3987 1992 67 2100.00 5.30 7.70 0.89 1.70 0.00
3987 1992 68 10700.00 0.80 11.50 0.61 4.90 0.00
3987 1992 69 11890.00 -0.60 12.60 0.56 3.80 0.00
3987 1992 70 11730.00 -0.40 14.40 0.61 4.30 2.40
3987 1992 71 5780.00 0.80 7.90 0.67 7.30 2.30
3987 1992 72 2810.00 -0.90 7.80 0.80 7.80 10.50
3987 1992 73 1810.00 0.20 8.00 0.68 7.20 6.60
3987 1992 74 8880.00 -1.90 4.50 0.51 7.70 2.60
3987 1992 75 8130.00 -0.60 3.70 0.57 6.90 1.60
3987 1992 76 8650.00 -0.40 6.50 0.48 6.10 0.00
3987 1992 77 4730.00 -1.10 6.60 0.67 2.00 0.00
3987 1992 78 8690.00 3.90 12.70 0.86 2.30 0.00
3987 1992 79 6440.00 1.60 12.40 0.85 3.70 0.50
3987 1992 80 3320.00 3.60 10.00 0.94 3.60 10.50
3987 1992 81 3930.00 4.60 12.50 1.02 5.30 8.80
3987 1992 82 6620.00 3.10 8.20 0.74 5.80 6.10
3987 1992 83 7870.00 2.20 8.90 0.61 3.80 0.00
3987 1992 84 8850.00 -0.40 8.30 0.65 4.00 1.70
3987 1992 85 1140.00 1.70 4.00 0.70 4.10 9.10
3987 1992 86 7110.00 0.90 8.10 0.63 2.80 0.00
3987 1992 87 4960.00 1.70 7.00 0.64 3.00 1.10
3987 1992 88 6710.00 0.10 5.30 0.61 4.90 9.80
3987 1992 89 5910.00 0.00 4.80 0.61 4.00 4.10
3987 1992 90 7700.00 -3.10 6.70 0.60 3.30 0.00
3987 1992 91 15010.00 0.20 13.00 0.69 6.10 0.00
3987 1992 92 9750.00 3.40 15.00 0.82 5.50 2.50
3987 1992 93 16440.00 1.50 13.80 0.68 4.60 0.00
3987 1992 94 7010.00 3.10 11.50 0.75 3.80 2.10
3987 1992 95 8400.00 1.30 8.80 0.69 2.70 0.00
3987 1992 96 10710.00 0.00 9.30 0.63 2.60 0.00
3987 1992 97 11730.00 -1.40 10.70 0.67 2.10 0.00
3987 1992 98 12210.00 3.00 12.80 0.68 1.80 0.00
3987 1992 99 12830.00 1.60 12.90 0.64 2.60 0.00
3987 1992 100 16320.00 0.20 14.50 0.64 2.80 0.00
3987 1992 101 18720.00 1.20 14.60 0.65 0.40 0.00
3987 1992 102 14860.00 6.10 17.30 0.78 1.40 0.00
3987 1992 103 16250.00 5.90 18.50 0.80 2.60 1.70
3987 1992 104 12820.00 6.40 13.90 0.69 6.00 2.20
3987 1992 105 8500.00 3.70 10.00 0.83 6.30 4.10
3987 1992 106 7600.00 3.50 15.00 0.77 5.50 0.90
3987 1992 107 4790.00 1.60 7.60 0.71 5.80 4.20
3987 1992 108 14330.00 0.20 7.50 0.69 4.00 1.60
3987 1992 109 9000.00 0.50 10.60 0.92 4.20 3.10
3987 1992 110 17040.00 6.00 12.10 0.70 10.00 0.00
3987 1992 111 17400.00 2.10 11.50 0.49 6.50 0.00
3987 1992 112 20690.00 -1.10 13.60 0.51 1.80 0.00
3987 1992 113 16970.00 2.80 16.00 0.64 2.70 0.00
3987 1992 114 7750.00 5.80 12.60 0.91 1.10 0.50
3987 1992 115 12850.00 5.30 16.90 0.92 2.00 0.00
3987 1992 116 16780.00 11.20 25.60 1.18 3.90 8.00
3987 1992 117 13370.00 9.90 20.90 1.21 1.60 1.30
3987 1992 118 16430.00 8.30 18.00 1.04 5.00 0.10
3987 1992 119 12860.00 5.20 19.50 0.99 4.20 1.50
3987 1992 120 7100.00 7.10 14.90 1.01 4.40 0.10
3987 1992 121 14340.00 3.60 15.80 0.88 1.80 0.00
3987 1992 122 15180.00 5.90 18.60 0.98 5.50 0.20
3987 1992 123 4380.00 5.60 11.20 0.95 1.10 4.40
3987 1992 124 15640.00 5.50 13.30 0.83 3.50 0.00
3987 1992 125 25570.00 2.70 15.20 0.70 1.40 0.00
3987 1992 126 24830.00 4.00 17.80 0.76 1.60 0.00
3987 1992 127 22000.00 6.40 19.40 0.93 3.40 0.00
3987 1992 128 7130.00 11.00 17.60 1.34 4.70 0.30
3987 1992 129 8770.00 7.40 19.00 1.20 5.50 1.20
3987 1992 130 12830.00 3.80 12.90 0.90 5.30 3.50
3987 1992 131 14380.00 5.00 12.90 0.76 6.10 6.50
3987 1992 132 6020.00 6.20 12.10 1.03 3.70 2.50
3987 1992 133 14180.00 3.70 15.40 0.98 4.20 0.00
3987 1992 134 18730.00 11.50 21.80 1.34 3.80 0.00
3987 1992 135 24230.00 10.80 24.50 1.45 3.80 0.00
3987 1992 136 25580.00 11.80 26.80 1.29 3.70 0.00
3987 1992 137 23720.00 11.30 26.30 1.16 3.60 0.00
3987 1992 138 23600.00 8.10 20.50 1.04 3.60 0.00
3987 1992 139 26820.00 6.60 21.10 0.90 2.60 0.00
3987 1992 140 27100.00 8.70 23.00 0.99 3.50 0.00
3987 1992 141 26830.00 10.50 25.90 1.08 3.00 0.00
3987 1992 142 24960.00 12.00 27.10 1.21 2.60 0.00
3987 1992 143 23600.00 14.00 28.50 1.36 2.70 0.00
3987 1992 144 26440.00 13.60 28.20 1.22 4.10 0.00
3987 1992 145 28130.00 13.20 26.20 0.98 4.50 0.00
3987 1992 146 28340.00 11.30 24.50 0.68 4.50 0.00
3987 1992 147 25450.00 9.60 22.80 0.89 5.00 0.00
3987 1992 148 22340.00 11.50 25.00 1.23 3.70 0.00
3987 1992 149 27950.00 10.60 22.80 1.02 3.60 0.00
3987 1992 150 21640.00 10.10 23.60 1.18 3.60 0.00
3987 1992 151 26520.00 10.30 25.70 1.11 2.80 0.00
3987 1992 152 25760.00 12.10 25.70 1.09 3.40 0.00
3987 1992 153 21290.00 13.20 27.40 1.11 4.20 0.00
3987 1992 154 22570.00 15.30 29.30 1.28 5.10 0.00
3987 1992 155 9110.00 17.10 24.40 1.73 1.80 0.60
3987 1992 156 22980.00 13.70 29.80 1.32 4.40 0.00
3987 1992 157 25080.00 13.80 29.90 1.34 3.90 0.00
3987 1992 158 18030.00 15.10 26.90 1.39 4.40 0.50
3987 1992 159 24280.00 12.90 25.30 1.06 4.60 0.00
3987 1992 160 19680.00 13.70 24.70 1.24 4.40 4.10
3987 1992 161 21220.00 13.00 27.50 1.31 3.70 0.00
3987 1992 162 18320.00 11.60 22.30 0.98 4.30 2.90
3987 1992 163 10370.00 10.20 17.70 1.22 1.60 2.50
3987 1992 164 7600.00 11.10 18.90 1.52 2.10 0.00
3987 1992 165 18690.00 11.30 23.70 1.43 3.00 0.00
3987 1992 166 23390.00 11.20 26.20 1.32 2.50 0.10
3987 1992 167 20240.00 16.60 27.30 1.46 1.90 0.00
3987 1992 168 16040.00 14.60 25.60 1.50 1.80 0.00
3987 1992 169 25700.00 10.50 26.00 1.18 2.30 0.00
3987 1992 170 25050.00 12.00 22.50 1.13 2.20 0.80
3987 1992 171 24440.00 12.00 26.70 1.13 4.00 0.00
3987 1992 172 22860.00 15.30 28.30 1.16 3.40 0.00
3987 1992 173 25460.00 13.00 27.80 1.13 2.60 0.00
3987 1992 174 22690.00 13.40 22.30 1.25 4.20 0.00
3987 1992 175 25940.00 10.20 26.00 1.17 2.50 0.00
3987 1992 176 28000.00 11.20 26.00 1.11 2.30 0.00
3987 1992 177 24490.00 11.60 26.30 1.16 2.30 0.00
3987 1992 178 28850.00 10.20 26.70 0.92 3.60 0.00
3987 1992 179 27350.00 9.40 28.50 0.97 1.70 0.00
3987 1992 180 26760.00 14.10 29.70 0.95 2.50 0.00
3987 1992 181 26610.00 14.70 30.80 0.99 2.50 0.00
3987 1992 182 26680.00 15.10 32.10 1.02 3.60 0.00
3987 1992 183 22380.00 16.40 33.50 1.42 2.10 0.00
3987 1992 184 18340.00 17.20 26.30 1.57 2.90 0.00
3987 1992 185 17960.00 12.50 25.80 1.22 0.70 0.00
3987 1992 186 13150.00 15.60 26.60 1.82 1.60 16.30
3987 1992 187 7440.00 15.80 20.90 1.55 3.70 9.30
3987 1992 188 3460.00 12.20 17.80 1.40 4.10 3.10
3987 1992 189 19910.00 12.80 24.30 1.26 2.00 0.00
3987 1992 190 23720.00 10.40 27.20 1.12 0.80 0.00
3987 1992 191 21820.00 14.80 28.30 1.21 2.10 0.00
3987 1992 192 24760.00 13.70 29.90 1.23 3.20 2.90
3987 1992 193 8430.00 15.80 20.80 1.77 1.80 5.60
3987 1992 194 18530.00 13.20 24.00 1.48 2.60 0.00
3987 1992 195 21250.00 13.10 24.20 1.27 4.30 2.70
3987 1992 196 7540.00 14.80 19.30 1.63 5.70 1.30
3987 1992 197 16300.00 10.80 21.00 1.11 3.80 0.00
3987 1992 198 18880.00 9.70 22.80 1.14 1.50 0.00
3987 1992 199 16400.00 13.30 28.10 1.64 3.10 13.40
3987 1992 200 16410.00 16.10 23.30 1.62 4.70 0.10
3987 1992 201 24130.00 12.40 27.60 1.39 2.50 0.00
3987 1992 202 22700.00 17.60 33.10 1.77 2.10 0.00
3987 1992 203 24270.00 19.00 35.90 1.90 4.20 18.20
3987 1992 204 14560.00 16.70 24.40 1.83 2.00 0.50
3987 1992 205 24070.00 15.10 26.10 1.44 2.20 0.00
3987 1992 206 25140.00 13.40 28.30 1.31 3.20 0.00
3987 1992 207 14130.00 15.60 28.10 1.57 3.50 1.40
3987 1992 208 18680.00 13.00 24.80 1.49 2.90 0.00
3987 1992 209 18090.00 16.00 29.70 1.48 4.80 1.90
3987 1992 210 17770.00 11.60 22.00 1.13 7.10 0.00
3987 1992 211 24820.00 9.50 24.10 1.10 1.90 0.00
3987 1992 212 23750.00 12.30 31.10 1.26 3.40 0.00
3987 1992 213 18470.00 16.60 29.40 1.50 1.70 0.00
3987 1992 214 21810.00 14.30 30.30 1.61 3.80 0.00
3987 1992 215 16020.00 18.50 28.70 1.78 3.70 0.00
3987 1992 216 20600.00 17.30 33.10 1.76 3.70 0.00
3987 1992 217 18100.00 16.40 25.80 1.30 3.70 0.00
3987 1992 218 21380.00 12.40 28.20 1.14 3.70 0.00
3987 1992 219 23300.00 16.20 32.60 1.27 3.80 0.00
3987 1992 220 21020.00 14.80 28.20 1.63 3.90 0.00
3987 1992 221 17930.00 17.60 34.70 1.67 3.60 0.00
3987 1992 222 21240.00 18.30 38.60 1.58 3.80 0.00
3987 1992 223 20170.00 20.60 33.50 1.60 4.00 0.00
3987 1992 224 16590.00 16.70 26.00 1.27 4.00 0.20
3987 1992 225 16330.00 13.90 25.70 1.22 3.80 2.80
3987 1992 226 8920.00 14.20 20.10 1.45 3.70 3.10
3987 1992 227 4950.00 13.20 17.80 1.60 3.70 8.70
3987 1992 228 9990.00 12.70 18.90 1.27 3.90 0.00
3987 1992 229 18380.00 9.80 22.60 1.11 3.60 0.00
3987 1992 230 4840.00 14.10 18.20 1.54 4.70 1.50
3987 1992 231 16110.00 11.60 22.20 1.33 3.50 0.00
3987 1992 232 16100.00 13.30 26.70 1.45 3.20 0.50
3987 1992 233 15980.00 14.70 27.90 1.60 4.50 5.50
3987 1992 234 13480.00 16.50 23.80 1.69 5.30 0.00
3987 1992 235 18600.00 11.90 23.60 1.50 3.50 0.00
3987 1992 236 8270.00 13.20 21.40 1.52 4.60 0.90
3987 1992 237 12530.00 11.20 20.80 1.25 4.00 1.30
3987 1992 238 8330.00 14.60 24.50 1.77 5.30 0.10
3987 1992 239 13680.00 16.00 29.40 1.87 4.00 9.60
3987 1992 240 11660.00 16.80 24.90 1.89 3.50 0.00
3987 1992 241 18050.00 17.50 32.10 1.85 3.70 0.30
3987 1992 242 15330.00 16.90 30.60 1.90 3.70 0.30
3987 1992 243 9590.00 14.00 20.80 1.62 3.80 0.00
3987 1992 244 4450.00 12.90 19.30 1.53 4.30 28.30
3987 1992 245 7240.00 9.60 15.60 1.21 3.80 1.40
3987 1992 246 13400.00 8.10 17.90 1.06 3.90 1.30
3987 1992 247 10430.00 13.00 20.00 1.44 3.90 0.00
3987 1992 248 11270.00 9.40 15.80 1.21 3.90 6.20
3987 1992 249 9560.00 8.70 16.20 1.25 3.80 3.90
3987 1992 250 14410.00 8.60 16.40 1.08 3.80 0.30
3987 1992 251 15250.00 6.20 18.50 1.18 4.10 1.20
3987 1992 252 11810.00 11.10 17.50 1.14 3.60 0.10
3987 1992 253 14170.00 8.00 18.50 1.06 2.90 0.00
3987 1992 254 17270.00 8.50 21.30 1.07 3.80 0.00
3987 1992 255 14550.00 10.10 22.80 1.32 4.40 0.00
3987 1992 256 12120.00 12.00 19.70 1.14 4.20 0.00
3987 1992 257 13310.00 9.70 19.70 1.24 3.50 0.00
3987 1992 258 5540.00 11.00 17.70 1.34 4.20 2.40
3987 1992 259 10350.00 9.80 18.30 1.29 5.20 0.00
3987 1992 260 6230.00 12.80 18.10 1.24 6.70 0.00
3987 1992 261 14370.00 10.60 17.20 1.00 2.90 0.00
3987 1992 262 16370.00 7.10 19.90 0.97 3.90 0.00
3987 1992 263 15580.00 7.40 19.60 0.98 4.60 0.00
3987 1992 264 5500.00 9.70 16.20 1.21 3.30 0.00
3987 1992 265 13790.00 9.10 20.80 1.25 3.70 0.00
3987 1992 266 13830.00 10.00 22.60 1.19 6.10 0.00
3987 1992 267 10565.00 11.00 22.10 1.30 3.80 0.00
3987 1992 268 5940.00 11.40 18.30 1.43 2.10 5.30
3987 1992 269 5980.00 9.50 16.80 1.45 1.80 0.00
3987 1992 270 8420.00 10.00 16.70 1.36 2.20 0.00
3987 1992 271 12040.00 8.30 22.30 1.35 2.40 0.00
3987 1992 272 13180.00 10.20 24.00 1.26 4.80 0.00
3987 1992 273 12040.00 9.00 17.40 1.00 4.60 0.00
3987 1992 274 7720.00 8.80 15.40 1.04 2.40 0.00
3987 1992 275 12320.00 6.30 17.00 0.94 2.50 0.00
3987 1992 276 12280.00 6.10 16.50 0.95 3.90 0.00
3987 1992 277 11970.00 5.70 17.10 0.88 6.20 0.00
3987 1992 278 11440.00 7.00 16.00 0.81 8.10 0.60
3987 1992 279 2220.00 5.90 10.40 0.91 7.20 6.70
3987 1992 280 1100.00 9.10 12.30 1.35 5.00 0.20
3987 1992 281 1900.00 6.80 12.70 1.15 2.80 0.30
3987 1992 282 4830.00 4.90 11.30 0.99 4.70 0.00
3987 1992 283 2860.00 6.20 11.40 1.05 5.40 0.50
3987 1992 284 11170.00 2.40 13.20 0.77 2.40 0.00
3987 1992 285 3670.00 2.10 9.60 0.96 4.60 0.30
3987 1992 286 12080.00 -0.40 9.50 0.53 3.20 0.00
3987 1992 287 11650.00 -2.30 9.50 0.51 1.70 0.00
3987 1992 288 9420.00 -0.30 11.40 0.58 4.50 3.30
3987 1992 289 2720.00 4.10 8.90 0.84 5.90 0.10
3987 1992 290 4290.00 2.40 8.00 0.69 5.40 0.00
3987 1992 291 6450.00 -1.00 7.80 0.62 3.80 0.00
3987 1992 292 9410.00 -0.90 9.90 0.59 3.70 0.00
3987 1992 293 8660.00 -0.20 12.60 0.70 4.80 0.00
3987 1992 294 9610.00 0.60 12.80 0.66 3.20 0.00
3987 1992 295 4890.00 2.10 11.50 0.79 4.20 0.00
3987 1992 296 3630.00 1.50 8.10 0.74 6.10 0.20
3987 1992 297 3740.00 0.10 7.90 0.82 3.60 2.30
3987 1992 298 3100.00 3.20 6.90 0.79 4.70 0.40
3987 1992 299 4360.00 3.20 7.50 0.76 3.80 8.90
3987 1992 300 640.00 1.50 4.40 0.76 3.50 0.50
3987 1992 301 2420.00 0.00 3.70 0.71 3.30 2.20
3987 1992 302 2000.00 1.80 7.20 0.90 3.90 3.00
3987 1992 303 4040.00 2.90 9.50 0.86 5.50 1.60
3987 1992 304 4840.00 -0.10 7.20 0.71 3.80 0.00
3987 1992 305 8190.00 -2.40 5.60 0.55 2.60 0.00
3987 1992 306 4580.00 -2.30 4.40 0.61 2.80 0.00
3987 1992 307 7680.00 -1.20 7.20 0.59 6.00 1.60
3987 1992 308 4790.00 4.60 10.90 0.89 6.20 0.00
3987 1992 309 3010.00 3.20 8.60 0.85 6.20 0.30
3987 1992 310 1180.00 6.30 10.80 1.11 5.30 1.20
3987 1992 311 1420.00 9.90 11.40 1.17 6.70 0.00
3987 1992 312 1090.00 9.40 12.70 1.17 7.90 0.90
3987 1992 313 5050.00 -0.20 9.80 0.66 4.30 0.00
3987 1992 314 1370.00 -3.90 4.60 0.51 4.60 0.00
3987 1992 315 1190.00 -0.10 8.60 0.90 5.50 1.30
3987 1992 316 3450.00 4.70 10.00 0.90 7.50 7.70
3987 1992 317 3960.00 3.20 8.70 0.71 8.80 3.00
3987 1992 318 3460.00 1.00 5.70 0.71 5.60 2.60
3987 1992 319 1510.00 -0.10 3.50 0.68 6.00 2.30
3987 1992 320 2920.00 -1.20 3.50 0.66 3.20 0.90
3987 1992 321 2060.00 1.50 7.70 0.88 3.90 0.60
3987 1992 322 2890.00 3.30 8.70 0.74 4.80 0.20
3987 1992 323 750.00 1.70 5.70 0.73 5.04 3.90
3987 1992 324 2420.00 1.90 6.30 0.76 5.38 8.70
3987 1992 325 3180.00 3.20 6.30 0.65 5.41 0.70
3987 1992 326 2750.00 2.00 5.70 0.67 7.10 2.70
3987 1992 327 1840.00 0.70 3.70 0.67 1.60 0.10
3987 1992 328 730.00 -1.10 5.70 0.76 4.00 1.20
3987 1992 329 1960.00 3.00 8.30 0.96 3.70 0.90
3987 1992 330 1240.00 4.50 9.40 0.94 5.60 11.60
3987 1992 331 1200.00 4.30 10.90 0.88 8.90 4.10
3987 1992 332 2850.00 1.10 7.10 0.70 6.80 5.90
3987 1992 333 1210.00 1.60 8.20 0.78 6.70 0.30
3987 1992 334 1460.00 0.60 3.10 0.68 2.60 0.00
3987 1992 335 1610.00 -0.90 4.70 0.68 3.70 0.00
3987 1992 336 1680.00 3.00 9.30 0.79 5.60 0.20
3987 1992 337 3360.00 2.30 7.90 0.80 6.90 5.00
3987 1992 338 2420.00 4.30 11.60 0.78 6.20 0.10
3987 1992 339 3170.00 0.90 7.10 0.70 6.30 6.70
3987 1992 340 2190.00 0.20 5.80 0.64 4.40 0.00
3987 1992 341 2000.00 -1.80 3.30 0.60 3.40 0.00
3987 1992 342 2020.00 -2.30 2.00 0.56 5.70 0.00
3987 1992 343 1384.08 1.00 2.90 0.65 3.70 0.00
3987 1992 344 390.00 2.30 3.60 0.67 3.70 0.00
3987 1992 345 410.00 2.40 3.80 0.70 2.20 0.00
3987 1992 346 570.00 1.90 2.90 0.68 3.20 14.00
3987 1992 347 1360.00 1.90 5.20 0.75 7.60 0.20
3987 1992 348 1830.00 2.00 4.90 0.69 7.90 5.60
3987 1992 349 770.00 2.80 8.60 0.91 6.30 0.00
3987 1992 350 3600.00 2.20 7.80 0.74 3.70 0.00
3987 1992 351 3690.00 -1.10 4.20 0.61 4.70 0.00
3987 1992 352 3380.00 -1.30 4.90 0.62 4.40 0.00
3987 1992 353 3580.00 -2.20 1.90 0.54 4.60 0.00
3987 1992 354 780.00 -0.70 3.50 0.67 4.50 10.20
3987 1992 355 240.00 0.40 3.80 0.72 4.50 14.90
3987 1992 356 880.00 0.50 2.10 0.61 4.60 0.00
3987 1992 357 1710.00 -2.10 0.90 0.49 4.75 0.00
3987 1992 358 1990.00 -5.40 -1.80 0.41 5.30 0.00
3987 1992 359 3250.00 -8.00 -3.10 0.33 4.00 0.00
3987 1992 360 3300.00 -9.90 -5.30 0.30 2.90 0.00
3987 1992 361 3660.00 -11.10 -3.80 0.30 0.80 0.10
3987 1992 362 2920.00 -7.30 -0.50 0.49 1.80 0.00
3987 1992 363 1530.00 -6.70 -2.60 0.41 0.70 0.00
3987 1992 364 610.00 -5.70 -3.60 0.41 1.00 0.50
3987 1992 365 1130.00 -3.60 -1.30 0.51 0.20 0.10
3987 1992 366 950.00 -3.20 -0.70 0.52 1.40 0.00
