*---------------------------------------------------------------------------*
* Station name: Potsdam Saekularstation
* Year: 1958
* Author: Pedro Alencar                                   -999.000: NIL VALUE
* Source: DWD
* Comments: Gaps filled with interpolation and storical means
* Longitude: 13.0622, latitude: 52.3812, altitude: 82.0 m.
*
    * Column  Daily value
    * 1       station number
    * 2       year
    * 3       day
    * 4       irradiation                   (kJ m-2 d-1)
    * 5       minimum temperature           (degrees Celsius
    * 6       maximum temperature           (degrees Celsius)
    * 7       early morning vapour pressure (kPa)
    * 8       mean wind speed (height: 2 m) (m s-1)
    * 9       precipitation                 (mm d-1)
    *
** WCCDESCRIPTION=Potsdam, Germany
** WCCFORMAT=2
** WCCYEARNR=1958
*---------------------------------------------------------------------------*
   13.0622 52.3812 82.0 -0.18 -0.55
3987 1958 1 830.00 -0.30 2.10 0.60 2.00 6.00
3987 1958 2 4030.00 -6.30 0.00 0.39 1.90 0.00
3987 1958 3 4450.00 -8.70 -3.40 0.32 2.30 0.00
3987 1958 4 4110.00 -14.40 -6.50 0.27 3.00 0.00
3987 1958 5 2050.00 -9.10 0.00 0.43 6.40 6.80
3987 1958 6 1700.00 -0.20 4.70 0.64 7.20 3.90
3987 1958 7 570.00 0.50 5.40 0.61 7.80 4.90
3987 1958 8 2330.00 -3.50 0.70 0.43 5.20 2.70
3987 1958 9 780.00 -1.70 4.40 0.69 7.50 6.80
3987 1958 10 1650.00 -0.50 4.90 0.63 9.20 0.80
3987 1958 11 1870.00 -1.00 2.90 0.53 5.50 0.00
3987 1958 12 2570.00 2.10 6.60 0.67 3.70 0.20
3987 1958 13 1570.00 1.40 3.70 0.68 3.20 0.10
3987 1958 14 560.00 -0.60 2.10 0.63 2.70 0.10
3987 1958 15 400.00 -0.60 1.00 0.60 2.90 0.70
3987 1958 16 720.00 -0.10 2.90 0.69 4.80 1.30
3987 1958 17 360.00 2.80 5.10 0.79 6.20 1.10
3987 1958 18 3240.00 0.90 4.40 0.59 7.20 1.10
3987 1958 19 950.00 -2.30 5.40 0.59 9.00 5.00
3987 1958 20 2800.00 -3.90 0.60 0.49 5.70 0.00
3987 1958 21 3910.00 -2.30 2.00 0.45 3.50 0.00
3987 1958 22 1620.00 -3.10 0.40 0.43 5.40 0.00
3987 1958 23 3250.00 -4.90 1.70 0.40 4.10 0.00
3987 1958 24 5240.00 -7.60 2.00 0.36 3.80 0.00
3987 1958 25 3940.00 -8.90 -0.10 0.37 2.20 0.00
3987 1958 26 5330.00 -8.30 2.00 0.32 5.60 0.00
3987 1958 27 5700.00 -4.90 4.60 0.27 6.20 0.00
3987 1958 28 6230.00 -7.20 7.80 0.25 4.90 0.00
3987 1958 29 5880.00 -4.90 7.00 0.32 3.40 0.00
3987 1958 30 1340.00 -5.50 3.40 0.57 4.20 0.00
3987 1958 31 1110.00 -1.00 3.40 0.60 3.90 0.00
3987 1958 32 1490.00 -2.10 -0.60 0.55 1.70 0.00
3987 1958 33 680.00 -2.10 3.00 0.65 5.10 2.90
3987 1958 34 2350.00 1.90 3.80 0.55 9.50 0.00
3987 1958 35 1820.00 -0.10 2.60 0.56 7.30 4.80
3987 1958 36 560.00 0.10 6.00 0.75 10.20 10.70
3987 1958 37 3370.00 -2.60 3.80 0.48 7.50 0.60
3987 1958 38 3610.00 -2.80 0.00 0.48 3.80 0.70
3987 1958 39 2150.00 -3.90 0.50 0.49 4.30 3.10
3987 1958 40 6990.00 0.00 7.60 0.59 6.90 0.10
3987 1958 41 3960.00 3.00 13.00 0.85 6.20 0.00
3987 1958 42 2870.00 5.10 10.20 0.77 5.90 0.10
3987 1958 43 4200.00 5.40 12.10 0.88 6.40 3.40
3987 1958 44 6160.00 3.80 10.60 0.79 4.60 1.40
3987 1958 45 4530.00 2.50 15.50 1.05 6.70 0.10
3987 1958 46 2320.00 8.90 12.80 1.12 6.80 3.80
3987 1958 47 3190.00 3.40 11.90 0.72 10.70 4.70
3987 1958 48 7610.00 -1.00 4.30 0.47 12.30 0.90
3987 1958 49 5530.00 -3.20 3.00 0.49 5.90 2.10
3987 1958 50 9070.00 -4.10 3.10 0.47 4.60 1.80
3987 1958 51 6070.00 -1.10 4.30 0.57 6.70 5.50
3987 1958 52 4860.00 -3.70 2.90 0.48 4.00 2.40
3987 1958 53 9200.00 -3.10 0.70 0.41 5.90 1.00
3987 1958 54 6320.00 -2.80 0.40 0.40 4.60 0.30
3987 1958 55 9340.00 -6.10 0.20 0.36 5.00 3.30
3987 1958 56 2580.00 -3.90 6.90 0.75 6.00 6.10
3987 1958 57 980.00 -4.90 6.60 0.49 5.60 5.70
3987 1958 58 9860.00 -6.20 0.50 0.32 2.80 0.00
3987 1958 59 9020.00 -10.10 -2.30 0.31 3.10 0.00
3987 1958 60 6250.00 -9.60 1.50 0.41 3.40 0.50
3987 1958 61 1740.00 -0.80 1.90 0.65 5.60 0.40
3987 1958 62 2390.00 -0.90 1.50 0.53 4.40 0.20
3987 1958 63 6870.00 -2.10 4.30 0.55 3.30 0.00
3987 1958 64 2000.00 2.10 6.90 0.75 6.30 4.00
3987 1958 65 8210.00 -0.60 6.50 0.55 7.50 0.30
3987 1958 66 9160.00 -1.60 5.50 0.49 5.50 0.20
3987 1958 67 5970.00 -4.70 3.50 0.47 2.40 0.00
3987 1958 68 6560.00 -3.20 3.70 0.47 2.20 1.40
3987 1958 69 5580.00 -3.20 1.80 0.44 2.70 0.30
3987 1958 70 10310.00 -4.30 1.60 0.39 3.80 0.00
3987 1958 71 9580.00 -5.10 1.80 0.47 6.20 0.70
3987 1958 72 11980.00 -2.80 4.30 0.39 3.00 0.00
3987 1958 73 5290.00 -6.10 -0.40 0.36 5.40 0.00
3987 1958 74 6650.00 -3.50 2.00 0.43 6.10 2.00
3987 1958 75 5520.00 -2.50 0.30 0.51 4.10 0.50
3987 1958 76 7200.00 -5.50 1.70 0.41 2.70 0.10
3987 1958 77 4150.00 -2.10 0.40 0.45 1.30 1.20
3987 1958 78 9230.00 -2.60 2.90 0.45 3.50 0.70
3987 1958 79 5200.00 -2.60 -0.10 0.40 6.30 0.00
3987 1958 80 9140.00 -6.10 0.50 0.35 4.00 0.20
3987 1958 81 9750.00 -7.40 -0.20 0.37 3.20 1.50
3987 1958 82 3150.00 -3.70 -0.70 0.47 2.80 1.10
3987 1958 83 7760.00 -2.40 3.20 0.45 2.80 0.00
3987 1958 84 16530.00 -3.50 9.60 0.48 4.80 0.00
3987 1958 85 15950.00 -3.30 8.60 0.51 3.90 0.00
3987 1958 86 13030.00 -2.90 9.60 0.55 4.70 0.00
3987 1958 87 5870.00 0.50 6.60 0.63 5.10 0.00
3987 1958 88 5400.00 1.40 4.50 0.61 6.40 0.00
3987 1958 89 3270.00 0.20 3.30 0.53 6.70 0.00
3987 1958 90 15640.00 -2.20 4.90 0.36 5.10 0.00
3987 1958 91 16630.00 -5.50 5.10 0.36 2.80 0.00
3987 1958 92 13970.00 -2.90 7.60 0.36 3.10 0.00
3987 1958 93 18340.00 -3.10 10.70 0.51 6.70 0.00
3987 1958 94 7120.00 0.20 9.80 0.80 5.30 0.20
3987 1958 95 6240.00 3.80 9.90 0.77 1.90 0.00
3987 1958 96 4440.00 0.20 6.30 0.59 3.00 0.00
3987 1958 97 7740.00 0.70 5.60 0.59 1.60 0.50
3987 1958 98 12850.00 0.10 7.40 0.59 3.30 0.40
3987 1958 99 6070.00 0.30 4.80 0.59 4.40 5.80
3987 1958 100 16230.00 -2.70 8.20 0.48 3.00 0.00
3987 1958 101 11730.00 -1.30 6.90 0.52 4.00 0.00
3987 1958 102 12850.00 -1.70 7.10 0.44 2.70 0.00
3987 1958 103 18730.00 -1.00 11.50 0.53 2.00 0.00
3987 1958 104 21500.00 -1.40 15.10 0.53 5.00 0.00
3987 1958 105 14170.00 0.90 16.80 0.68 3.60 0.00
3987 1958 106 3870.00 5.10 11.50 0.65 4.20 1.20
3987 1958 107 8530.00 1.60 9.60 0.57 4.50 0.00
3987 1958 108 15510.00 0.20 10.90 0.51 2.40 0.00
3987 1958 109 4940.00 3.60 10.60 0.95 4.80 4.90
3987 1958 110 7780.00 7.50 14.50 0.87 5.80 7.20
3987 1958 111 5790.00 6.80 11.20 0.89 5.40 4.80
3987 1958 112 8010.00 3.40 8.90 0.77 5.30 5.40
3987 1958 113 4970.00 2.80 7.00 0.72 2.30 0.00
3987 1958 114 15120.00 0.90 11.00 0.68 2.30 0.00
3987 1958 115 19240.00 1.00 18.90 0.75 4.50 0.60
3987 1958 116 12050.00 5.50 14.50 0.89 6.40 4.60
3987 1958 117 13200.00 5.20 12.20 0.79 7.90 6.20
3987 1958 118 6400.00 2.30 9.40 0.83 7.30 5.10
3987 1958 119 11490.00 3.30 11.90 0.75 3.50 0.00
3987 1958 120 16660.00 4.00 17.10 0.92 3.20 0.00
3987 1958 121 15590.00 7.10 17.50 1.09 3.30 0.00
3987 1958 122 21640.00 6.90 19.70 1.00 3.20 0.30
3987 1958 123 15660.00 4.60 14.00 0.63 8.00 0.30
3987 1958 124 17820.00 1.90 13.20 0.61 6.50 0.00
3987 1958 125 18290.00 2.10 22.10 0.75 3.20 0.90
3987 1958 126 8780.00 11.50 18.30 1.32 5.50 7.90
3987 1958 127 22880.00 7.80 17.50 0.85 6.30 0.60
3987 1958 128 13960.00 8.50 23.10 1.37 3.40 0.50
3987 1958 129 20830.00 13.70 25.00 1.52 3.90 9.10
3987 1958 130 9820.00 13.50 19.30 1.55 3.50 4.10
3987 1958 131 10600.00 13.00 20.70 1.52 5.30 7.00
3987 1958 132 6560.00 9.40 14.60 1.08 3.60 1.50
3987 1958 133 24420.00 8.60 17.80 0.84 4.80 0.00
3987 1958 134 11570.00 9.50 19.10 1.32 3.90 12.40
3987 1958 135 11730.00 11.50 18.70 1.35 3.60 0.00
3987 1958 136 10830.00 7.80 17.80 1.19 3.40 0.60
3987 1958 137 12920.00 8.30 12.50 0.81 7.00 0.00
3987 1958 138 12100.00 8.20 16.60 1.09 7.40 2.20
3987 1958 139 19340.00 9.20 19.40 1.11 5.40 0.00
3987 1958 140 26650.00 10.80 25.10 1.20 5.00 0.00
3987 1958 141 13980.00 8.90 19.90 1.31 4.20 4.60
3987 1958 142 20170.00 6.90 16.70 1.01 2.20 3.00
3987 1958 143 10740.00 9.80 17.70 1.33 2.60 0.70
3987 1958 144 24260.00 8.90 25.50 1.36 3.80 0.00
3987 1958 145 25320.00 13.40 30.40 1.55 4.00 0.00
3987 1958 146 23720.00 15.40 27.50 1.52 4.70 0.10
3987 1958 147 3390.00 12.10 18.40 1.47 3.20 33.40
3987 1958 148 4960.00 10.40 13.80 1.23 4.20 0.00
3987 1958 149 20850.00 10.50 20.10 1.12 2.30 0.00
3987 1958 150 19450.00 8.40 19.70 1.17 5.10 6.70
3987 1958 151 4660.00 12.10 15.30 1.47 2.40 10.10
3987 1958 152 25500.00 10.20 21.80 1.40 3.10 0.00
3987 1958 153 26790.00 10.90 24.80 1.44 2.90 0.00
3987 1958 154 15200.00 11.20 21.40 1.40 2.80 0.00
3987 1958 155 14950.00 12.20 21.30 1.32 3.30 4.00
3987 1958 156 6350.00 10.50 15.40 1.17 5.00 0.00
3987 1958 157 26790.00 8.90 16.60 0.76 4.00 0.00
3987 1958 158 30890.00 4.80 21.60 0.97 4.30 0.30
3987 1958 159 17120.00 13.20 22.30 1.49 3.60 7.30
3987 1958 160 6900.00 10.40 16.20 1.33 4.40 1.30
3987 1958 161 15640.00 9.70 15.30 0.91 3.50 0.00
3987 1958 162 16800.00 7.20 17.60 1.00 2.70 0.00
3987 1958 163 15990.00 8.50 17.80 1.04 1.80 0.00
3987 1958 164 23320.00 7.40 20.70 0.88 2.60 0.00
3987 1958 165 24010.00 8.40 21.60 1.03 2.20 0.00
3987 1958 166 28280.00 9.00 22.70 1.08 2.80 0.00
3987 1958 167 26970.00 9.90 25.00 1.04 3.40 0.00
3987 1958 168 26030.00 11.40 27.30 1.15 4.40 0.20
3987 1958 169 7470.00 11.40 21.60 1.48 4.30 5.30
3987 1958 170 23700.00 7.70 19.40 1.03 3.20 0.00
3987 1958 171 5360.00 11.90 16.20 1.43 3.60 13.00
3987 1958 172 13180.00 12.20 19.70 1.48 3.80 13.80
3987 1958 173 16050.00 12.40 20.00 1.21 3.60 2.80
3987 1958 174 17690.00 9.60 19.80 1.25 3.80 7.90
3987 1958 175 18940.00 8.50 20.30 1.19 2.50 7.30
3987 1958 176 8620.00 11.90 17.50 1.32 3.80 0.10
3987 1958 177 19890.00 10.90 23.30 1.37 4.20 0.00
3987 1958 178 5500.00 13.40 18.90 1.65 5.20 11.70
3987 1958 179 9490.00 15.60 21.40 1.81 3.80 0.30
3987 1958 180 8570.00 14.70 21.60 1.79 5.40 3.40
3987 1958 181 7040.00 15.80 21.00 1.87 2.70 2.50
3987 1958 182 24140.00 16.90 28.10 1.92 4.20 0.00
3987 1958 183 24180.00 15.90 27.50 1.71 4.50 12.20
3987 1958 184 17090.00 14.30 23.40 1.61 1.80 0.00
3987 1958 185 7190.00 13.90 20.10 1.84 3.60 18.80
3987 1958 186 27020.00 14.80 26.20 1.84 4.60 22.10
3987 1958 187 10900.00 13.70 20.70 1.53 5.70 0.00
3987 1958 188 11130.00 13.70 21.20 1.49 5.60 0.00
3987 1958 189 9110.00 13.20 18.30 1.44 4.20 0.10
3987 1958 190 26090.00 10.90 23.50 1.59 3.40 0.00
3987 1958 191 25030.00 14.20 27.20 1.79 2.50 0.00
3987 1958 192 20690.00 15.00 24.20 1.60 2.80 17.10
3987 1958 193 22540.00 14.30 26.60 1.87 3.40 0.00
3987 1958 194 22000.00 16.40 30.70 1.96 4.80 0.00
3987 1958 195 29170.00 15.00 23.30 1.15 6.10 0.00
3987 1958 196 26210.00 10.90 25.00 1.33 2.20 0.00
3987 1958 197 24350.00 17.20 32.20 1.93 3.90 16.50
3987 1958 198 13590.00 13.10 20.00 1.39 8.00 0.00
3987 1958 199 23420.00 11.40 20.40 1.11 6.60 0.00
3987 1958 200 29950.00 8.60 24.10 1.11 2.20 0.00
3987 1958 201 26130.00 11.50 28.10 1.52 3.80 4.80
3987 1958 202 14550.00 13.90 19.40 1.48 7.00 5.80
3987 1958 203 12940.00 11.10 20.60 1.47 4.60 0.00
3987 1958 204 17070.00 10.90 20.10 1.33 4.90 0.80
3987 1958 205 16890.00 9.00 17.50 1.20 6.90 0.30
3987 1958 206 16000.00 10.90 17.90 1.19 5.30 0.20
3987 1958 207 18510.00 8.10 20.60 1.17 3.00 0.40
3987 1958 208 18690.00 13.20 24.10 1.56 3.70 0.00
3987 1958 209 14640.00 12.10 25.40 1.76 3.60 0.20
3987 1958 210 11520.00 17.40 23.90 1.85 5.00 1.90
3987 1958 211 17530.00 13.30 23.40 1.45 3.40 0.00
3987 1958 212 24710.00 14.40 24.50 1.43 3.70 0.00
3987 1958 213 25010.00 13.00 28.90 1.52 3.20 3.50
3987 1958 214 24220.00 15.50 24.00 1.35 6.50 0.00
3987 1958 215 19840.00 12.00 20.90 1.19 4.80 0.10
3987 1958 216 23660.00 10.90 22.60 1.20 3.50 0.00
3987 1958 217 17090.00 12.40 24.10 1.51 4.50 0.00
3987 1958 218 12420.00 14.70 24.10 1.77 3.40 3.60
3987 1958 219 10770.00 12.20 17.50 1.37 1.60 2.10
3987 1958 220 19420.00 11.90 22.40 1.36 4.00 0.40
3987 1958 221 12180.00 13.70 21.00 1.61 3.90 0.70
3987 1958 222 21340.00 12.40 24.40 1.36 2.00 0.00
3987 1958 223 14730.00 11.60 24.80 1.79 4.30 2.00
3987 1958 224 8890.00 16.20 21.60 1.73 3.90 0.70
3987 1958 225 18220.00 12.60 23.60 1.43 3.90 1.90
3987 1958 226 10940.00 12.20 19.40 1.61 4.50 4.70
3987 1958 227 19490.00 13.80 23.10 1.55 4.40 0.60
3987 1958 228 13070.00 15.60 23.20 1.75 4.10 27.30
3987 1958 229 18600.00 12.70 22.50 1.53 3.40 0.00
3987 1958 230 22210.00 12.30 25.30 1.45 2.30 0.00
3987 1958 231 15980.00 13.20 27.30 1.57 5.30 41.70
3987 1958 232 7700.00 15.90 22.30 1.85 2.80 3.30
3987 1958 233 14560.00 13.30 23.30 1.68 2.80 0.00
3987 1958 234 14480.00 13.70 24.10 1.69 3.00 1.50
3987 1958 235 14170.00 13.50 21.40 1.53 4.90 0.10
3987 1958 236 15310.00 12.40 19.50 1.31 5.50 0.00
3987 1958 237 12660.00 9.30 19.30 1.39 4.00 2.10
3987 1958 238 12900.00 10.90 20.00 1.44 4.40 0.00
3987 1958 239 13360.00 12.40 21.00 1.32 3.10 0.00
3987 1958 240 22640.00 9.20 23.20 1.32 4.10 0.00
3987 1958 241 22150.00 10.10 25.10 1.31 5.00 0.00
3987 1958 242 20350.00 11.10 24.50 1.52 4.50 0.00
3987 1958 243 12720.00 12.60 22.80 1.56 4.30 0.00
3987 1958 244 17340.00 13.00 24.20 1.59 5.00 0.00
3987 1958 245 20660.00 12.40 22.70 1.17 5.30 0.00
3987 1958 246 21090.00 10.20 22.90 1.07 5.30 0.00
3987 1958 247 21000.00 8.80 22.90 1.00 4.50 0.00
3987 1958 248 20540.00 7.40 25.40 1.05 3.70 0.00
3987 1958 249 19400.00 9.80 28.20 1.23 3.80 0.00
3987 1958 250 15800.00 11.90 30.40 1.72 3.50 15.80
3987 1958 251 11350.00 15.30 23.60 1.84 2.90 1.70
3987 1958 252 12880.00 10.90 21.20 1.43 4.30 1.50
3987 1958 253 9230.00 13.40 20.50 1.52 4.10 3.30
3987 1958 254 7430.00 11.90 16.50 1.44 4.30 0.40
3987 1958 255 11290.00 9.80 19.40 1.31 2.40 0.00
3987 1958 256 18600.00 9.10 21.50 1.16 3.10 0.00
3987 1958 257 17180.00 8.40 24.30 1.24 3.50 0.00
3987 1958 258 15900.00 12.50 25.60 1.44 3.40 6.40
3987 1958 259 8120.00 15.50 20.10 1.67 4.30 1.50
3987 1958 260 4100.00 13.50 17.20 1.56 3.00 0.50
3987 1958 261 2820.00 12.20 13.70 1.37 2.40 0.00
3987 1958 262 8600.00 11.50 18.60 1.33 1.40 0.00
3987 1958 263 11320.00 9.40 18.60 1.43 4.00 0.90
3987 1958 264 8970.00 12.70 18.50 1.47 2.20 3.40
3987 1958 265 11940.00 10.90 18.40 1.31 4.90 7.10
3987 1958 266 7390.00 9.20 15.60 1.24 4.10 1.70
3987 1958 267 6638.46 8.60 14.90 1.41 5.50 3.50
3987 1958 268 8580.00 11.00 17.30 1.15 7.80 1.20
3987 1958 269 7230.00 9.70 15.60 1.19 7.50 8.10
3987 1958 270 10080.00 8.40 16.50 1.12 3.90 0.00
3987 1958 271 15530.00 5.50 16.60 0.89 3.80 0.00
3987 1958 272 14530.00 3.90 19.30 1.03 4.60 0.00
3987 1958 273 14520.00 7.60 21.20 1.13 4.70 0.00
3987 1958 274 12960.00 7.60 21.60 1.36 4.30 2.50
3987 1958 275 6360.00 13.40 19.00 1.51 3.50 1.70
3987 1958 276 6770.00 9.30 17.50 1.24 3.60 0.00
3987 1958 277 11520.00 6.70 20.20 1.20 4.60 0.20
3987 1958 278 11280.00 11.50 19.80 1.28 3.20 0.00
3987 1958 279 11240.00 9.40 20.50 1.28 2.30 0.00
3987 1958 280 9020.00 8.90 15.70 1.09 2.90 0.00
3987 1958 281 11740.00 4.70 18.00 0.96 4.10 0.00
3987 1958 282 3450.00 8.60 16.10 1.23 3.80 0.00
3987 1958 283 9160.00 11.20 21.40 1.36 3.80 0.00
3987 1958 284 6480.00 12.00 20.10 1.47 3.30 0.00
3987 1958 285 5800.00 11.00 18.50 1.39 3.50 0.10
3987 1958 286 6940.00 7.30 14.40 1.04 2.90 1.80
3987 1958 287 3450.00 7.40 12.90 1.19 5.20 5.90
3987 1958 288 5270.00 7.90 13.30 1.07 8.80 5.30
3987 1958 289 4740.00 4.40 9.00 0.89 7.90 9.00
3987 1958 290 4360.00 4.90 11.20 0.81 4.90 2.50
3987 1958 291 5930.00 2.10 10.50 0.81 4.40 0.00
3987 1958 292 6580.00 3.10 9.70 0.72 3.50 6.20
3987 1958 293 2860.00 3.90 7.60 0.91 2.90 1.00
3987 1958 294 3290.00 5.20 9.00 0.97 4.30 3.70
3987 1958 295 5740.00 3.30 10.50 0.76 3.30 0.40
3987 1958 296 4280.00 3.50 13.40 1.09 4.90 0.10
3987 1958 297 1990.00 8.40 12.70 1.21 5.80 0.00
3987 1958 298 6150.00 8.40 14.30 1.11 6.50 0.00
3987 1958 299 5450.00 7.60 14.30 0.99 4.50 0.00
3987 1958 300 2490.00 7.50 11.40 1.08 4.10 0.00
3987 1958 301 1660.00 8.60 10.60 1.01 2.90 0.00
3987 1958 302 5240.00 5.20 12.40 0.84 2.40 0.00
3987 1958 303 5360.00 2.10 9.90 0.79 4.00 0.00
3987 1958 304 3160.00 2.40 7.50 0.83 3.50 0.20
3987 1958 305 600.00 4.80 8.00 0.91 5.90 0.20
3987 1958 306 6670.00 3.40 10.50 0.77 5.00 0.00
3987 1958 307 4350.00 0.20 8.40 0.71 3.60 4.90
3987 1958 308 480.00 4.30 5.40 0.85 2.20 3.50
3987 1958 309 4500.00 4.20 9.50 0.83 3.00 0.00
3987 1958 310 5810.00 -0.30 10.60 0.73 4.20 0.10
3987 1958 311 1070.00 2.60 7.10 0.87 3.50 0.00
3987 1958 312 6080.00 0.40 9.20 0.71 3.90 1.70
3987 1958 313 2740.00 4.30 8.60 0.92 2.90 0.00
3987 1958 314 4160.00 1.50 6.20 0.77 1.60 0.00
3987 1958 315 1820.00 2.60 6.00 0.72 1.90 0.00
3987 1958 316 1150.00 4.30 7.10 0.88 2.60 1.60
3987 1958 317 1210.00 5.40 8.90 0.99 6.10 0.00
3987 1958 318 1370.00 5.10 8.30 0.92 3.70 0.00
3987 1958 319 1750.00 6.20 10.40 0.96 1.60 0.00
3987 1958 320 1190.00 3.40 8.90 0.92 2.30 0.00
3987 1958 321 4030.00 2.50 9.60 0.84 3.60 0.00
3987 1958 322 560.00 5.20 7.80 0.81 4.80 0.00
3987 1958 323 3040.00 1.30 6.60 0.64 4.70 0.00
3987 1958 324 720.00 0.90 2.30 0.67 3.10 2.30
3987 1958 325 280.00 1.70 3.30 0.75 1.40 0.00
3987 1958 326 820.00 2.20 3.70 0.73 1.20 0.00
3987 1958 327 1610.00 -1.10 5.50 0.68 2.80 0.00
3987 1958 328 1240.00 -1.10 4.40 0.63 2.50 0.00
3987 1958 329 440.00 -0.30 2.90 0.59 2.50 0.00
3987 1958 330 560.00 0.40 4.80 0.79 3.30 2.30
3987 1958 331 480.00 2.90 5.00 0.76 3.20 0.00
3987 1958 332 1880.00 -1.50 3.50 0.64 1.60 0.00
3987 1958 333 1410.00 -1.90 1.20 0.59 1.30 0.00
3987 1958 334 690.00 -1.50 1.20 0.59 4.90 0.30
3987 1958 335 2670.00 -3.00 2.90 0.53 5.20 0.00
3987 1958 336 2920.00 -5.30 0.00 0.47 2.70 0.00
3987 1958 337 1610.00 -6.10 -0.10 0.45 3.80 0.00
3987 1958 338 1910.00 -5.00 4.10 0.63 5.10 0.50
3987 1958 339 3570.00 1.90 5.90 0.65 7.80 0.50
3987 1958 340 1910.00 -0.20 3.70 0.64 4.90 0.00
3987 1958 341 3650.00 -3.00 2.20 0.53 2.00 0.00
3987 1958 342 1910.00 -2.10 2.50 0.53 3.60 0.30
3987 1958 343 1642.44 -3.40 3.60 0.60 8.10 1.40
3987 1958 344 1530.00 0.50 3.20 0.64 4.90 0.10
3987 1958 345 660.00 -0.10 1.90 0.61 3.80 6.60
3987 1958 346 920.00 -1.90 1.00 0.52 4.10 1.20
3987 1958 347 1740.00 -1.20 5.90 0.75 4.40 11.10
3987 1958 348 1110.00 2.00 5.20 0.73 3.80 0.10
3987 1958 349 2740.00 -0.20 6.20 0.69 4.70 0.00
3987 1958 350 1690.00 1.80 7.70 0.67 5.60 0.50
3987 1958 351 920.00 2.00 6.60 0.83 4.40 2.00
3987 1958 352 2070.00 2.90 8.30 0.79 4.50 0.30
3987 1958 353 2820.00 1.70 7.80 0.67 5.20 0.00
3987 1958 354 950.00 3.10 5.70 0.75 3.90 0.00
3987 1958 355 2540.00 0.10 11.00 0.76 5.40 0.00
3987 1958 356 2450.00 0.30 6.40 0.72 2.80 0.10
3987 1958 357 520.00 2.70 4.40 0.79 1.10 0.00
3987 1958 358 240.00 1.80 4.20 0.72 3.10 8.70
3987 1958 359 360.00 1.70 4.50 0.77 4.50 2.00
3987 1958 360 780.00 0.40 3.20 0.60 4.80 0.00
3987 1958 361 650.00 0.40 2.20 0.64 3.60 3.50
3987 1958 362 560.00 0.90 2.00 0.63 2.90 0.40
3987 1958 363 1780.00 0.80 7.30 0.76 6.80 2.70
3987 1958 364 950.00 2.50 7.20 0.72 6.50 0.00
3987 1958 365 1380.00 1.60 7.10 0.76 5.30 0.70
