*---------------------------------------------------------------------------*
* Station name: Potsdam Saekularstation
* Year: 1959
* Author: Pedro Alencar                                   -999.000: NIL VALUE
* Source: DWD
* Comments: Gaps filled with interpolation and storical means
* Longitude: 13.0622, latitude: 52.3812, altitude: 82.0 m.
*
    * Column  Daily value
    * 1       station number
    * 2       year
    * 3       day
    * 4       irradiation                   (kJ m-2 d-1)
    * 5       minimum temperature           (degrees Celsius
    * 6       maximum temperature           (degrees Celsius)
    * 7       early morning vapour pressure (kPa)
    * 8       mean wind speed (height: 2 m) (m s-1)
    * 9       precipitation                 (mm d-1)
    *
** WCCDESCRIPTION=Potsdam, Germany
** WCCFORMAT=2
** WCCYEARNR=1959
*---------------------------------------------------------------------------*
   13.0622 52.3812 82.0 -0.18 -0.55
3987 1959 1 2380.00 2.00 7.30 0.67 7.40 0.00
3987 1959 2 700.00 2.30 5.80 0.61 8.40 0.50
3987 1959 3 2740.00 0.50 4.50 0.57 6.70 0.00
3987 1959 4 3030.00 -0.30 3.20 0.51 5.40 0.10
3987 1959 5 2530.00 0.50 3.70 0.61 8.10 0.10
3987 1959 6 860.00 -1.60 1.10 0.53 4.40 0.40
3987 1959 7 400.00 -2.30 3.90 0.64 4.80 8.10
3987 1959 8 1400.00 0.40 4.60 0.63 3.90 5.90
3987 1959 9 1000.00 -5.10 0.80 0.47 4.60 0.00
3987 1959 10 2570.00 -7.20 -2.80 0.37 3.80 0.00
3987 1959 11 2160.00 -10.00 -1.30 0.41 5.10 1.00
3987 1959 12 1110.00 -7.80 -0.80 0.43 6.30 5.30
3987 1959 13 1620.00 -7.90 -0.50 0.43 5.20 0.60
3987 1959 14 1530.00 -10.60 0.40 0.49 6.30 1.20
3987 1959 15 3530.00 -10.00 -0.60 0.31 3.10 0.30
3987 1959 16 4750.00 -10.80 -5.00 0.28 2.20 0.00
3987 1959 17 1040.00 -11.80 0.40 0.51 4.50 0.90
3987 1959 18 1070.00 -2.80 0.40 0.49 5.40 1.30
3987 1959 19 2980.00 -0.10 4.40 0.59 5.00 0.00
3987 1959 20 1830.00 2.90 6.30 0.59 7.00 0.00
3987 1959 21 3070.00 4.00 8.60 0.71 8.40 0.00
3987 1959 22 2730.00 4.50 12.10 0.75 7.90 0.10
3987 1959 23 2440.00 0.90 11.40 0.67 7.50 5.80
3987 1959 24 2150.00 -0.10 3.10 0.55 9.70 2.20
3987 1959 25 3430.00 -1.10 2.60 0.45 8.80 0.30
3987 1959 26 1960.00 -2.60 2.60 0.60 6.00 0.00
3987 1959 27 1660.00 0.40 3.10 0.60 4.30 0.00
3987 1959 28 1120.00 -1.60 1.80 0.48 1.10 0.00
3987 1959 29 5450.00 -4.30 4.20 0.49 2.00 0.00
3987 1959 30 5230.00 -5.20 5.30 0.49 1.90 0.00
3987 1959 31 610.00 -4.80 0.90 0.57 4.60 6.80
3987 1959 32 2740.00 -1.10 0.70 0.51 5.40 0.00
3987 1959 33 2420.00 -2.60 1.00 0.41 2.20 0.00
3987 1959 34 4910.00 -5.70 1.70 0.48 2.10 0.00
3987 1959 35 2120.00 -2.20 0.40 0.53 4.10 0.00
3987 1959 36 4270.00 -3.60 1.10 0.47 4.00 0.00
3987 1959 37 1860.00 -5.70 -3.10 0.40 2.30 0.00
3987 1959 38 2610.00 -7.10 -2.10 0.41 4.00 0.00
3987 1959 39 6910.00 -8.50 0.20 0.36 3.30 0.00
3987 1959 40 6700.00 -10.00 0.20 0.36 3.90 0.00
3987 1959 41 5410.00 -8.80 1.60 0.40 3.50 0.00
3987 1959 42 6790.00 -7.20 3.40 0.41 4.40 0.00
3987 1959 43 3230.00 -9.40 -6.60 0.29 4.70 0.00
3987 1959 44 5870.00 -11.00 0.60 0.35 3.80 0.00
3987 1959 45 6650.00 -9.10 3.60 0.39 2.50 0.00
3987 1959 46 4240.00 -6.00 4.70 0.55 3.90 1.10
3987 1959 47 1200.00 -1.00 1.60 0.57 1.80 0.00
3987 1959 48 1240.00 -1.30 2.50 0.68 3.10 0.40
3987 1959 49 1360.00 1.40 4.30 0.75 3.90 0.20
3987 1959 50 1710.00 -1.20 3.50 0.59 4.40 0.00
3987 1959 51 7530.00 -2.30 9.70 0.57 8.10 1.40
3987 1959 52 4700.00 -2.10 2.90 0.48 10.80 2.70
3987 1959 53 7200.00 -2.90 3.30 0.43 7.70 0.00
3987 1959 54 2020.00 -1.90 4.00 0.69 4.70 1.00
3987 1959 55 2870.00 2.90 7.40 0.79 7.20 0.70
3987 1959 56 7270.00 3.20 11.10 0.83 5.60 0.00
3987 1959 57 5110.00 4.30 10.70 0.75 5.30 0.00
3987 1959 58 7440.00 3.90 12.30 0.84 5.10 0.00
3987 1959 59 8890.00 3.80 16.90 0.84 3.20 0.00
3987 1959 60 10380.00 1.60 15.90 0.81 4.50 0.00
3987 1959 61 8970.00 4.70 17.60 0.85 4.20 0.00
3987 1959 62 10390.00 1.40 16.30 0.83 4.10 0.00
3987 1959 63 4160.00 4.30 13.00 0.91 3.90 3.30
3987 1959 64 9900.00 3.90 14.30 0.88 4.20 0.20
3987 1959 65 5650.00 7.90 16.70 1.01 4.40 1.00
3987 1959 66 4940.00 6.50 12.70 1.01 3.00 0.00
3987 1959 67 4290.00 3.90 9.90 0.80 3.70 0.00
3987 1959 68 14140.00 -3.00 7.30 0.39 3.50 0.00
3987 1959 69 14640.00 -3.30 6.50 0.41 7.30 0.00
3987 1959 70 14720.00 -2.00 9.60 0.37 8.00 0.00
3987 1959 71 12070.00 -2.80 6.20 0.44 7.00 0.00
3987 1959 72 13450.00 -2.60 6.60 0.44 4.60 0.00
3987 1959 73 2030.00 -0.10 2.30 0.55 2.20 0.00
3987 1959 74 3770.00 -0.30 3.90 0.47 3.10 0.10
3987 1959 75 6270.00 -1.30 6.50 0.53 3.80 0.10
3987 1959 76 5160.00 1.10 5.30 0.53 4.30 0.00
3987 1959 77 4370.00 1.30 10.80 0.65 4.50 0.00
3987 1959 78 13490.00 1.30 13.60 0.64 3.90 0.00
3987 1959 79 14790.00 1.20 15.80 0.68 4.70 0.00
3987 1959 80 15150.00 2.70 18.90 0.71 5.20 0.00
3987 1959 81 12510.00 3.50 21.10 0.79 3.80 0.00
3987 1959 82 7110.00 8.70 17.40 1.12 2.50 1.10
3987 1959 83 9820.00 5.60 13.30 0.89 2.30 0.20
3987 1959 84 12990.00 3.70 15.60 0.87 5.70 0.00
3987 1959 85 5500.00 4.20 11.60 0.85 4.40 0.30
3987 1959 86 14030.00 4.40 15.50 0.69 3.90 0.00
3987 1959 87 4820.00 5.60 11.50 0.91 4.80 4.80
3987 1959 88 13500.00 1.00 13.70 0.69 2.90 0.00
3987 1959 89 12950.00 1.10 15.10 0.60 4.30 0.00
3987 1959 90 17920.00 2.20 13.70 0.64 4.60 0.00
3987 1959 91 17320.00 1.20 15.70 0.68 3.40 0.00
3987 1959 92 11720.00 6.50 15.70 0.79 3.70 0.00
3987 1959 93 19540.00 0.80 16.50 0.56 3.60 0.00
3987 1959 94 13830.00 3.70 17.00 0.79 3.90 0.00
3987 1959 95 8110.00 5.00 16.40 0.84 6.70 4.10
3987 1959 96 16970.00 1.10 13.10 0.67 5.10 6.20
3987 1959 97 9700.00 4.30 10.20 0.75 6.60 0.50
3987 1959 98 8200.00 1.80 13.50 0.79 6.90 2.10
3987 1959 99 9000.00 6.70 15.50 0.91 3.70 16.80
3987 1959 100 9320.00 5.10 11.90 0.84 5.50 1.70
3987 1959 101 11360.00 3.30 11.60 0.80 5.40 1.30
3987 1959 102 9680.00 3.90 14.90 0.91 5.00 0.70
3987 1959 103 14420.00 6.50 19.60 1.16 3.20 0.00
3987 1959 104 21640.00 7.40 23.90 1.13 5.00 0.00
3987 1959 105 22100.00 8.10 24.50 0.97 4.70 0.00
3987 1959 106 21630.00 8.20 23.40 0.93 5.40 0.00
3987 1959 107 20090.00 8.80 22.90 1.09 4.90 0.00
3987 1959 108 11350.00 12.60 19.30 1.35 3.10 0.10
3987 1959 109 4830.00 1.30 12.60 0.61 6.20 0.10
3987 1959 110 22890.00 0.10 9.10 0.37 5.40 0.00
3987 1959 111 14430.00 -0.90 10.00 0.61 3.30 0.00
3987 1959 112 9750.00 4.20 11.50 0.79 3.50 6.80
3987 1959 113 6400.00 4.60 10.20 1.00 3.40 5.40
3987 1959 114 12290.00 5.80 13.40 0.75 2.50 0.00
3987 1959 115 24680.00 1.50 16.90 0.64 4.80 0.00
3987 1959 116 21680.00 4.40 21.50 0.80 5.00 0.10
3987 1959 117 10170.00 10.10 17.00 1.00 3.50 4.20
3987 1959 118 20510.00 6.30 21.10 1.04 4.40 3.50
3987 1959 119 11940.00 10.40 17.60 1.21 2.80 0.00
3987 1959 120 20020.00 8.90 22.10 1.16 4.30 0.00
3987 1959 121 19970.00 9.80 23.30 1.24 3.50 3.70
3987 1959 122 1940.00 6.10 13.70 1.07 4.90 27.40
3987 1959 123 16370.00 4.40 13.40 0.83 4.90 0.00
3987 1959 124 12810.00 6.40 16.50 0.92 4.40 1.80
3987 1959 125 23380.00 4.30 14.00 0.72 2.80 0.00
3987 1959 126 18490.00 4.90 16.90 0.76 2.50 0.00
3987 1959 127 25050.00 5.00 20.00 0.85 3.60 0.00
3987 1959 128 22540.00 6.90 23.60 1.04 4.00 0.00
3987 1959 129 19680.00 10.50 24.60 1.05 5.40 0.00
3987 1959 130 25160.00 11.50 25.60 0.97 6.80 0.00
3987 1959 131 27210.00 11.80 23.20 0.80 6.30 0.00
3987 1959 132 27000.00 9.00 20.90 0.76 5.30 0.00
3987 1959 133 14100.00 6.60 17.10 0.89 2.90 1.40
3987 1959 134 12480.00 7.10 16.60 1.04 2.10 4.80
3987 1959 135 15570.00 8.40 19.00 1.13 2.20 0.00
3987 1959 136 19680.00 10.00 23.50 1.07 2.50 0.00
3987 1959 137 24390.00 9.20 24.80 1.21 2.70 0.00
3987 1959 138 21800.00 10.50 25.30 1.24 2.40 0.00
3987 1959 139 20460.00 13.20 22.90 1.32 3.60 9.60
3987 1959 140 9880.00 10.10 16.60 1.29 2.90 0.00
3987 1959 141 15080.00 9.30 19.10 1.09 3.60 0.00
3987 1959 142 28820.00 7.20 19.10 0.89 4.30 0.00
3987 1959 143 30040.00 5.70 19.60 0.72 4.40 0.00
3987 1959 144 27870.00 7.70 22.50 0.85 2.20 0.00
3987 1959 145 26300.00 9.10 23.80 0.97 2.60 0.00
3987 1959 146 17470.00 10.10 16.10 1.00 6.60 0.00
3987 1959 147 15320.00 8.50 18.20 0.92 4.70 0.00
3987 1959 148 14600.00 8.60 15.80 0.92 2.70 0.90
3987 1959 149 14190.00 8.20 16.40 0.97 2.50 0.00
3987 1959 150 24920.00 9.80 22.00 0.77 2.90 0.00
3987 1959 151 24760.00 8.20 23.60 0.88 2.40 0.00
3987 1959 152 21620.00 11.40 22.80 1.24 2.80 0.00
3987 1959 153 19540.00 11.60 17.60 0.92 5.60 0.00
3987 1959 154 14990.00 13.00 21.70 1.23 6.00 0.00
3987 1959 155 23690.00 9.30 23.70 1.12 2.50 0.00
3987 1959 156 29430.00 9.60 25.50 1.00 3.90 0.00
3987 1959 157 29260.00 11.30 29.40 0.99 4.30 0.00
3987 1959 158 25100.00 13.90 31.90 1.29 4.40 0.00
3987 1959 159 9260.00 15.20 24.00 1.63 2.80 26.60
3987 1959 160 14030.00 12.40 20.60 1.39 3.90 3.10
3987 1959 161 18680.00 10.30 18.90 1.07 4.70 0.00
3987 1959 162 16620.00 8.20 17.70 1.07 3.60 0.00
3987 1959 163 19960.00 8.60 21.90 1.21 5.10 0.00
3987 1959 164 26470.00 13.60 25.40 1.15 5.50 0.00
3987 1959 165 27580.00 10.00 25.60 1.27 4.30 0.00
3987 1959 166 22950.00 9.60 22.90 1.00 6.30 0.00
3987 1959 167 16140.00 7.90 17.20 0.84 6.80 0.00
3987 1959 168 24410.00 11.40 25.50 1.15 5.40 0.00
3987 1959 169 25940.00 13.40 29.80 1.47 4.10 1.40
3987 1959 170 29940.00 10.40 22.50 0.92 3.10 0.00
3987 1959 171 30550.00 7.60 22.90 0.91 2.70 0.00
3987 1959 172 31420.00 8.50 26.50 0.81 4.60 0.00
3987 1959 173 27580.00 14.20 27.40 0.92 6.40 0.00
3987 1959 174 30790.00 11.00 24.80 0.84 5.00 0.00
3987 1959 175 30450.00 9.60 24.60 0.93 3.90 0.00
3987 1959 176 18240.00 11.30 25.20 1.32 3.10 0.00
3987 1959 177 28830.00 10.20 25.90 1.03 3.60 0.00
3987 1959 178 24800.00 12.30 29.00 1.40 3.50 2.20
3987 1959 179 16570.00 12.50 23.10 1.61 4.10 0.90
3987 1959 180 19390.00 13.90 24.20 1.21 3.50 0.00
3987 1959 181 21230.00 12.00 21.50 1.28 4.50 0.30
3987 1959 182 17810.00 12.70 22.60 1.41 5.80 1.50
3987 1959 183 9480.00 12.90 20.60 1.47 7.30 7.50
3987 1959 184 7400.00 12.30 18.40 1.61 5.80 3.30
3987 1959 185 8100.00 14.40 20.10 1.51 3.30 0.00
3987 1959 186 21830.00 13.20 26.50 1.52 2.10 0.00
3987 1959 187 22470.00 14.20 30.30 1.67 3.50 2.00
3987 1959 188 26580.00 16.50 26.30 1.37 4.20 0.00
3987 1959 189 29450.00 13.90 30.30 1.45 2.60 0.00
3987 1959 190 28360.00 16.90 34.70 1.51 4.40 0.00
3987 1959 191 25290.00 20.10 38.20 1.75 3.50 0.00
3987 1959 192 25900.00 18.50 38.40 1.48 4.10 0.00
3987 1959 193 17690.00 19.30 31.40 1.99 2.70 0.70
3987 1959 194 23050.00 17.60 26.60 1.32 4.00 0.00
3987 1959 195 25930.00 11.90 25.20 1.04 3.10 0.00
3987 1959 196 23680.00 11.40 25.00 1.19 2.90 0.00
3987 1959 197 21850.00 13.40 24.30 1.21 2.60 0.00
3987 1959 198 21880.00 13.70 27.00 1.25 2.10 0.00
3987 1959 199 21130.00 14.20 28.40 1.45 3.10 0.50
3987 1959 200 6320.00 16.90 22.70 2.00 2.60 4.50
3987 1959 201 5710.00 17.70 21.90 2.09 3.30 2.50
3987 1959 202 3520.00 16.70 19.80 1.89 3.90 18.90
3987 1959 203 2120.00 14.90 17.40 1.73 5.10 34.70
3987 1959 204 7060.00 14.60 20.40 1.81 3.80 1.00
3987 1959 205 13430.00 16.00 25.10 1.92 2.30 0.00
3987 1959 206 24380.00 15.10 28.80 1.81 2.90 0.00
3987 1959 207 25340.00 15.80 28.20 1.72 2.30 0.00
3987 1959 208 23050.00 15.40 27.40 1.77 2.60 0.00
3987 1959 209 21470.00 16.10 28.90 1.68 3.30 0.00
3987 1959 210 11980.00 14.90 23.60 1.73 2.30 0.40
3987 1959 211 18800.00 13.40 23.80 1.40 3.40 0.00
3987 1959 212 16550.00 12.80 23.90 1.29 2.90 0.00
3987 1959 213 16070.00 13.00 24.80 1.45 3.40 0.20
3987 1959 214 10660.00 14.00 21.90 1.53 4.50 0.90
3987 1959 215 9250.00 15.00 20.80 1.51 5.20 0.00
3987 1959 216 19400.00 11.90 22.50 1.51 4.50 0.50
3987 1959 217 8900.00 11.60 18.70 1.44 4.40 1.20
3987 1959 218 13570.00 14.50 21.20 1.59 3.80 0.80
3987 1959 219 15900.00 13.30 25.00 1.60 2.50 0.00
3987 1959 220 14420.00 16.00 25.60 1.55 2.40 0.00
3987 1959 221 20840.00 16.40 29.80 1.76 3.10 0.00
3987 1959 222 17310.00 17.20 29.80 1.87 2.30 0.00
3987 1959 223 15320.00 17.30 26.70 1.87 3.90 0.00
3987 1959 224 22520.00 13.80 28.60 1.63 2.30 0.00
3987 1959 225 10530.00 17.10 25.70 2.13 2.40 2.40
3987 1959 226 17650.00 16.30 24.80 2.04 3.60 0.50
3987 1959 227 13370.00 17.50 26.70 2.08 2.20 34.60
3987 1959 228 1600.00 12.90 18.70 1.59 5.50 39.40
3987 1959 229 17770.00 13.60 25.10 1.83 3.20 0.00
3987 1959 230 17190.00 15.40 26.50 1.79 3.00 0.00
3987 1959 231 18110.00 14.00 26.70 1.76 2.70 0.00
3987 1959 232 21800.00 13.80 28.10 1.51 3.40 0.00
3987 1959 233 21520.00 15.30 29.50 1.56 4.50 0.00
3987 1959 234 21710.00 15.10 30.30 1.53 4.50 0.00
3987 1959 235 17570.00 16.00 29.00 1.96 2.40 0.00
3987 1959 236 19510.00 15.30 28.60 1.87 2.20 0.00
3987 1959 237 14760.00 16.70 27.00 1.93 5.40 0.00
3987 1959 238 11010.00 18.70 26.10 1.84 7.10 0.00
3987 1959 239 20130.00 12.40 21.40 1.15 6.50 0.00
3987 1959 240 7910.00 10.60 17.10 1.19 4.00 0.00
3987 1959 241 17780.00 7.80 18.40 1.01 4.80 0.20
3987 1959 242 14720.00 6.40 18.90 0.93 3.40 0.00
3987 1959 243 8450.00 6.50 17.90 1.19 2.10 0.50
3987 1959 244 17170.00 7.30 19.90 0.99 2.60 0.00
3987 1959 245 19840.00 8.00 22.10 1.09 2.20 0.00
3987 1959 246 13580.00 8.90 21.80 1.33 2.80 0.00
3987 1959 247 19020.00 9.60 24.20 1.35 2.10 0.00
3987 1959 248 17480.00 10.20 24.00 1.27 2.80 0.00
3987 1959 249 16660.00 9.40 22.80 1.23 3.10 0.00
3987 1959 250 17300.00 9.30 23.50 1.11 2.60 0.00
3987 1959 251 16400.00 10.60 24.80 1.19 3.00 0.00
3987 1959 252 16520.00 11.30 24.10 1.32 2.60 0.00
3987 1959 253 16650.00 8.20 24.40 1.21 2.30 0.00
3987 1959 254 17710.00 9.60 25.30 1.25 2.90 0.00
3987 1959 255 16150.00 11.10 26.60 1.15 3.60 0.00
3987 1959 256 13200.00 14.00 23.70 1.24 4.40 0.00
3987 1959 257 17310.00 7.20 21.60 0.92 3.00 0.00
3987 1959 258 17350.00 8.00 23.50 1.00 3.00 0.00
3987 1959 259 11190.00 9.20 20.60 1.03 4.70 0.00
3987 1959 260 16270.00 2.80 18.00 0.69 2.50 0.00
3987 1959 261 16320.00 4.10 19.70 0.73 2.40 0.00
3987 1959 262 15860.00 4.90 21.30 1.03 2.50 0.00
3987 1959 263 7530.00 8.10 16.80 1.15 2.60 0.00
3987 1959 264 14690.00 6.90 24.20 1.01 4.00 0.00
3987 1959 265 5400.00 13.60 19.00 1.29 6.20 0.00
3987 1959 266 12690.00 9.80 19.30 1.09 5.90 0.00
3987 1959 267 10325.89 9.30 17.70 1.15 3.50 3.70
3987 1959 268 15490.00 4.60 17.50 0.87 2.70 0.00
3987 1959 269 14830.00 3.40 20.00 0.83 3.80 0.00
3987 1959 270 8620.00 9.50 17.90 0.88 4.90 0.00
3987 1959 271 9650.00 5.70 16.60 0.93 3.70 0.00
3987 1959 272 14570.00 3.00 15.60 0.75 3.00 0.00
3987 1959 273 14930.00 3.20 16.90 0.76 2.90 0.00
3987 1959 274 14290.00 3.40 19.10 0.79 2.20 0.00
3987 1959 275 12060.00 4.90 22.10 0.81 2.70 0.00
3987 1959 276 10270.00 7.90 22.30 1.11 3.00 0.00
3987 1959 277 2850.00 6.80 13.40 0.99 3.80 0.00
3987 1959 278 13920.00 -0.20 12.10 0.49 5.30 0.00
3987 1959 279 12910.00 -1.50 14.80 0.47 5.00 0.00
3987 1959 280 12850.00 1.70 17.90 0.56 4.80 0.00
3987 1959 281 11810.00 2.50 18.90 0.71 3.50 0.00
3987 1959 282 11930.00 5.20 18.60 0.88 4.40 0.00
3987 1959 283 12180.00 2.80 16.50 0.75 4.20 0.00
3987 1959 284 12100.00 1.80 15.70 0.69 4.40 0.00
3987 1959 285 11330.00 1.70 14.80 0.72 2.50 0.00
3987 1959 286 9530.00 2.00 15.00 0.75 1.60 0.00
3987 1959 287 9850.00 1.70 15.50 0.79 1.60 0.00
3987 1959 288 6040.00 4.50 13.30 0.80 2.60 0.00
3987 1959 289 9120.00 0.20 15.40 0.69 4.20 0.00
3987 1959 290 9560.00 1.80 17.90 0.63 4.40 0.00
3987 1959 291 7280.00 2.80 18.80 0.85 5.30 0.00
3987 1959 292 6730.00 5.20 18.30 0.93 4.60 0.00
3987 1959 293 1110.00 7.90 12.80 1.16 3.70 6.40
3987 1959 294 7320.00 5.90 13.60 0.92 5.50 0.30
3987 1959 295 1560.00 8.50 12.10 1.04 8.00 8.50
3987 1959 296 6220.00 6.60 13.80 0.95 7.50 4.10
3987 1959 297 2660.00 7.90 12.30 1.04 5.10 0.10
3987 1959 298 1750.00 6.50 10.90 0.84 6.90 0.20
3987 1959 299 6970.00 3.00 10.90 0.69 6.20 0.00
3987 1959 300 6060.00 4.30 15.00 0.79 7.70 0.00
3987 1959 301 3610.00 7.90 14.40 0.97 4.30 1.50
3987 1959 302 360.00 5.80 8.60 0.97 5.30 29.80
3987 1959 303 2810.00 3.80 8.20 0.77 5.70 0.10
3987 1959 304 1020.00 3.40 5.90 0.83 3.60 4.40
3987 1959 305 5480.00 0.60 9.40 0.79 2.60 0.20
3987 1959 306 2580.00 1.90 7.70 0.80 1.90 0.00
3987 1959 307 5740.00 1.60 9.70 0.76 2.80 0.00
3987 1959 308 1810.00 1.50 3.10 0.72 1.80 2.40
3987 1959 309 780.00 2.30 5.50 0.81 1.70 1.10
3987 1959 310 560.00 3.00 5.20 0.73 2.60 0.00
3987 1959 311 2240.00 1.80 5.60 0.68 2.30 0.00
3987 1959 312 2780.00 0.80 7.80 0.75 2.30 0.00
3987 1959 313 4990.00 -1.70 7.10 0.63 3.10 0.00
3987 1959 314 2160.00 0.50 6.00 0.68 5.50 4.00
3987 1959 315 2570.00 3.10 6.70 0.80 3.00 0.20
3987 1959 316 3610.00 -0.40 6.50 0.69 3.90 0.10
3987 1959 317 2360.00 0.60 6.00 0.75 3.50 0.00
3987 1959 318 4400.00 1.70 10.80 0.87 4.10 0.00
3987 1959 319 580.00 6.00 8.30 0.91 3.30 2.20
3987 1959 320 520.00 0.30 6.20 0.67 5.80 6.60
3987 1959 321 720.00 -1.40 1.30 0.52 5.40 0.00
3987 1959 322 650.00 -1.30 2.40 0.64 6.10 4.20
3987 1959 323 2900.00 0.70 10.10 0.84 4.60 0.10
3987 1959 324 4290.00 2.10 10.30 0.83 5.20 0.00
3987 1959 325 1570.00 1.60 4.80 0.79 6.20 0.10
3987 1959 326 3770.00 2.10 7.00 0.75 3.90 0.10
3987 1959 327 4530.00 -0.90 6.00 0.60 4.00 0.10
3987 1959 328 4360.00 -3.40 4.80 0.49 3.70 0.00
3987 1959 329 600.00 -3.40 0.60 0.49 2.30 0.00
3987 1959 330 3110.00 -3.20 2.60 0.53 4.60 0.20
3987 1959 331 2750.00 -3.90 3.20 0.57 4.20 3.00
3987 1959 332 2490.00 2.30 8.00 0.77 5.00 0.60
3987 1959 333 3690.00 2.10 9.20 0.75 4.20 0.00
3987 1959 334 1790.00 -0.20 3.60 0.71 5.60 0.10
3987 1959 335 1820.00 2.20 8.90 0.81 5.50 0.00
3987 1959 336 600.00 1.90 4.70 0.73 3.70 0.50
3987 1959 337 1110.00 0.90 3.70 0.72 3.00 0.00
3987 1959 338 2120.00 -0.90 2.80 0.64 2.50 0.20
3987 1959 339 1950.00 -1.00 3.10 0.67 1.70 5.20
3987 1959 340 900.00 -6.40 2.60 0.47 4.60 0.00
3987 1959 341 820.00 -9.10 -6.30 0.29 8.50 0.10
3987 1959 342 1540.00 -8.70 -6.60 0.29 8.10 0.00
3987 1959 343 1444.98 -7.90 -5.60 0.33 2.10 0.50
3987 1959 344 1080.00 -6.60 -2.40 0.41 2.50 0.00
3987 1959 345 440.00 -4.90 -2.30 0.43 4.60 0.00
3987 1959 346 690.00 -4.40 -0.90 0.51 1.70 0.00
3987 1959 347 440.00 -1.30 -0.10 0.52 1.00 0.10
3987 1959 348 1650.00 -2.50 -1.10 0.49 2.00 0.10
3987 1959 349 1570.00 -4.00 0.30 0.48 3.20 0.00
3987 1959 350 2410.00 -7.00 -0.70 0.41 4.30 0.00
3987 1959 351 1490.00 -3.50 4.00 0.63 5.50 7.70
3987 1959 352 2370.00 2.20 7.60 0.79 5.00 0.00
3987 1959 353 2460.00 0.80 6.80 0.73 5.20 0.30
3987 1959 354 1660.00 0.60 6.60 0.79 6.50 5.00
3987 1959 355 690.00 4.30 6.90 0.88 4.60 7.30
3987 1959 356 2080.00 -0.20 4.70 0.69 4.00 0.10
3987 1959 357 1700.00 -0.50 7.00 0.69 6.10 0.40
3987 1959 358 1700.00 2.40 5.90 0.77 3.80 0.70
3987 1959 359 2590.00 -3.40 5.10 0.68 4.00 7.80
3987 1959 360 2213.48 3.50 7.20 0.81 6.70 15.30
3987 1959 361 3120.00 4.00 8.70 0.72 7.00 2.00
3987 1959 362 2570.00 3.50 8.30 0.76 4.70 0.00
3987 1959 363 990.00 2.60 5.90 0.76 4.30 0.40
3987 1959 364 750.00 3.00 8.70 0.75 8.60 3.20
3987 1959 365 2000.00 2.80 7.90 0.77 5.00 0.00
