*---------------------------------------------------------------------------*
* Station name: Potsdam Saekularstation
* Year: 1967
* Author: Pedro Alencar                                   -999.000: NIL VALUE
* Source: DWD
* Comments: Gaps filled with interpolation and storical means
* Longitude: 13.0622, latitude: 52.3812, altitude: 82.0 m.
*
    * Column  Daily value
    * 1       station number
    * 2       year
    * 3       day
    * 4       irradiation                   (kJ m-2 d-1)
    * 5       minimum temperature           (degrees Celsius
    * 6       maximum temperature           (degrees Celsius)
    * 7       early morning vapour pressure (kPa)
    * 8       mean wind speed (height: 2 m) (m s-1)
    * 9       precipitation                 (mm d-1)
    *
** WCCDESCRIPTION=Potsdam, Germany
** WCCFORMAT=2
** WCCYEARNR=1967
*---------------------------------------------------------------------------*
   13.0622 52.3812 82.0 -0.18 -0.55
3987 1967 1 1780.00 1.70 6.50 0.67 6.80 2.40
3987 1967 2 700.00 0.30 3.10 0.59 9.90 2.40
3987 1967 3 520.00 -0.40 2.80 0.61 7.90 5.90
3987 1967 4 1490.00 -2.60 0.70 0.53 3.70 2.60
3987 1967 5 2000.00 -3.80 -0.30 0.52 2.30 2.20
3987 1967 6 1280.00 -4.40 -2.20 0.44 2.10 0.00
3987 1967 7 1370.00 -4.40 -2.70 0.42 2.60 1.00
3987 1967 8 3080.00 -12.30 -3.50 0.30 2.30 0.00
3987 1967 9 2770.00 -12.90 -8.40 0.23 1.70 0.00
3987 1967 10 2900.00 -17.20 -5.70 0.26 4.10 0.60
3987 1967 11 320.00 -5.90 1.60 0.58 8.40 4.00
3987 1967 12 3580.00 -1.90 2.10 0.55 6.20 4.40
3987 1967 13 960.00 0.20 5.50 0.72 9.10 2.80
3987 1967 14 4240.00 1.00 6.60 0.65 7.70 0.00
3987 1967 15 730.00 -0.10 4.00 0.72 3.90 1.50
3987 1967 16 1850.00 -1.60 3.30 0.59 2.00 1.30
3987 1967 17 1450.00 -0.10 3.00 0.65 2.10 0.00
3987 1967 18 3330.00 -3.30 1.60 0.54 4.10 0.00
3987 1967 19 4290.00 -0.40 6.40 0.61 4.60 0.00
3987 1967 20 4320.00 -2.50 3.10 0.51 4.20 0.00
3987 1967 21 1490.00 -2.10 6.30 0.65 4.80 0.40
3987 1967 22 2160.00 2.00 5.70 0.71 4.20 0.30
3987 1967 23 3120.00 -0.30 3.60 0.63 3.30 0.00
3987 1967 24 910.00 -0.20 1.50 0.61 4.40 2.20
3987 1967 25 1280.00 0.60 3.00 0.69 2.80 0.60
3987 1967 26 990.00 2.40 5.60 0.76 7.40 2.50
3987 1967 27 1410.00 -1.20 5.30 0.47 6.00 0.00
3987 1967 28 680.00 -3.50 6.40 0.66 5.70 11.30
3987 1967 29 320.00 6.20 8.60 0.99 5.00 8.10
3987 1967 30 870.00 0.50 7.10 0.74 6.40 0.00
3987 1967 31 3990.00 -0.30 6.10 0.63 6.30 0.30
3987 1967 32 1820.00 3.80 8.60 0.78 5.70 0.70
3987 1967 33 1070.00 5.80 9.20 0.98 5.90 6.90
3987 1967 34 690.00 8.80 10.80 1.12 8.20 2.80
3987 1967 35 2410.00 5.70 10.40 0.75 9.20 0.50
3987 1967 36 2820.00 4.00 6.90 0.74 6.90 0.10
3987 1967 37 1530.00 3.90 6.10 0.72 6.60 0.50
3987 1967 38 5230.00 2.70 6.60 0.64 5.10 0.00
3987 1967 39 6150.00 -0.10 3.10 0.49 6.60 0.00
3987 1967 40 6810.00 -4.40 2.30 0.47 4.10 1.00
3987 1967 41 1660.00 -2.70 1.50 0.58 3.20 3.30
3987 1967 42 2710.00 -2.10 0.40 0.55 2.60 0.00
3987 1967 43 1820.00 -3.20 -1.50 0.45 2.60 0.00
3987 1967 44 8740.00 -6.20 0.30 0.29 5.40 0.00
3987 1967 45 9070.00 -8.50 0.90 0.25 5.90 0.00
3987 1967 46 7990.00 -6.70 2.70 0.38 6.80 0.00
3987 1967 47 7900.00 -3.30 3.90 0.42 6.30 0.00
3987 1967 48 6080.00 -3.90 5.70 0.41 5.10 0.00
3987 1967 49 2740.00 -1.30 4.10 0.57 3.50 0.10
3987 1967 50 3700.00 -1.30 5.00 0.69 7.20 6.40
3987 1967 51 5870.00 3.30 8.50 0.74 7.20 11.70
3987 1967 52 1980.00 0.50 7.60 0.67 11.70 3.10
3987 1967 53 4180.00 3.20 7.80 0.65 9.00 0.70
3987 1967 54 2620.00 2.30 13.20 0.73 9.90 1.00
3987 1967 55 6370.00 3.10 7.80 0.58 11.80 0.00
3987 1967 56 8620.00 -1.00 8.90 0.63 4.00 0.00
3987 1967 57 7450.00 -0.30 11.20 0.69 4.10 1.70
3987 1967 58 6410.00 5.30 12.60 0.88 5.00 3.60
3987 1967 59 1910.00 3.90 8.80 0.81 9.80 12.30
3987 1967 60 11000.00 1.70 8.80 0.57 10.10 0.10
3987 1967 61 3610.00 2.60 6.30 0.69 8.60 7.60
3987 1967 62 1650.00 0.90 7.60 0.73 10.60 0.60
3987 1967 63 4460.00 6.50 10.50 0.82 7.50 0.00
3987 1967 64 8140.00 2.00 11.30 0.76 4.20 0.00
3987 1967 65 9220.00 3.70 14.70 0.87 4.10 0.00
3987 1967 66 11610.00 1.90 14.70 0.80 4.50 0.00
3987 1967 67 11480.00 2.60 14.30 0.83 5.00 0.00
3987 1967 68 10230.00 1.90 17.90 0.86 4.60 0.00
3987 1967 69 9240.00 8.80 15.30 0.83 6.40 0.00
3987 1967 70 5030.00 5.10 12.20 0.84 6.40 3.80
3987 1967 71 5370.00 2.40 7.40 0.66 7.60 1.80
3987 1967 72 7140.00 0.40 7.70 0.60 6.20 0.20
3987 1967 73 11000.00 0.30 10.10 0.61 6.90 0.00
3987 1967 74 11690.00 5.50 14.70 0.80 8.00 0.00
3987 1967 75 8030.00 2.50 11.60 0.67 8.20 1.00
3987 1967 76 8920.00 0.80 6.90 0.65 7.30 8.30
3987 1967 77 6130.00 2.40 7.20 0.76 6.90 2.30
3987 1967 78 4570.00 0.80 4.60 0.69 7.50 5.00
3987 1967 79 11310.00 2.50 9.40 0.57 8.30 0.00
3987 1967 80 2610.00 2.50 9.60 0.89 6.90 0.30
3987 1967 81 5440.00 6.30 11.30 0.87 7.60 1.50
3987 1967 82 9790.00 1.70 9.00 0.72 8.90 2.40
3987 1967 83 12200.00 1.30 8.20 0.61 8.50 0.60
3987 1967 84 6640.00 1.40 9.50 0.68 5.80 0.10
3987 1967 85 13860.00 2.20 18.10 0.73 6.60 0.90
3987 1967 86 14770.00 2.10 14.60 0.68 6.50 5.00
3987 1967 87 10390.00 3.70 11.20 0.74 5.30 1.60
3987 1967 88 14530.00 -0.20 11.10 0.56 5.00 0.00
3987 1967 89 12910.00 -0.10 10.20 0.57 4.60 0.10
3987 1967 90 11640.00 2.40 10.10 0.69 3.00 0.00
3987 1967 91 12760.00 1.10 9.60 0.61 3.40 0.00
3987 1967 92 19270.00 -1.60 9.30 0.50 3.30 0.00
3987 1967 93 3600.00 1.80 8.90 0.75 4.70 4.00
3987 1967 94 7230.00 2.90 8.50 0.76 4.50 0.40
3987 1967 95 2310.00 3.90 7.80 0.84 5.60 4.60
3987 1967 96 8160.00 -0.60 8.30 0.64 3.70 7.20
3987 1967 97 14800.00 -0.30 11.90 0.68 3.40 1.30
3987 1967 98 9020.00 0.30 10.20 0.62 4.00 0.20
3987 1967 99 14960.00 1.10 15.80 0.79 5.00 0.00
3987 1967 100 2490.00 9.20 13.80 1.15 3.50 0.10
3987 1967 101 14800.00 4.60 18.50 0.88 2.40 0.00
3987 1967 102 13820.00 6.80 16.20 0.93 4.00 0.00
3987 1967 103 10140.00 4.80 12.60 0.83 4.30 0.00
3987 1967 104 4860.00 4.50 11.10 0.86 4.20 0.00
3987 1967 105 20790.00 2.30 17.10 0.71 3.40 0.00
3987 1967 106 9950.00 3.00 13.20 0.82 4.50 0.00
3987 1967 107 19640.00 5.80 18.90 0.91 7.60 0.00
3987 1967 108 13140.00 1.30 15.50 0.63 9.30 0.90
3987 1967 109 11740.00 0.20 9.20 0.63 6.90 0.40
3987 1967 110 7340.00 5.40 12.60 0.72 8.20 0.20
3987 1967 111 12290.00 4.70 11.70 0.77 6.10 1.50
3987 1967 112 19690.00 -0.80 10.10 0.57 5.30 0.00
3987 1967 113 12730.00 -0.70 7.50 0.62 2.70 2.10
3987 1967 114 19920.00 -1.80 11.30 0.55 3.70 0.80
3987 1967 115 9350.00 -0.60 10.00 0.51 5.20 0.00
3987 1967 116 19980.00 1.60 13.60 0.44 4.90 0.00
3987 1967 117 9240.00 3.10 12.40 0.69 2.70 0.00
3987 1967 118 23260.00 4.20 16.80 0.59 3.30 0.00
3987 1967 119 16900.00 5.80 15.20 0.79 6.40 0.00
3987 1967 120 15700.00 3.10 17.90 0.87 5.20 0.00
3987 1967 121 8650.00 7.60 16.80 0.97 3.60 5.70
3987 1967 122 9980.00 5.70 10.70 0.79 2.50 0.00
3987 1967 123 9500.00 4.10 10.50 0.85 2.00 2.50
3987 1967 124 22370.00 3.60 14.20 0.64 3.10 0.00
3987 1967 125 25570.00 1.50 14.50 0.64 6.10 0.00
3987 1967 126 21470.00 4.40 16.00 0.85 4.40 0.00
3987 1967 127 26050.00 8.40 20.50 0.91 3.30 0.00
3987 1967 128 17570.00 9.60 22.70 0.94 3.60 0.00
3987 1967 129 22100.00 6.90 20.70 0.91 2.70 0.00
3987 1967 130 21830.00 9.80 24.80 1.03 4.40 0.00
3987 1967 131 23710.00 10.40 20.30 1.08 5.60 0.00
3987 1967 132 22540.00 10.70 27.20 1.15 5.70 0.00
3987 1967 133 20300.00 14.20 24.30 1.46 3.90 7.60
3987 1967 134 22090.00 13.30 25.40 1.55 3.00 0.00
3987 1967 135 16210.00 12.60 23.40 1.49 5.00 0.70
3987 1967 136 14270.00 13.00 20.40 1.41 3.10 19.00
3987 1967 137 14150.00 11.10 20.30 1.36 2.90 6.00
3987 1967 138 15520.00 11.60 16.20 1.04 6.60 0.00
3987 1967 139 26000.00 2.60 16.20 0.63 4.00 0.00
3987 1967 140 13150.00 10.20 17.60 0.96 4.80 0.00
3987 1967 141 19770.00 8.20 19.30 0.98 2.90 0.00
3987 1967 142 27260.00 7.90 22.40 0.97 4.00 0.00
3987 1967 143 20740.00 9.40 22.20 1.19 4.60 0.10
3987 1967 144 15510.00 9.20 18.70 0.99 6.00 0.00
3987 1967 145 13230.00 8.40 18.30 0.96 5.40 10.20
3987 1967 146 4570.00 9.60 16.70 1.20 6.20 23.40
3987 1967 147 24970.00 7.60 20.30 1.04 3.60 0.00
3987 1967 148 29170.00 8.20 22.90 1.08 4.90 0.00
3987 1967 149 22940.00 11.60 23.60 1.46 5.30 2.00
3987 1967 150 8180.00 12.30 19.30 1.34 3.20 10.70
3987 1967 151 21040.00 12.00 22.30 1.20 3.90 0.00
3987 1967 152 16490.00 11.70 22.40 1.20 2.10 0.50
3987 1967 153 20050.00 12.20 23.30 1.40 3.10 9.40
3987 1967 154 27380.00 9.00 24.20 1.18 2.60 0.00
3987 1967 155 23160.00 11.70 24.80 1.30 3.60 2.40
3987 1967 156 22020.00 10.20 22.20 1.12 6.50 0.00
3987 1967 157 18630.00 6.30 22.30 1.18 4.10 0.00
3987 1967 158 15460.00 13.20 26.60 1.56 4.40 12.60
3987 1967 159 14600.00 10.00 17.00 1.13 3.80 0.00
3987 1967 160 24040.00 6.50 16.30 0.85 4.00 0.00
3987 1967 161 11990.00 6.20 14.60 0.93 3.80 1.50
3987 1967 162 17150.00 5.60 15.30 1.06 3.60 12.30
3987 1967 163 17290.00 8.60 15.30 0.91 5.80 0.00
3987 1967 164 13720.00 6.20 14.10 0.95 3.10 3.00
3987 1967 165 7900.00 5.40 12.30 0.94 2.20 2.60
3987 1967 166 2770.00 6.20 11.10 1.11 4.10 13.40
3987 1967 167 24470.00 8.80 21.90 1.26 2.80 0.00
3987 1967 168 29480.00 8.50 25.30 1.25 2.90 1.40
3987 1967 169 15600.00 13.30 24.30 1.48 2.60 10.00
3987 1967 170 28480.00 11.10 25.40 1.32 2.60 0.00
3987 1967 171 24630.00 12.60 24.30 1.45 3.50 11.30
3987 1967 172 12410.00 12.80 19.50 1.33 5.10 3.00
3987 1967 173 26760.00 9.10 23.80 1.23 4.60 0.00
3987 1967 174 22350.00 15.30 27.60 1.70 5.20 3.40
3987 1967 175 15440.00 13.20 23.90 1.72 4.20 6.40
3987 1967 176 21100.00 16.40 29.60 2.10 2.50 6.30
3987 1967 177 22140.00 15.00 26.60 1.50 3.50 0.00
3987 1967 178 8460.00 14.70 22.90 1.81 3.40 3.40
3987 1967 179 15660.00 13.20 19.70 1.37 6.00 0.00
3987 1967 180 25640.00 10.80 24.60 1.41 4.60 0.00
3987 1967 181 23200.00 16.60 22.60 1.47 5.20 0.00
3987 1967 182 28080.00 9.70 24.20 1.29 2.30 0.00
3987 1967 183 21900.00 13.20 29.40 1.87 3.70 0.20
3987 1967 184 11960.00 17.40 28.20 1.99 3.40 7.30
3987 1967 185 22020.00 12.50 20.60 1.29 5.00 0.00
3987 1967 186 24670.00 11.40 20.70 1.16 2.90 0.00
3987 1967 187 26450.00 10.90 23.00 1.12 2.90 0.00
3987 1967 188 23310.00 11.30 25.10 1.27 4.50 0.00
3987 1967 189 8250.00 15.40 23.40 1.71 2.90 4.40
3987 1967 190 4100.00 13.40 21.00 1.52 6.40 6.80
3987 1967 191 22880.00 12.50 21.80 1.29 4.80 0.00
3987 1967 192 26720.00 12.60 25.40 1.54 1.80 0.00
3987 1967 193 23370.00 15.70 28.00 1.81 2.50 0.00
3987 1967 194 23320.00 15.20 29.90 1.93 3.70 0.00
3987 1967 195 17070.00 16.10 29.60 2.10 2.50 19.40
3987 1967 196 19360.00 18.00 26.90 2.01 2.80 2.80
3987 1967 197 11140.00 16.20 21.80 1.75 4.30 0.00
3987 1967 198 15300.00 12.60 22.80 1.53 2.60 0.00
3987 1967 199 19020.00 13.60 24.20 1.67 3.10 0.00
3987 1967 200 25230.00 14.80 30.60 1.79 4.90 4.50
3987 1967 201 13810.00 18.60 26.30 1.91 4.30 1.20
3987 1967 202 23220.00 12.70 24.30 1.52 2.30 0.00
3987 1967 203 22260.00 15.10 26.70 1.67 3.40 0.00
3987 1967 204 15920.00 14.30 25.80 1.80 3.90 7.10
3987 1967 205 23180.00 13.40 23.20 1.48 3.00 0.00
3987 1967 206 20170.00 12.80 25.70 1.44 2.60 0.00
3987 1967 207 21810.00 13.60 25.30 1.66 2.50 0.00
3987 1967 208 18050.00 16.70 28.30 1.78 1.80 0.00
3987 1967 209 17050.00 17.80 29.80 1.88 1.90 0.00
3987 1967 210 18020.00 17.10 27.00 1.86 3.40 0.00
3987 1967 211 20500.00 15.70 28.20 1.78 2.90 0.00
3987 1967 212 20140.00 18.90 29.20 2.08 2.50 0.90
3987 1967 213 18340.00 19.00 28.00 2.14 2.80 0.00
3987 1967 214 15520.00 18.10 32.40 2.08 4.20 8.10
3987 1967 215 17680.00 15.90 26.10 1.82 4.40 21.40
3987 1967 216 14940.00 12.80 21.80 1.36 2.40 1.90
3987 1967 217 7310.00 12.00 18.40 1.47 3.70 4.70
3987 1967 218 22440.00 9.90 20.30 1.15 3.80 0.00
3987 1967 219 14580.00 12.20 21.40 1.21 2.20 0.00
3987 1967 220 22330.00 10.50 23.50 1.25 3.90 0.00
3987 1967 221 17110.00 11.70 26.90 1.59 4.00 0.00
3987 1967 222 11720.00 16.20 25.40 1.91 3.80 7.10
3987 1967 223 7750.00 14.60 20.70 1.67 5.20 0.30
3987 1967 224 15980.00 13.30 22.60 1.51 4.00 0.00
3987 1967 225 8220.00 11.90 20.00 1.42 4.00 1.10
3987 1967 226 17050.00 10.50 21.00 1.30 4.10 0.20
3987 1967 227 16510.00 13.60 21.60 1.39 5.80 2.40
3987 1967 228 10560.00 15.20 25.70 1.90 4.80 6.30
3987 1967 229 19260.00 14.30 23.20 1.38 5.40 0.00
3987 1967 230 19150.00 8.40 22.50 1.19 3.60 0.00
3987 1967 231 12970.00 12.00 22.80 1.42 4.40 0.10
3987 1967 232 14110.00 10.80 18.60 1.21 4.70 0.00
3987 1967 233 13760.00 10.20 20.70 1.34 5.30 0.00
3987 1967 234 16150.00 13.10 21.60 1.45 3.60 0.00
3987 1967 235 17760.00 10.00 23.20 1.39 2.00 0.00
3987 1967 236 18740.00 12.30 25.20 1.42 2.70 0.00
3987 1967 237 19050.00 13.50 26.10 1.51 2.70 0.00
3987 1967 238 4970.00 13.70 21.30 1.60 2.50 22.80
3987 1967 239 14520.00 12.50 21.80 1.53 3.00 0.00
3987 1967 240 11770.00 12.20 20.60 1.52 3.00 0.00
3987 1967 241 16400.00 12.40 23.00 1.46 2.60 0.00
3987 1967 242 14380.00 14.20 21.20 1.40 3.90 0.00
3987 1967 243 15640.00 12.10 22.80 1.35 4.00 0.00
3987 1967 244 8020.00 13.30 20.60 1.49 4.50 0.90
3987 1967 245 7630.00 12.10 21.90 1.60 4.70 0.30
3987 1967 246 12900.00 15.10 25.10 1.58 4.60 1.70
3987 1967 247 7200.00 13.30 23.30 1.71 4.60 3.40
3987 1967 248 18470.00 10.40 21.30 1.27 5.40 0.00
3987 1967 249 14690.00 13.60 20.90 1.25 4.10 7.60
3987 1967 250 15070.00 9.50 19.30 1.28 2.30 0.50
3987 1967 251 1400.00 11.90 15.60 1.37 3.20 6.80
3987 1967 252 4070.00 10.60 15.30 1.36 2.40 1.40
3987 1967 253 4100.00 10.40 15.10 1.33 2.90 0.60
3987 1967 254 6820.00 9.20 15.00 1.25 3.30 6.50
3987 1967 255 3320.00 10.10 14.80 1.38 2.50 8.50
3987 1967 256 4740.00 12.70 17.60 1.60 2.50 0.10
3987 1967 257 13440.00 14.20 22.40 1.64 4.90 0.00
3987 1967 258 12990.00 13.60 21.60 1.47 3.00 0.10
3987 1967 259 8320.00 13.60 21.10 1.61 3.40 2.00
3987 1967 260 8160.00 10.40 20.00 1.46 2.80 0.00
3987 1967 261 7810.00 12.80 20.00 1.62 1.70 0.00
3987 1967 262 8780.00 10.60 18.10 1.36 3.90 0.70
3987 1967 263 11060.00 11.90 17.30 1.23 5.00 0.40
3987 1967 264 5790.00 8.60 14.20 1.26 4.10 4.60
3987 1967 265 4600.00 10.70 14.60 1.29 8.30 1.50
3987 1967 266 9850.00 10.00 17.00 1.26 5.70 0.00
3987 1967 267 11491.66 7.60 20.60 1.22 3.50 0.00
3987 1967 268 12480.00 10.90 24.30 1.66 3.80 0.00
3987 1967 269 5320.00 16.00 21.60 1.90 3.70 0.00
3987 1967 270 9360.00 15.70 23.20 1.67 4.40 0.10
3987 1967 271 11060.00 10.40 20.70 1.35 1.70 0.00
3987 1967 272 11940.00 10.80 22.80 1.42 3.20 0.00
3987 1967 273 9400.00 11.20 23.70 1.56 5.70 12.80
3987 1967 274 10550.00 10.80 17.80 1.30 4.50 0.00
3987 1967 275 10570.00 8.40 19.10 1.27 5.10 0.00
3987 1967 276 10020.00 10.70 17.50 1.18 3.60 0.00
3987 1967 277 6770.00 7.70 17.90 1.16 6.90 0.30
3987 1967 278 7620.00 8.00 13.80 1.05 8.10 2.30
3987 1967 279 5830.00 8.10 14.40 1.00 6.10 0.00
3987 1967 280 2650.00 7.40 15.80 1.27 5.60 4.90
3987 1967 281 3490.00 10.20 17.30 1.32 8.00 0.20
3987 1967 282 3290.00 8.00 13.80 1.26 5.50 4.40
3987 1967 283 1420.00 13.60 15.40 1.53 6.40 0.80
3987 1967 284 7190.00 12.90 19.50 1.51 4.10 0.10
3987 1967 285 10140.00 11.40 23.70 1.33 5.20 0.00
3987 1967 286 9270.00 10.50 22.40 1.33 5.80 0.10
3987 1967 287 9160.00 7.50 16.40 1.16 4.50 0.00
3987 1967 288 2610.00 10.80 17.40 1.33 6.70 5.30
3987 1967 289 3370.00 10.60 14.10 1.23 6.60 4.80
3987 1967 290 3660.00 9.50 21.20 1.25 10.30 5.10
3987 1967 291 4710.00 4.90 14.00 0.79 7.50 2.40
3987 1967 292 5870.00 -0.50 9.30 0.74 4.20 0.00
3987 1967 293 5010.00 6.90 15.40 0.87 4.30 0.00
3987 1967 294 7820.00 6.60 19.00 1.03 5.40 0.00
3987 1967 295 5360.00 9.00 19.20 1.21 6.00 0.00
3987 1967 296 1880.00 7.20 12.60 1.14 2.20 0.00
3987 1967 297 2700.00 9.60 15.00 1.31 2.80 5.30
3987 1967 298 6640.00 6.00 13.80 1.03 3.90 0.00
3987 1967 299 3020.00 7.30 17.10 1.17 5.60 0.00
3987 1967 300 6490.00 6.80 15.50 1.04 4.70 0.10
3987 1967 301 7660.00 9.80 16.40 1.07 6.90 0.00
3987 1967 302 5330.00 8.50 12.70 0.87 6.30 0.00
3987 1967 303 6920.00 3.60 11.60 0.81 5.30 0.30
3987 1967 304 7450.00 1.40 11.90 0.73 5.10 0.00
3987 1967 305 4570.00 3.10 11.20 0.78 5.50 0.00
3987 1967 306 3030.00 4.10 13.00 0.93 5.60 0.50
3987 1967 307 2990.00 7.30 11.80 0.91 5.40 0.00
3987 1967 308 6910.00 2.40 11.80 0.74 5.00 0.00
3987 1967 309 2950.00 3.70 10.00 0.88 5.40 0.00
3987 1967 310 3690.00 4.10 9.80 0.71 5.60 0.00
3987 1967 311 4870.00 1.50 8.90 0.66 5.30 0.00
3987 1967 312 5940.00 -0.80 8.70 0.66 3.90 0.00
3987 1967 313 950.00 0.90 4.30 0.75 2.10 0.20
3987 1967 314 740.00 3.10 6.10 0.79 5.70 8.20
3987 1967 315 3980.00 1.20 7.20 0.72 5.60 1.00
3987 1967 316 3540.00 4.30 9.90 0.83 8.70 0.00
3987 1967 317 4030.00 1.90 8.80 0.69 5.60 0.00
3987 1967 318 4570.00 -0.70 9.80 0.74 4.70 0.00
3987 1967 319 940.00 5.80 9.20 0.97 3.90 2.60
3987 1967 320 2700.00 5.10 8.60 0.81 5.60 0.00
3987 1967 321 5440.00 2.00 8.00 0.70 6.20 0.00
3987 1967 322 5150.00 -0.40 7.20 0.67 6.20 0.10
3987 1967 323 4620.00 1.70 8.10 0.77 2.70 0.00
3987 1967 324 5250.00 -1.50 5.80 0.55 3.80 0.00
3987 1967 325 4400.00 -4.00 3.60 0.52 3.40 0.00
3987 1967 326 1160.00 -1.40 6.40 0.77 5.00 0.00
3987 1967 327 480.00 5.60 7.10 0.79 4.10 0.00
3987 1967 328 2080.00 2.70 6.50 0.72 2.60 0.00
3987 1967 329 3770.00 -2.60 3.60 0.53 4.60 0.00
3987 1967 330 870.00 -2.80 1.10 0.57 3.20 0.00
3987 1967 331 490.00 0.00 1.60 0.61 3.70 12.00
3987 1967 332 3400.00 0.00 1.70 0.60 5.40 9.20
3987 1967 333 950.00 0.00 6.80 0.78 6.70 0.10
3987 1967 334 2830.00 0.70 6.70 0.72 3.60 0.00
3987 1967 335 1820.00 -2.60 2.90 0.62 3.00 0.40
3987 1967 336 1540.00 2.20 4.70 0.76 4.40 0.00
3987 1967 337 440.00 2.80 5.10 0.79 7.30 0.00
3987 1967 338 3110.00 3.10 7.60 0.65 10.00 0.00
3987 1967 339 200.00 3.70 7.10 0.80 10.70 3.80
3987 1967 340 2240.00 1.20 5.10 0.63 8.10 0.50
3987 1967 341 1070.00 1.10 3.40 0.59 9.60 1.70
3987 1967 342 1360.00 -3.20 1.50 0.50 4.30 1.40
3987 1967 343 1989.02 -4.50 0.50 0.49 2.80 2.50
3987 1967 344 1960.00 -4.80 -0.80 0.46 1.60 0.10
3987 1967 345 3200.00 -8.60 -4.90 0.34 2.70 0.00
3987 1967 346 3000.00 -10.80 -4.50 0.34 4.10 1.40
3987 1967 347 650.00 -4.80 0.90 0.60 3.10 0.40
3987 1967 348 1120.00 0.10 1.40 0.63 2.20 0.70
3987 1967 349 440.00 0.70 5.30 0.76 5.70 2.40
3987 1967 350 1160.00 2.70 5.10 0.72 8.00 2.00
3987 1967 351 2030.00 -0.30 3.00 0.56 8.90 0.20
3987 1967 352 1210.00 -3.20 2.00 0.52 5.80 0.60
3987 1967 353 600.00 -3.50 0.80 0.56 7.10 1.90
3987 1967 354 1820.00 -6.40 -0.40 0.39 4.70 0.40
3987 1967 355 1320.00 -7.50 1.20 0.49 5.10 8.70
3987 1967 356 320.00 -1.50 4.40 0.72 6.90 6.10
3987 1967 357 360.00 3.70 10.20 0.95 7.10 10.10
3987 1967 358 1910.00 6.40 10.30 0.91 6.70 3.50
3987 1967 359 1370.00 4.80 6.80 0.81 5.00 0.40
3987 1967 360 360.00 1.60 4.90 0.70 3.60 1.20
3987 1967 361 2160.00 -3.00 2.20 0.43 3.20 0.00
3987 1967 362 240.00 -3.90 1.90 0.57 6.20 10.70
3987 1967 363 1870.00 -0.90 2.70 0.60 4.40 0.50
3987 1967 364 660.00 -1.90 1.60 0.54 4.20 1.00
3987 1967 365 1830.00 -5.90 1.00 0.52 4.70 0.40
